script/wind50m.json
{"header": {"parameterCategory": 2, "parameterNumber": 2, "lo1": 3.000054539987559, "la1": 64.9999836372058, "dx": 0.5, "dy": 0.25, "nx": 34, "ny": 52, "refTime": "2026-03-14T12:00:00.000Z"}, "data":
[rows 0 to 23 of 52, columns 0 to 33 of 34]
8.010389921786626,7.45598911992427,6.781458614383409,7.54041766789334,7.682227387154512,8.88235939324783,8.093020140081356,7.466945848766923,7.386843850584785,6.239732920834489,7.185762048407386,8.232667217738046,5.7032383622107075,3.4053969815935377,1.3417013457342684,-0.637126085484826,-0.5874660698597506,-2.145136422103686,-1.4395255664523587,-4.875511618879865,-1.8083312065244266,-0.7656986754829083,-3.2179482626120777,-2.170505574938633,-2.0122277568434583,-0.26539834734688156,-1.065626433925025,-0.0014263325914292526,-0.23573054757488018,-0.8901463859660238,-1.332083892860081,-1.2604474194802051,-0.2253872688325024,-0.08821937011869012
7.258014558949522,7.173539511470249,6.644296298418362,6.416135440668409,7.21880977548839,7.93438677717448,8.358181579018014,7.737069364389769,7.388193268234101,6.295773772648519,7.48173179818065,7.85550616002134,5.953127108038814,1.9695734435692651,-0.07829534738755071,-0.2836310023669822,-3.0034062339592804,-1.033966606808669,-4.114617271017457,-2.0566949977427185,-3.647456269226862,-1.212000015416563,-1.3450993213885987,-3.3937083722871972,-1.621207687698201,-1.0110179140141826,-0.5577955120256292,-1.2175978236782838,0.4921255560211417,0.4861476265472416,-0.1458305695470301,-0.7359428153985865,-0.9612880868313516,0.5037798567072598
7.098312503872424,7.175407122630399,6.730716602392555,6.0296617183404395,6.108264101862596,7.183326137402746,7.654173356242716,6.451008006291401,5.155128706304642,6.9015714108447215,8.154469565426474,8.27282268803281,5.607769037951196,0.5529300344621914,-0.7665265296335466,-0.12586250456935702,2.1143195407665734,-0.052468410730121484,0.6236525860277723,-2.442673991362321,-1.8721879280858535,-1.1759665268152375,-0.2855775607196551,-1.2041299715014837,-0.7825833417409146,-1.4964985454239932,-1.3943418551697766,-0.13192495611541513,-0.45595135207229737,0.8354825375367878,0.19573788929339245,-0.1265549388667168,-0.5564818940788618,-0.05235422425258384
7.164521483321998,7.349680406512312,6.69816107309518,6.446297543847539,5.9622769324245,6.803672280089535,6.610429580936476,6.609434361195919,6.016213519547481,5.6253402589145125,8.111082477363507,7.245499356614349,3.8406169428267787,6.309061561885401,-1.542292189789206,-1.4235861199804025,-0.8600632827658781,-0.09788601848687759,-1.1083306413420937,-0.6122565249724301,-3.696500223227447,-1.622746171175936,-2.485238254428947,0.7566927144279891,-0.5268806908885023,-0.5414811807784772,-0.05523908762062535,-0.3153514018717849,-0.6643224047403407,0.04079175817708484,-0.15086975665542451,0.36345175440141897,-0.08632282550770347,-0.7219853455109532
6.900547018888929,7.77656305621683,7.457207943362742,6.760985055055407,6.887701000842587,6.814715120473917,6.851748161574656,7.019130141679512,6.57966497250384,6.381138730984018,6.4741759158106476,3.474356037923521,1.7724900078379315,0.3568616841968223,-1.5726507515126353,-2.1193309012747648,-0.25048255518927226,0.8646864222356851,-1.927388207548427,-0.9756294120619857,-2.9878150863346353,-0.878528510989407,-0.8833385140383389,-0.06283262644160044,0.5594409804254356,0.5709532022536293,0.5303832607110115,-0.5761581109384863,-0.05203211887758391,-0.39497174145323505,-0.7053460848825349,-0.14081237255899737,-0.0066654556009176575,-0.7236457312245419
6.582243763645486,7.465582502563886,7.792521787932297,7.569731732002345,7.191876426459115,6.923324887470635,5.714968693468546,7.120431285620285,7.365198046308402,7.848056820733355,5.832753104706343,6.929044090404316,3.3290919538434154,-4.095701681107789,-1.856951116254081,-1.775465121127218,1.6102600747658264,1.4594419587602894,0.11737716768686943,-5.052060105956629,-2.52191505237056,-2.8041239007355916,0.13128009605417,0.0477655682167119,0.5963384833278247,0.7893008872304217,0.8795020363679441,-0.24336915739899614,-0.40870959716222865,-0.49967744967706645,0.20606262214195398,-0.759138323443135,-0.5772022664306371,-0.5052010011641452
5.997449015667511,6.820759349360977,7.166633937830702,7.810517096306544,6.460030663402949,7.138850015311142,7.0510376285486345,8.65301474944825,7.879754624868334,7.608746946284313,5.917275659159378,5.3619709289354,3.8168818784590357,-0.05504949864975208,-3.675470928335766,-2.052129851041095,0.6707902928333219,1.7328648157162987,1.5506052311350964,1.1445046547311464,-0.5466208143404276,-0.478312201128423,-2.296839088998899,0.054633771810797524,0.9128367590783943,0.8928993213281611,1.315265744537293,-0.12096613585035741,0.30362323504346117,0.10139944183335807,-0.2756076111076167,-0.5246813966163825,0.12720869153425712,0.2895780991126338
4.558279370745158,5.5795601503735135,6.542035630942145,7.913358181602278,6.955084597754127,5.5063478054208925,9.103215045432727,8.339304688921102,5.783306062960588,8.924371130152085,4.872305319171381,1.216201556779829,2.276414382059127,2.043164413400608,-0.7523313336268467,-0.2782801950797742,-0.45311376871869663,0.7888914052696667,3.092881520641036,1.1316021987908378,0.33954298209173084,2.2041567471875383,-0.18058149909726165,0.5338744809353466,0.7489272625981405,0.6145466159281239,0.7943235788711804,1.4952968347050886,1.2765143184513252,-1.2208190251969888,0.3719205021384607,-1.1264998541877096,1.7796462895765526,1.1243965931373194
3.904201116103309,4.020662887995649,5.249979934124567,7.335234684421863,7.093810938220767,5.738324178828995,6.26398441170565,6.716205841720086,6.826811621574458,4.8587612472263,2.799616138140504,2.2415104160681008,4.741762141917297,4.073111180034038,-0.8717742948224376,-1.398448363149434,-2.0100818367166493,2.2334573094052406,-1.1722985181478383,-1.0407606277376167,5.262049750262996,3.7035355935527217,1.6456881816701396,0.3158726182126373,1.2895511464216451,0.8765357124545621,0.6062526005715868,0.7124446845632691,0.8525086115830205,0.47988371144947745,-0.4697556013875063,1.4675735496332818,1.0294341407933618,0.6742988004382565
5.056461503199271,4.165617150954635,5.72850027193967,5.992220212575247,6.358534588049642,5.85435978790614,4.781139863285185,3.8159380688838276,4.103027664319231,3.4991862660254127,0.07716112355325974,-0.8244227017641788,3.7668553605241337,4.923390248079643,-0.789872199684537,-0.24429727905258594,0.04491915996500568,-1.5163020309948405,1.676661900094569,2.461312982532746,3.1351065002288174,2.212069655678117,2.582282849015341,1.9964660652542225,1.2844508822476846,1.5144714735780318,1.5671132141219304,0.9980140826099558,0.4317981104136608,0.7085181982017419,0.31626035102699973,2.067277743146003,1.1753810677817522,0.9911848209524144
7.812647350885195,7.614162690046786,7.578041238000873,5.074880096369305,5.979031353037096,3.86737890478882,1.2933551631291162,1.9484839494817585,5.796923839073147,0.2929519094387293,6.593501865172332,-4.463670597479613,5.655712370238304,3.522626062777384,3.9854937979076612,-0.47847684465062124,1.2504044544234245,-0.11545487339946463,1.4595043441742197,2.523191680254906,2.110504015280111,0.749154241268528,2.3781250387663886,1.084974324598605,1.703014114735346,1.2606220630473006,1.6421792617632867,1.3815600746898673,0.5867986775705697,-0.5235311896012935,1.738606473721626,1.5371269001628838,1.1144517917900547,1.621583907326819
8.411515038872933,7.367326534012959,7.155451499814408,8.581791104330447,7.529148138715888,0.32590591615419545,-0.38625868243835393,-2.888509320062571,-0.3243397970410338,2.2170872306867544,4.10162679113919,2.8695438337540216,2.3952378906167073,3.146107698519708,4.792840411299531,1.4950286736482281,0.7512825640633222,2.5353187047165027,2.9425227290735436,1.8726943371114495,3.569314210278908,2.354182340929072,0.4131797499880815,1.4238913179383932,0.4658295730094039,0.6157364694959782,0.6627101262947027,1.4943079053931658,1.2477140889423508,-0.3123057582267052,1.60809173197143,1.4571088296452694,1.3369424461190418,1.6201669794509432
5.308773851444794,5.972671248269358,6.898285904810821,7.3118764485200005,4.961553253398262,2.9938694403090547,0.37186488300788023,1.669740820855561,-1.0963353656754993,3.016660045423022,3.9210772069563267,-0.28911128449550044,1.1316941388564186,2.377922693249084,-0.43862499050700127,4.340724888357788,1.269108578417115,1.7554780990601462,1.9914947897908761,1.9207940859122472,1.6276624221085452,2.640417965235974,2.930078865697966,0.652158179931968,0.29155498771685845,0.4891308379355094,0.9397024173366336,1.0505252182506106,1.2336261885557327,0.03538403753311536,0.7381289222849043,1.3420848209320426,1.1879427157441182,2.150641313931725
10.008614939638528,3.6420554734302972,7.485841195984549,8.622235540877885,4.777153166227047,5.177412032738032,5.410194976212814,0.1326220633906795,-0.8066921354829331,3.5641908704958833,5.09415869805841,5.344011977163824,1.2720742558634581,-0.6920749140357213,3.570917410922995,1.6003199489876765,1.0074623046213267,1.8291129989515607,2.922007708414437,2.350158101657221,0.7020720780245351,3.3346901685725645,2.5509007675046775,1.703388817305494,-0.6600065235657355,1.2622426953220518,0.7250807719258933,1.9572178456673415,-0.01652862715205102,-0.5527066307893869,0.44081829471699574,0.9884380325918012,1.6075217754836764,2.0585773078147676
10.067517990667776,7.653377682580795,7.050987285921646,6.5540896793537105,3.3086248509529863,-0.5344935131160928,2.2491086368575126,1.7290816049468447,-0.8900048610331294,3.8059741737467507,0.5700988098748607,5.054854907437209,2.538615802161217,3.2857808580102197,2.493410890474957,3.1610218426782577,6.473652099985198e-05,1.1432550009885363,1.7358318702833744,0.5277427532968603,1.2510680206627922,0.6882983475594658,0.4929734030350546,1.8301096504705237,0.03072830547956724,0.0680836130243999,0.46665550466708183,0.5423271671619448,-0.05119132426705509,0.3011294688238161,0.28018740798985464,1.1134592321121184,1.304831814304094,0.0794898613546324
9.08029679759926,7.10151560602695,7.703441791046659,5.5555421416676545,-0.20432622133058917,0.5814202867871133,0.6321109071324095,-0.03198292177748175,-1.561401887886507,0.6793575260037482,1.335111157196847,4.4630748478988975,0.9033954821232958,2.368664720441455,-0.5466627291766947,1.8718832700701409,2.71033102689138,-0.7831324114009071,0.5117228263302733,0.7199011457971923,3.407339298481898,0.9398586632652309,-1.126021580818809,0.27936639810400304,0.366613273970813,0.34476011951380264,1.2912235708103295,0.04444235162522214,-0.8109738135426235,0.7882482467386096,0.9660756919306805,1.307316619409925,1.5474861544016223,-0.020314368510225736
8.47478111954931,8.990599499593927,8.195548929161644,4.844931235490273,-1.92426035153666,0.8138134321603762,2.918143598669968,2.4188919103619644,-1.351690600018947,2.7004229182279005,4.126612970272256,4.845585421018068,3.5311803810006435,0.02003922594490172,-1.1941097520027157,-4.812433512686761,0.8945498897428786,-0.5003955770460214,0.3045085054225762,0.6054193446466094,1.0957000197064581,0.8199208959853099,0.29981359563365817,-0.966240942887846,-0.046070708929274985,-0.28152024243735013,0.5976815043280594,0.326584363930172,-0.18171682915414863,0.9632336900188957,0.6897609680410601,-0.12433726062947073,1.9129039522979876,-0.8051481752920797
8.275692641057413,8.068556306677884,7.976764467373845,6.200630491848803,0.6416678946085528,0.31984723828157086,2.4042780149800485,0.21190964112984662,4.712301855455086,3.5129488372579605,1.2559764360099608,3.0695969518945625,1.2456755954534666,2.83811438378909,0.6792554765425164,1.8500243847019335,-2.881131343367231,1.2393761615947794,-0.14624574491866346,-0.25192214543826347,0.1354381927606505,1.035506922310851,0.6492509687576133,1.9639491052939468,-0.01858115308877471,-1.4625001605265489,-0.9389096575705415,-0.5922051401820861,0.045973291254810665,-0.5226084006484409,-0.2968181937765932,0.6984165408485332,1.7535837117123447,-1.8568827872839646
8.21636453167353,8.962963584696201,8.032955640415333,6.274394686210574,1.243831250240017,0.09886911949655637,1.0302012523078141,4.292573384202033,2.143251516560367,4.014901413066506,4.270845939132791,2.599562789242628,2.7670722984473795,0.4114037547815292,-1.884055861035209,1.371514365749515,-0.9701510352349574,0.4891786564322407,-0.9701191198115227,0.09122957096755344,-0.5447522139868385,1.2349388292185957,0.8710171810669288,0.7783767804421313,0.6530341947736417,-1.0649380200193275,-0.86806841342546,-0.8026057209863494,-0.8804767125681298,-0.763682277198345,0.6403510026335782,0.4454621874372554,-0.02242586982866758,-0.8839517611083079
8.482841595655623,8.482090515425467,8.178391120325934,6.403965918374798,1.9062683255504964,0.32235451629840267,-0.3361673043387344,6.3674216402073265,4.420425112641977,2.6868107678074145,3.349807464563779,4.51116334222017,-0.030095354074128847,4.142485769191894,-1.7497839405365638,-0.001988207841059199,-0.15422852524904104,0.7356428712441372,-0.49819503492451755,-0.3909021247296995,-0.3289317492197569,0.06290283386548073,1.5831211146816244,0.7818418059388814,-0.31184520278611044,-0.7471690137906545,-1.1802314959850932,-1.3166773449719704,-1.1452072315309825,-0.38157204383739285,0.9318467268172147,0.2856573642931912,-0.5001123787154754,-0.7041418010432193
8.76927417937632,8.114705396663627,7.740226696092891,6.235683482944867,-1.3126952398576583,-1.3158103932909635,-0.4059900143554355,0.7893438915847414,3.146104742972217,2.048468169770887,2.139677000946296,3.436294111093211,2.1962155135161403,0.24765117020113114,-1.3621617158872574,-0.7518443913434574,0.24937038903428274,0.011604086739028274,0.24604720083844114,-0.6650240655508793,-0.5890632235630492,-0.19865635614919686,0.17504056525306974,-0.13694156517097292,-0.3217961541680599,-0.6096026687522252,-0.6240859242449907,-0.665384863452069,-1.429392699943078,-0.3383999730974829,-0.6550047908597587,-1.0426220351454878,-2.595958932657268,-1.4358761726068985
8.955306399058879,8.261892585730141,7.90983770756329,2.8301119896615274,-2.6695393774194063,0.355478645986156,-1.7774585727699357,2.3816964615345504,1.7472993613481795,1.2029389048490544,0.5926118778860426,1.1269306542892152,0.024594082490797826,1.1943162376708094,-4.262081218983562,-1.741637714582382,-0.18378354854343124,0.20543056971281032,1.1269416187431611,-0.5151535990391211,-0.15298009362801723,-0.803869656702036,0.12821280953001463,-0.7729948176868385,-0.7370198157767534,-0.16420682583163476,-0.48612514747794344,-1.3306641909805708,-1.795745915600512,-1.168050469535118,-0.5661654643336457,-1.0312319218375192,-1.6396591755445729,-2.605081059271889
8.30971538257774,8.765499219532675,7.617532987320509,5.699645923310935,-1.003421193331569,-2.2458295199242926,0.6872666221164289,2.794348187747021,3.3960087603472515,2.6912318820334242,0.8660969223992798,0.6161826698145303,0.5408887647013174,0.6268822873528629,0.5186336082544424,-1.632256885246334,-0.2830451010435046,-0.009839327396342084,0.23471160213915515,0.6194813987404568,-0.498494236029413,-1.0104059919940396,-0.1744894805906469,-0.09858535565663347,-0.6383793143807758,-0.34088669333677385,-0.17151789880465346,-1.4497909567050238,-1.7985241123546427,-0.283684290493855,-1.472723427630682,-2.2460149601332033,-1.1392241027648011,-1.419209877303259
8.63814506615221,8.688955966658957,7.436085136429264,4.784135922220315,0.950182624697172,1.6373811287858866,1.6447728433790487,0.529374810503008,2.1100391560213936,0.3084306504542796,-1.0565294221073829,0.8840622195158366,-0.38244077628671147,-0.5537043322307421,1.4305015013643159,-0.09412072836076621,0.618870348857619,0.28281784603361937,0.6230277833417106,0.023016993698637682,-0.0900468467886495,-1.4629013746136006,-0.8370615405045829,-0.2513806157362022,-1.1467264026669202,-0.7664495276596867,-0.21539679030957642,-1.233231900202404,0.12039145833649086,-1.5551665953395322,-2.6979035883192726,-1.9205026481248682,-1.8953937190722654,-0.7146552615081526
