script/wind250m.json
{"header": {"parameterCategory": 2, "parameterNumber": 2, "lo1": 3.000054539987559, "la1": 64.9999836372058, "dx": 0.5, "dy": 0.25, "nx": 34, "ny": 52, "refTime": "2025-11-28T04:00:00.000Z"}, "data":
[rows 0 to 24 of 52, columns 0 to 33 of 34]
6.061691813405324,8.689377922498155,9.575627297137947,11.222022582989442,11.456524725912262,12.518171018981686,13.350876199206843,14.057367283447626,15.48187142671941,15.01252258434404,15.191485165891557,16.43111595672098,15.6043160606285,16.2139379611857,13.437696231447694,8.38162055287476,4.67312762360407,2.7062622203640165,1.0420064395954518,4.031014337100275,-2.823309580119478,-1.0901579942968551,-6.631793100250247,-4.236303512450123,-5.389692709189325,-3.8701830237030275,-4.452535277380847,-3.9245504699619254,-3.5268211885682677,-1.312635738648811,-0.852530321526977,-1.317519061226474,-0.10681934433765838,2.0611673057646596
8.522603571746867,9.89470923548005,9.021977483021345,9.520326006015937,10.195467417884736,12.161805826945733,13.556680262129236,16.697388340294477,15.816697109545629,16.236273098723593,18.331674811397853,19.54436946875267,17.710110854611578,15.586104635523956,12.730690419699743,10.940070391745403,6.517289360469293,5.187425984707297,6.790667279100317,6.687117117885845,-2.167533157581046,-2.245142832287243,-1.3597816413097414,-4.712561819872089,-4.717931507032577,-5.00860581711647,-4.334633415001772,-5.452857705078246,-4.409662291581114,-2.0618753275800734,-1.1452517046136519,-2.7233059207641634,-1.3052203762243453,1.342902052006873
6.700738225703441,9.957637441944547,9.681897509685028,9.208181456648651,12.667948445871707,14.192227668537857,13.515688813100768,13.92134710958587,15.007592812749552,15.867670794004823,17.243864765832733,16.98533697828208,15.550617964305916,14.046956269893318,11.253215971246437,11.874466705437609,14.631495942647586,2.8772362985282762,2.46010100804915,4.2848319926240785,7.351130008193488,-0.4074279352045336,-3.0251554559228064,-1.8948847063614238,-3.165410413391758,-2.6742106716307577,-4.425520776598339,-3.5963794342842226,-4.580482624817677,-2.4564694490048917,-1.1735140686234315,-0.7954153986722132,-1.2750661450225913,0.5235635150443578
8.797487793683185,8.604938773953702,9.4717583691134,9.176031566736095,11.357034057184663,12.408307519697573,13.710722018452529,14.563309558074021,14.659689465726911,15.198019671763593,16.100930035813253,14.728065870209473,14.580933524368069,12.146870320103728,9.213617656414756,13.65839888156016,5.610899953494055,9.64543566539151,8.961053158120217,4.802131104230905,9.674750415109562,3.097191046239948,2.9368562076747216,0.5962732576047918,-1.6949634944052774,-3.221993187424603,-1.97539193225525,-4.057550370731827,-4.400884109383294,-3.2705605223595633,-2.3200761336493754,0.10095384878598669,1.030046505536874,0.2359792096406816
7.873858305235668,8.413627454554312,9.01908355574406,7.431019327299167,11.147858149295779,11.60428132982866,12.612090787110052,13.71805312683281,13.599295484381246,13.657357190674702,15.379777471414513,14.221604606178145,12.19365094875193,12.118606804392495,8.296261862100401,11.694521275392049,14.033855714456013,5.9143510747411945,4.494842123529339,16.686625187330577,14.126544024847252,15.95361047540614,-0.964878112898033,0.8015905578891401,-0.6647798322514152,-1.862377893985576,-3.4304788854781965,-5.256375601583186,-2.2916930118067578,-3.019694433025071,-2.4768587384303946,-0.42622972770376444,0.07729916804336219,0.8492768027363699
8.06458237542378,8.28408972816488,9.579186379351809,8.681992120019245,10.550552383588743,11.670717116928936,12.872117963042946,14.176482958018564,11.423115010397956,12.916096129244849,13.616298655959964,11.993623439335302,12.376897897240548,10.35033253229493,5.65694993189354,7.370465805817173,4.227582292511164,4.640866132435867,12.737150162396848,8.667967307643837,-3.2548092262095487,4.86449910993957,5.857770293787197,-0.3572363103979265,1.3703419179242873,-0.42671305544370863,-3.794090191626488,-4.162065637896886,-4.015848779882822,-1.8685531753819724,-0.3736590257064177,-1.7309383200071669,-0.32756954106567987,0.9134073620503101
7.6608939553694935,8.100363253855638,9.376343369354062,9.467820197947688,13.16166093640839,12.069679808250642,13.349853928210212,14.048781046326239,12.79829437004505,11.940111657854485,10.335947792249646,10.860475068408306,12.648179355334808,13.314450484233445,1.377893970434795,3.2695707943973806,2.3688819903458604,7.556106588117897,13.678823991915772,12.91294200606573,7.3651014333863705,1.5268300914888022,1.4142191888700273,0.6381841521649163,3.0178685741767604,-0.21602958051832397,1.8611171631083152,-2.669153713069281,-1.3251674982058708,-1.0083805135871262,-1.6284754562113355,-1.485630981220971,0.3962553596804204,1.65620176531189
7.811041186048363,8.444996529691547,8.823945345787823,9.40390511422435,10.686171778807253,12.352700312645563,13.355852957701563,14.693631268401303,11.379378597088687,12.394782876109486,7.46868009601208,1.0888238226634204,8.034844832107598,14.24535333542337,6.46312582910295,6.327076939738469,0.33926983645385417,7.169387350650052,11.161825170280984,12.229684409475144,11.071320382669636,8.41289612146212,1.5142046956839066,1.7982712097953453,1.5398729302405525,1.402773847195617,0.12752908697295143,2.5680568287192633,-1.9963888400930347,-2.019571076175481,0.20549829502711225,0.17898073058041894,1.6782655567131184,2.729594199909364
8.114183295521665,9.091992446222433,8.937854134131841,9.478551905507306,11.536372793916144,12.750536506543714,13.01657975411006,12.287274059436166,8.268518212693778,8.104878867310939,6.094171026596944,2.4496300395149784,7.893048494280411,8.954209939185867,8.722487770704708,2.7534836180917495,2.3853658382096947,12.509382744147908,5.768550265560794,11.56085407375784,21.300917373426444,14.42798494548286,17.984201048977003,4.606393870539186,3.2428188056653555,2.959757697439774,2.0003597879141095,-0.45622789946128894,0.46209847465297066,-0.3595503501022391,-0.21960156620498109,1.6998436390117642,2.5527047214869745,3.2526197400785763
8.747834511428435,8.986566619252278,9.751197451724881,9.88385164019328,11.717863218461588,12.871249810816092,12.316677121110544,8.487737915057629,5.695304061875349,5.758100608883857,5.714749726443917,3.362390390569851,12.101266107139935,9.184842679949705,6.390339177391973,13.922342407234732,7.821233737385754,5.823067816647892,7.787134970609402,9.18706251145417,11.535930767167685,15.241563499498776,11.004513003613358,10.5557817100139,2.4448111557638312,3.125965895737334,4.443661061445059,2.397573064808862,0.17528924393937553,0.941852207860089,1.3157002348324458,2.970081676737321,2.5451420890323875,3.902332875214979
9.773513081921761,9.549455614091137,10.161572560886608,10.372503133185894,11.936649630788978,13.584775919528704,7.9920963460757,5.0587999904155,6.21392047578792,6.252610467265191,13.96477101571452,7.334230183619615,12.096625068459321,16.0539594828401,14.040739717884756,3.078064495202153,7.702604573308205,3.4377624954693946,7.23382904831217,10.00002389796574,9.84571072248427,4.71942598955308,14.560570365964512,5.768644557680955,6.495490104317895,4.1387469722195815,2.9423054047936716,4.373967301102734,0.14053763078207637,-0.326568590548809,3.3254306325074743,2.957639356691206,3.361361015032957,4.035325508981417
9.639944215460478,8.78793811066993,10.114781973359147,9.65264667113574,11.36599112963734,10.686795447263167,6.523640264397811,0.4971702855446787,2.6750697671840524,8.939069446214937,11.607185688461161,14.766446632489764,10.442592720911744,9.66756703132544,14.718419343452092,5.381210388166144,4.918245236133755,10.63538960068226,7.698745941142131,11.529707339890972,10.560322505689854,7.141779141518783,5.5214542366638675,13.467425797647767,5.585867193061901,2.2073269007594556,4.896234722952164,7.9581024821188695,2.692234561921048,1.5996970964941837,3.3735899532248714,3.395940399180131,4.004104041558648,4.468961168191743
9.657776117674418,9.89417501278738,9.829213964160958,9.16957022782952,11.135119885507388,9.70127455508183,8.361919051956354,5.852859546999926,6.273519103381262,9.233370783009224,9.116866528322621,11.47414012173959,15.655585980016077,7.771230207177222,11.272523724415494,10.725502830721348,4.46635866981534,11.682202271782964,8.76208934237989,7.391466997357693,8.946880104971376,14.57513422426167,10.86782576984186,4.3637061891002835,6.748719407613647,5.1960969835521125,3.1394621415891883,7.320096727030433,1.9348455838263012,3.1972115889119146,5.266580406150427,4.513886410598489,5.1851415291801795,5.506925821914586
11.325320410075081,11.191235614146516,9.65936269852755,8.585626319713015,8.589758913207103,10.654523826201688,11.57543498556714,3.2495750091899858,10.409527689486788,12.589561070504562,13.134956435041838,14.722535588689887,14.013486331998866,7.066000365644093,9.930471673369839,12.305431559311444,6.4017939964662745,10.677536468029942,9.230814905605705,11.90076832468354,1.2970159331245275,11.638728478751332,14.659968496281627,12.403658548196686,5.3766664843968925,10.18110674058291,6.762837611612298,8.753508550225028,2.918391779230826,2.679399268832757,4.95735083009782,5.826482577368611,5.463773358075858,6.247623115701528
12.223414117681394,11.319525668189327,10.772907877627937,9.030826556122294,6.980483975657414,9.675948707386327,8.147008489037285,10.442836945055046,9.372610797841709,8.841472805758649,6.888390208135101,15.882822857803172,13.817971943841433,12.327590642980566,12.640465397848581,8.066640256435242,1.6518402159990273,8.652150374074571,7.702356744452967,6.374637530664526,15.83962460662389,5.198365026817063,7.141160878139247,10.874903407483762,5.695147996154458,6.844050902980962,6.415131478786794,9.635567267809343,4.652148554211349,4.834057226801997,5.024712607274469,6.11616856717466,6.524778557458319,6.199885847314865
12.206744178547732,11.604857707567426,10.93942787881984,9.762421713872625,6.675282473499467,7.444506973964402,11.503827905209953,8.700759344897522,3.060854539769631,8.487490220528803,13.684478145011653,17.15165641100345,9.52690430847013,12.57642489253051,6.5409217217144695,8.53813190339875,9.292014041740261,3.299798622331374,7.0500524084651355,6.024140705619454,14.165766825287287,6.810188437007473,3.1117156757710895,10.117178005177925,6.507496068880172,4.940422636120375,13.17557837581932,7.786230269005829,5.141963963355734,5.7211409449150805,5.8506037385484175,6.194356053066279,8.054609349669317,6.750820563173364
12.658249745202838,11.51098109508214,10.934754040386473,9.645952844840467,5.179547129453554,7.737218335911021,14.979567806878848,15.471640259560116,6.063910811388007,11.94515569424482,18.314255571370264,15.448848434341347,10.806794612123081,4.293859094777632,0.09910649832165931,-1.0308023271824702,5.701156816861056,5.497404555583784,7.198279003692029,6.503872115161657,7.79228872702724,9.753352797955873,6.753718665663397,2.884558391580099,8.808686272965398,6.612186461493988,11.7858063589371,10.547065254807077,7.911053129084579,7.251305028763287,7.116228709963773,6.612632042237262,7.767966193365531,7.850869082959767
13.621207140881046,12.195575536726622,11.673424632925999,10.436937816272806,5.639080868130911,7.823065410648431,12.2181863960543,9.23583857025186,15.354087961956429,16.43161336917724,13.628190361092,13.35068734923064,7.8487744950573415,12.96836372188453,9.120511478749428,8.070623273762171,2.128664522600063,6.225701738617872,5.773755587369863,8.690412473153227,6.114301421360995,8.352873414468993,9.983847223123536,10.371852506090178,4.528625909959321,7.665939571760539,8.41568044373834,8.260177579587845,8.290443057383678,8.708725820642616,8.427204809388954,7.510924920870784,7.134796459916025,7.150197962081221
13.378396248142282,12.210051340030802,11.94781230273454,10.736129400390334,6.6238222204269555,6.908664995739692,13.402945170006282,12.521928848238327,11.066790938407964,15.834485486306432,12.739418912057006,9.276712396864543,11.839046758525917,9.018666407767899,5.224553186514533,3.778671027370346,6.240909040354572,6.43272119493175,6.719749558955181,5.907822280117248,4.804274041657534,9.11607188073316,8.341724222342854,6.380203115513039,7.2637595280069185,7.951050103501805,10.290669419556965,7.541934345501847,6.158793529162458,6.7660896975002425,8.118962936912506,8.409552970017277,6.617261369885588,6.15074351090759
13.667268676991208,12.510933889923695,12.025658312001646,11.604098578671291,8.401302862361272,8.436150572815379,5.23529113492921,20.872633710381837,16.682542135201018,19.487549706469938,17.088229579883457,15.610774641664042,5.506793376133068,16.596167115530417,3.6573443581352145,9.350405324601269,6.495903478349474,5.615740145901111,5.904821619557022,6.4369268708087155,3.2239117439262044,3.2671419015342447,8.018422565435886,8.309674237275813,6.728562293819633,8.707174358293356,7.702819781522268,6.952690026663862,6.90892920403233,7.176836636882373,7.96953690648693,7.776660983499279,7.149128771820804,4.350543008256136
13.768001258583583,13.27297330387107,11.885303743507563,12.48885278512838,10.158549215176635,7.532961769420381,6.299683493415676,9.9886674639281,10.66822648791209,19.07977297427712,18.502760574360835,16.867706871356262,12.941761045838161,6.535304524628025,4.666083001960652,3.8745565877803734,9.771124040969404,6.678781948230104,8.4361332382987,6.380116420333339,3.8183131091059748,2.9692563574726036,6.500159849062437,8.065350227876621,9.8632017539816,10.64934364209292,9.112409911213843,7.106396115525481,7.462874601694545,6.872357877419128,7.307530370511898,7.345266714498461,8.443573658348962,7.486458435014917
13.77585620956675,14.10726319862483,12.66521992576904,12.259509834123282,10.44789420306318,8.147312375800901,7.133622492861989,13.245662571572346,14.843076071974256,13.804847642072113,5.628981377906412,14.84003433410866,1.2862280757655356,15.296386192987248,4.0409646704528575,3.7553729364020696,6.529074318963419,7.576485716507178,8.402723951011609,6.697451149497093,5.9195888103037255,2.455157238854112,6.038586816576007,9.62680171969889,9.875146626979246,9.439749436724522,7.465843755743212,8.642128706336633,7.948388254633363,7.47087886463781,6.843211583980099,7.574922311286272,6.791645337560702,8.374442772723777
14.627692441783946,14.984926811072349,13.699744017938032,12.466674473608823,10.161379663619252,7.473248366597893,7.185466496277745,12.04322899121716,19.27054055365738,14.301480490183337,9.657867015125849,12.792898315441958,13.396191467861696,11.169856511439967,7.886801299459448,5.032393511437343,6.934646120373539,8.267062339861313,8.93203341388103,10.680848436049354,5.6015863818632825,4.912478377324545,7.439630221144046,9.735350807262925,9.741287368466267,8.144059419623138,8.587493058923569,8.22272012132164,8.24297561722381,7.342807310807782,6.979730763313682,7.1460339361380685,7.913706135180408,9.689746508434922
15.54750787474947,15.103124237397115,13.897016198201625,12.770619011404143,11.491242989342958,9.186124351686637,6.700063927485786,10.029378427586657,14.498147475589546,15.602085045885715,10.886404034154483,9.335039369787891,8.590841387916358,7.381156050147163,10.131786734709738,8.83703658484458,9.019278994925656,10.456150100896041,10.495973214227746,9.63771122734825,6.132902317982383,10.022859411817764,9.23918312901002,9.120914139639686,9.539095532970318,9.393664639262154,8.651721578804604,8.893926960287214,8.716418401780738,9.208875639254021,8.296700814462977,7.831370359703687,10.442407254903983,10.548593569922266
15.634063671638811,15.2384087013447,14.522376662400106,13.825701221796614,12.135144934115118,9.916084512385172,6.294784486181492,12.675872556446672,15.377543155382817,15.564751717291308,11.640101424683504,10.048921032305952,9.401018723751784,9.35535419446144,9.742446538433208,13.106501820984251,13.784264447265896,11.940478229786377,11.686227194455181,9.458733023278059,10.127554958360173,9.747055255264549,8.538728348388023,10.20289203737671,8.191707103387039,8.520514701238296,9.850532620396503,8.673693660681394,8.736461154030232,8.426706343050945,7.732240732566259,11.056667986734325,10.704290216316068,10.845661047747987
