script/wind10m.json
[{"header": {"parameterCategory": 2, "parameterNumber": 2, "lo1": 6.000198445256149, "la1": 58.999992894266676, "dx": 0.5, "dy": 0.25, "nx": 22, "ny": 24, "refTime": "2024-03-14T17:00:00.000Z"}, "data": [-0.0737633600174957, 1.0493501439216646, 3.4132675673430684, 2.2923084162914638, 1.6578936772936985, 0.8988163958120605, 1.2016770540991633, 0.8207599661002986, 4.7463220638543975, 5.404105333974264, 4.31246974954521, 1.5727304774940973, 2.3683576102611066, 2.804413686790403, 2.8539729925863306, 4.197427099374268, 2.7600657457742095, 3.5126829335931364, 3.195146732090291, 2.19985108399101, 3.1294014696702113, 3.5644595565063963, -0.6193648371602947, 1.069712649881524, 1.741794427185921, 1.4061772770236318, 1.7434485272247424, 1.2168648345549413, 1.1630963768313358, 6.530857832489066, 5.897674281357021, 5.654955471853019, 4.604151753931073, 1.9939227936253783, 2.6770684540631446, 3.4508679121220993, 3.086706666073444, 3.126135028940122, 3.0649136707439952, 3.360261250158217, 2.190342094701599, 3.2634362979651765, 3.201002749861744, 3.4757649659842507, 0.0847086372509455, 0.3305270309972604, 0.8288386585947107, 0.9886877085104514, 1.8739081229594314, 1.266789765653123, 5.093930404420438, 6.175115458448738, 5.394190888604411, 5.353950399761647, 4.484864736321074, 2.5024214754351095, 2.5092144978805657, 3.5279261707804976, 3.1806735693947976, 3.680858560750541, 2.6992296142255454, 2.562650135502858, 4.52163018324017, 3.5504787522278902, 3.0794425478863654, 2.968092756113827, -1.8149821344375825, -0.7213439997668176, 0.8961042770246194, 1.4296435237753211, 1.2825510981875081, 3.511763182562345, 5.563848294745651, 5.508980818496094, 4.402625232139112, 4.461294694199823, 4.292110381554253, 1.2796381464840318, 1.825774249244126, 2.2204235866950146, 3.215549127453485, 3.295802664006651, 3.068227785610145, 3.1540205324687673, 2.924661289726291, 3.0092626248918393, 2.8464309764469675, 2.570581981198159, 2.3667573686257817, 1.7238319079466136, 0.10864137190501931, 1.2078343802800136, 2.910352436470664, 3.819621749359256, 3.7246788883035484, 3.669035912380039, 4.715267830046458, 4.617434465682366, 1.5313163899529918, 1.1762283861005889, 0.8634933436291822, 1.280640692131531, 2.0474483001012977, 2.7425956621119245, 2.823738564332295, 2.872863842099991, 2.9488230411857406, 2.7641190932913418, 2.8116172574832685, 2.606660656167871, 0.6827793534107282, 0.5861866470442101, 0.5680430506231515, 0.6486047979072633, 1.1656243323619533, 1.4529470171539896, 3.215269029179002, 4.749897979633491, 4.121331264396153, 3.0830731976492043, 0.9394874168331406, 1.276292437300824, 1.5831048244447559, 0.7797026690877988, 1.5587411450508954, 1.7294430639608203, 2.5783829443455804, 2.701197908291419, 2.6640044065413866, 2.936640575494264, 3.0089631313286587, 2.767853182896026, -1.0247389555774735, -1.3125092994111223, 0.02410411336410246, 0.09071971501394155, 1.1655347930930138, 2.6307272607832632, 4.738710416326272, 2.558496075836059, 3.087310646723318, 2.5081987286999547, 2.363564258607114, 1.8095421058195753, 0.6149967423967259, 0.7577659616756318, 1.8194375814114954, 2.2642880610430725, 2.239947972654736, 2.8631781822163314, 3.1786927247496823, 2.594093343998072, 3.0519318374307662, 2.468334100965917, 0.2372481967772151, 0.8482447472168824, 1.8709624789190595, 2.3581269008276107, 2.618498607321203, 4.368445424891262, 2.840965681497557, 3.4611249567678195, 2.7767391678729663, 3.402875332644244, 1.773288542089892, 2.0387942232897394, 2.544798170962668, 1.7765190543057046, 2.3811962983693333, 2.5096938600935386, 2.3632649228588893, 2.4987481799626825, 2.441695136157097, 2.6116055283235355, 2.3602698536480244, 2.7824228701855227, 3.716077739865657, 3.859608094343916, 3.6423126010320774, 3.6470486099015123, 3.0465918709315436, 2.2511920694534338, 2.807011760628385, 2.585109705444278, 3.0575813401056307, 2.1688927314353745, 1.947730071614699, 2.5091032982410297, 3.6411274452598232, 1.8166409505773056, 2.726757755585143, 2.7082232069815326, 1.8202247054619585, 2.199796553078777, 2.0134242367900623, 2.2945186131572974, 2.1794704979697355, 1.4962446424883067, 4.870932349548014, 4.695794526226661, 4.5327192067864654, 4.295692755195494, 3.484451749603832, 3.6407942129507354, 3.231156045038187, 2.833918952675523, 2.987987921886861, 2.5185674751233664, 1.4533390247807096, 3.8065573014691894, 3.654627975411485, 2.466629860542991, 2.201228991220242, 2.549742261275051, 1.8612280531093313, 1.9033575746484468, 1.6996498652975924, 1.2768103006925529, 1.7187438152158896, 2.2025929239670945, 4.946025835671818, 4.815844307386052, 4.621408974335143, 4.267873722997501, 3.610261482716918, 3.6536713329443318, 3.067804803935578, 3.2766579333937678, 3.4011988115894134, 3.294157106027947, 1.8136868330188571, 3.6306342122024797, 3.632724401031433, 2.8334493553553646, 2.162676917013027, 1.8219511232981618, 1.492376062898204, 1.748311579205283, 0.8860859143834193, 1.2879461069597367, 1.545770803605625, 3.512412928966345, 4.831481491802889, 4.627515221108816, 4.739737822992315, 4.156399930686712, 3.8517546853368994, 2.7066018163818906, 3.245600064837032, 3.516955827595113, 3.6247885830122355, 0.7436993779232037, 1.8630433887846602, 2.40547104000118, 1.4130563953938808, 1.8701370901199292, 0.40746832975393515, 1.5591786023150895, 1.7963412909812682, 0.9882500363295588, 0.3591580936781811, 1.4769598844794871, 2.8493655750601103, 4.493683411139335, 4.790820918998309, 4.9107566227589885, 4.93758390185391, 4.76879851368066, 4.478048621253565, 3.954835533743057, 2.540944573316882, 3.7600104624553876, 5.008720622501379, 3.068637805274112, 1.428781980352778, 3.130956767159934, 2.043536845542083, 2.8260281802785636, 0.4105071909787238, 1.8217835069398831, 2.8551571919422893, 0.6395396899796597, 2.9656562079567625, 3.528906308773039, 3.5312636552927303, 3.7637071608133863, 5.158248136920448, 5.195954072678994, 4.855220012116, 4.553313188372176, 4.622899589677936, 4.191478887052205, 3.6236576058097207, 5.293814479145137, 5.274411233211189, 3.719580059308274, 2.4348281789614763, 3.141600146350741, 4.265260704101351, 2.9899082456568635, 1.3318412723480673, 3.1194015732455, 3.7476941837351396, 1.6859982307161283, 3.467095786845547, 1.231401608939427, 2.8227666054002722, 3.727648787819426, 5.190369542106892, 5.348219502128219, 5.732844986829193, 6.397297605813271, 6.4939559824657405, 4.476527589846041, 6.3831092872597885, 6.494507680352089, 4.216579229961979, 5.506083003350616, 0.03997809672439059, 3.810204238834731, 4.203484037216888, 3.260135370356447, 1.8048291598011752, 3.119882317227137, 3.0269869299966765, 2.54197064540262, 2.489757542361083, 2.4814848932116353, 3.103056789229739, 2.9951772532109535, 4.741826815354027, 4.629985653900669, 5.393205253433061, 4.644205840227037, 3.91993099542625, 3.7412274380552315, 5.355190242738745, 5.632435823285395, 2.9364547993851686, 3.342502003869185, 1.167271296506967, 1.5029018489263206, 3.3336602109934397, 1.7205220933413814, 2.4136353290934665, 2.3008884967971164, 2.1216485838516386, 2.1370189726317705, 2.707394794196337, 3.5543585216307507, 2.519382457694702, 2.918487359101036, 4.994443082921518, 4.797088064124697, 4.70387232345864, 4.2536540936854035, 2.6060962385008413, 2.721383357393221, 3.1914610242838215, 4.342118662601068, 3.0698316925762645, 1.159570628384396, 1.0008014346157292, 0.5600616018492756, 1.8420592094536008, 3.279986290104935, 0.8065104689418099, 0.33830645217482347, 0.5850182587115395, 2.317275319315676, 2.6842259108654556, 2.5585119792868056, 2.127466930015699, 2.1809296762710733, 4.428357936877755, 3.922787125079331, 2.796128208083287, 2.645591755664982, 2.148175324756203, 2.2141804642135536, 1.9389811547270326, 4.067895619989745, 3.0129788067005356, 0.5321169365944637, 0.9916559815791669, 0.8711714640088414, 2.4925262969351856, 2.6375031240844526, 0.5770704357354903, 0.7494344724131563, 0.20194204341493568, 1.4646917921518146, 2.513698267544919, 1.7752168990258559, 1.1200055321301547, 0.6006529801230359, 4.233683722332313, 2.585889254212371, 1.8410405702724308, 2.4003346234197624, 1.0618292012830455, 1.07346206594604, 1.997070265002387, 2.4439320295208025, 3.004426758933927, 1.9942560130226727, 0.6285040765734637, 0.38470896015118233, 0.30811105077224776, 1.2141516120223053, 1.4633476860943948, 0.5909263866426971, 0.2901647722353867, 1.4451348244716336, 2.4580984177713687, 0.851383236337362, 0.8004634742801756, 0.6502945058917046, 3.34458996205158, 2.0378834065177234, 0.9978606772248586, 0.6853307894172893, -0.39461887725242434, 0.8005176483549263, 1.0670145937123037, 1.6395278679372525, 1.9772431002046962, 1.2272692950551103, 0.8190670717591473, 0.9080759076783731, 1.6902656111732068, 0.7429693838120818, 0.640642319726946, 1.4624872416138517, 0.3488962676327065, 0.7093596558321376, 1.7825336634190363, 1.0084048245864237, 0.6937094525526337, 0.7222604131415583, 2.1970794658161625, -0.6981930010354641, -0.4200787093165541, -0.24274506902500217, -0.4826142310062686, 0.4406313522946821, 0.9811648345891035, 0.6510868351588972, 0.8070929936111826, 1.5023562174901657, 1.4571489652542076, 0.9790906546663719, 0.8603803785480875, 0.7722541700344872, 0.6817363823375632, 0.9350418752375472, 0.7574465105057078, 0.9815426601978355, 0.8429130661168001, 0.8627081016438781, 0.6049761221291513, 0.1827339849814491, 0.4526039724970383, -1.0242168325277923, -0.6568501768592873, 0.6666241649429456, 0.29970657124485117, 0.005334084212167815, 0.6401869905475789, 0.5341736770950117, 1.5347602027911207, 1.9892894067076539, 0.8011677423332905, 0.40429809507792525, 1.1709841283604567, 1.2448275241552438, 0.8541080963039314, 0.6451332390222299, 0.09409874211751071, -0.13655814483253542, 0.26303104362948765, 0.3284650377941344, 0.8057035256964212, -0.03353262344617077, 1.9058716475571338, 1.83464754782118, -0.37507769455982, 0.5770446947243275, 0.32250330334806, 0.01866537820943643, -0.04520462200251167, 0.7919833397891602, 1.4093981450515494, 0.4309223129586069, 0.7990684539300841, 0.3978824791279269, 0.6454331617801934, 0.8249219748533277, 0.9109659658462569, 1.1351721868868676, 0.5605765002652333, -0.0468736478817594, -0.253075210399634, 0.359212314193029, 0.01686184182723206, 0.36171119643354493, 1.2822078416658895, 1.2635367268881001, 0.5162679499305706, 0.36274286310508624, 0.5518637086618202, 0.2343082165452907, -0.05259312609304804, 0.2625862310393426, 0.49956627899651906, 0.3943966739675244, -0.015187876017089139, -0.21126094056091616, -0.23013516743521972, 0.13716150314282433, 0.47736685788053707, 0.8249127764309707, 0.2239430229101865, -0.03863481467681685, -0.0023832137622637217, 0.13663255241212438, -0.06484166389524894, 0.3919282410572905]}, {"header": {"parameterCategory": 2, "parameterNumber": 3, "lo1": 6.000198445256149, "la1": 58.999992894266676, "dx": 0.5, "dy": 0.25, "nx": 22, "ny": 24, "refTime": "2024-03-14T17:00:00.000Z"}, "data": [1.2299035526440656, 3.6923054496405787, 2.2819234494611735, 1.3069844689917105, 1.031377355229261, 0.9931143163593922, 1.0594657239952534, 1.7602557880138228, 4.5532007335500015, 8.981432770104943, 8.66236704134453, 3.3302864743905594, 2.789402838539644, 2.447409687628249, 5.864731994705425, 6.653352030820005, 3.928900544387192, 2.683170292060237, 2.846431806156276, 2.987914380191574, 3.291275208805234, 3.133010799316027, 2.911490506818113, 1.8003942091021607, 1.9356071511269564, 1.207045434030606, 1.2150198048481964, 1.3801817415738311, 2.0758996915804624, 8.24115017307558, 8.934445354490963, 8.93704123875043, 9.034068735202897, 3.379650495779986, 3.5842009395095134, 4.164150509472324, 6.408921984271461, 5.095424710511689, 2.8955808420960896, 2.9507560317394272, 3.3524535169295775, 3.169443827320171, 2.7277323763265815, 2.6685000736774094, 1.978849290706889, 1.315825513332164, 1.323613253950452, 0.9659856188410503, 1.356624979145009, 1.4005844815449693, 5.77918204450447, 7.573576870645358, 7.836743078847882, 8.226799187094864, 7.863916166203846, 3.067399626818472, 2.2162887791342816, 4.002902194063441, 3.4577567890612846, 3.819032664457108, 2.5707969450101102, 3.279895716873837, 4.756310207210066, 2.309867629512206, 2.617376330413273, 2.7418872308137296, 1.9973699251187176, 1.5850016653584846, 1.0389463424273158, 1.141019587602544, 1.5001997883668774, 3.531725888339866, 5.732028346057587, 5.360945654645947, 5.260805022144226, 5.6444033206860045, 5.620694807415371, 2.4753992093662105, 2.4638917827472304, 2.5866087003773113, 4.032328336175562, 3.6587676052448197, 2.960809698121389, 7.412396636951725, 3.1575622455464356, 3.0821908857688296, 2.804980383179488, 2.4277315066022367, 4.001069679398366, 2.502970904451496, 1.0848450815246247, 1.8342096917474815, 4.2359101238281625, 4.39881638738319, 4.142238298381128, 4.661747837184249, 4.9109798091328285, 4.985324795201921, 3.3576049387103777, 4.62148561852023, 2.2329601344519188, 2.879851849397098, 3.47622396391006, 3.6585786709845984, 3.1710745080008262, 4.338275447538411, 3.637000572081085, 2.664764374668335, 2.6791920554207476, 2.377332004298457, 4.134654294441739, 3.5722587305139895, 3.068648530466861, 2.1385700432641532, 2.6294505199547307, 3.6827038330808346, 3.9326629007298624, 4.290510779110521, 5.386362797923856, 2.9977503427009986, 5.51670121274351, 5.775753781810703, 3.8782672945741776, 2.976694331870686, 3.4444795866520845, 3.5303399404213165, 3.614111016922041, 3.547675672478641, 3.2077960501608143, 2.706604617963064, 2.433484081131852, 2.5828243852574118, 0.4668549401142077, 1.6030146925827164, 2.7110515797060324, 2.3742515671645235, 3.379059925691627, 5.235991700382373, 5.7587835182756875, 5.183086174592092, 3.939525282975164, 3.3607192973818947, 5.638453446218261, 6.622016584663672, 2.944294880337314, 2.9116538312678095, 3.1201835695014344, 3.1050107176925654, 3.1235233488879617, 3.396669662024485, 3.189572274256926, 2.564541134462812, 2.540373670825998, 2.514425550915705, 3.729858403018647, 4.23804270585105, 4.679460207491675, 5.134173648552306, 5.972417409174432, 8.089331065308931, 5.005887831567051, 5.83014688451909, 4.129888536896323, 3.579245036986914, 4.41074169913576, 7.032484968601601, 7.729217367543988, 3.5760108220286404, 3.1356520580784806, 2.8687417972329317, 3.197635652775478, 2.927323031116753, 3.0137080301857946, 2.5713954051884738, 2.3659048390188415, 3.329186354536866, 6.987707641541664, 6.481288941407083, 6.4395035313402085, 6.62975889063734, 7.556055285381459, 3.4982753573943723, 5.15566110986348, 4.704944847955494, 3.785680231586149, 5.48525205889839, 6.4380858385493465, 8.140691975592429, 8.474420347351678, 4.513857006961892, 3.3550356746871297, 2.8348454910465812, 2.6831822795809006, 2.464319930106159, 3.1423034012750244, 2.5184848408206384, 2.533273140405379, 3.2829118043701997, 7.773950143943091, 7.5083023397128965, 7.536466040620182, 7.558896083741193, 8.0346959721346, 5.74137633779372, 4.801371977915227, 4.32244103324273, 4.024460624696395, 5.309614825177025, 6.235765147788959, 8.463152171437814, 8.217102655880833, 7.584850208646826, 3.6581074199122523, 2.9080562312417655, 2.7752079534074423, 2.632365308170016, 2.4572470630726038, 2.446765555882293, 2.447964576818782, 6.066502792390703, 7.356024299810406, 7.662326800162654, 7.768387076036372, 7.745937879087326, 8.22023078679238, 4.7592612951352695, 4.221553724947644, 4.487922448391421, 4.243821895257787, 4.832217494426407, 5.66007583446592, 7.754333738428698, 7.223140289479642, 6.493038689726571, 3.381683296997726, 2.286653489689566, 2.453767427711763, 2.4649446075154495, 2.134492000754015, 2.4831549851676504, 2.267075165054839, 4.637146203166236, 7.9464893411821755, 7.94003090214865, 7.585578338097417, 7.27152459473138, 7.762885982588947, 3.7476487471003175, 4.671666128357745, 4.721858677670158, 4.000485956795556, 3.518038276508551, 7.550117426063876, 8.015615721234093, 6.323785616445653, 5.003035113822346, 3.0390355568620424, 2.1513252808539436, 2.044032405530549, 2.1524633541130886, 1.9890602828736044, 2.4608616155794376, 2.968364223612232, 6.318057015660596, 7.997936926474853, 7.549067544426395, 7.388493085262863, 7.360513402187677, 7.746478803423728, 4.872100679860108, 4.250871744300591, 4.114549723075072, 4.5034859949659145, 6.127983521733022, 6.764661915149661, 7.266194234913006, 4.31704824740005, 3.596769816980835, 3.4256910631924824, 2.5938349826409075, 2.043471075020029, 5.346130303384988, 7.1167980121296806, 6.424565156660079, 7.624480859313292, 8.00091072528049, 8.060463960004892, 7.847256228302105, 7.514475700951683, 7.286240923337038, 7.372591854558553, 5.170337156099016, 4.536609864869725, 4.122380721201282, 4.552669960262185, 4.9694953830265165, 5.447596563117296, 4.449258272267458, 4.727565064686432, 3.4631013470837364, 4.398073236298568, 3.6174440133765193, 2.708897713076897, 5.94195112762346, 5.6956477451141065, 6.394612226777006, 6.982002974521751, 7.106520509042426, 7.472546646099844, 7.121987354869562, 6.710074840149797, 7.00088434896822, 6.843551011994956, 5.061228986087476, 5.643860331162293, 4.529540408978293, 4.154780962534034, 5.152385684219663, 5.626233733338059, 4.355995322963307, 3.7650680021977636, 4.429065385999255, 4.102265059684368, 2.9192083255097905, 2.4482863625777282, 6.222078537163165, 5.971686507764343, 5.983984042552364, 6.495106309152047, 6.833044171939493, 7.527691619898136, 7.2671039928193295, 6.986269797427827, 6.3602010609585085, 6.440475218198608, 6.676407758060029, 4.6183722887197645, 4.672754139775794, 2.750392063636614, 4.303025529876027, 4.30976479956219, 2.619388064529966, 3.141697956643472, 4.467321933143534, 5.140618262884981, 5.403390432789993, 6.433390709520864, 7.219866557583856, 4.750979906403465, 5.694536825101267, 6.642888039464894, 6.874879502742537, 7.4375490097809385, 7.660121663837803, 7.421755466757004, 7.882852885535121, 7.277404425586108, 7.06677208776688, 5.328692551211053, 5.211901466661255, 3.4434109343570185, 3.368142071118451, 5.564897163234499, 2.9250231478337483, 2.027284617965803, 4.850299697493975, 5.637384036398462, 5.205980506107201, 5.704785185843438, 6.697533039500403, 5.410720357893216, 5.735436453754573, 6.410939779684761, 6.904460764399531, 8.815476347394453, 8.404875082115458, 8.272053756119467, 8.314228292052901, 7.70965002694972, 5.993122866550588, 4.449977792270423, 5.003253267853704, 3.955875114781893, 4.084699692123782, 3.5245691058657704, 3.0473827765857995, 3.5031966495888334, 5.636897392066913, 5.202494995729433, 4.54535886823165, 5.701533298276212, 5.850110207171921, 6.072802740931657, 5.755673241681848, 6.102086460650192, 5.29828317835785, 8.565335351416069, 7.34120615990339, 7.513595915582604, 7.024988504256256, 6.749500691304964, 7.075021126305075, 4.970892799492901, 3.8462940587205208, 3.9046893561193783, 3.475691045054108, 2.4400828352852484, 5.431806107560156, 5.336474576500056, 4.569970174616157, 4.348378919430296, 3.255421847579659, 5.301813323836658, 5.613379285531028, 5.4440915618584675, 5.110421839040796, 5.521796936135536, 3.5648348214545638, 7.151459891793594, 7.11280619570315, 7.591221376765731, 7.123732692232476, 6.433978306778746, 6.490752844589856, 4.305285574597461, 3.7722756174723044, 3.355663060613669, 2.637421164241395, 2.3967331736316546, 5.4905238644430066, 5.147273979930693, 2.7951600450766345, 2.243118076488387, 4.69699097777991, 4.860081857091416, 4.5623230764678695, 5.005591355821133, 4.768444120381677, 4.638060650224868, 3.008466147330109, 7.395429020172206, 6.5570067503416585, 6.043739900001986, 4.218751602046352, 4.6322637988888955, 6.374617434708252, 3.9086898538474264, 3.244076531907751, 1.981051953973275, 2.8340304308259214, 3.9475189214404, 3.643876790820425, 3.222345410418303, 3.298536195385871, 2.9940086255096285, 3.4083479414477766, 3.7926300493526646, 5.052360937076615, 2.65325674046601, 3.7008938396705924, 3.2719402239109945, 2.999622233204804, 5.69546227274455, 5.211521395752939, 5.239012159105578, 4.4978610315344705, 4.552408056481141, 4.022928236865989, 2.904921907185776, 2.6204269037648875, 2.8473641970382695, 3.206905424620505, 2.951933278211239, 3.2626089972247247, 3.7294350374870713, 3.1018505544737183, 3.3795844417295697, 2.576522859209972, 2.2384145803394295, 3.4020564610272945, 1.7723202288725997, 2.9599711599164005, 3.0733321602276638, 2.0304745021683956, 5.7393200170796295, 4.873540862604098, 4.618316985606912, 3.981672589384431, 3.6689690148763066, 3.042993801947056, 2.1917698404355326, 3.0325426136640625, 2.864965535871433, 2.267501265226442, 3.0599604632182507, 2.774320307814456, 2.940264252207099, 2.8399655474099785, 2.595532040920293, 2.4375512762033673, 2.6443934646293874, 1.9930004957619964, 2.9711510201327034, 2.430495080531677, 1.9701620356937621, 1.352224291174581, 4.177366011370842, 3.2726827336557593, 4.595571793302172, 4.4701549147052715, 2.902687271359105, 3.023137022894489, 2.5343579963621607, 2.246250291380684, 1.8556450454871558, 1.848103963998208, 1.7611856780820372, 1.7699919184151875, 2.43812404948744, 1.9312945733398466, 1.8399101600835401, 1.8065053999016842, 1.8699849718939812, 1.9902545388022097, 2.770819852738026, 2.1153905410533174, 1.1834873426431898, 1.653009027805927]}]