script/wind100m.json
{"header": {"parameterCategory": 2, "parameterNumber": 2, "lo1": 6.000198445256149, "la1": 58.999992894266676, "dx": 0.5, "dy": 0.25, "nx": 22, "ny": 24, "refTime": "2024-01-23T04:00:00.000Z"}, "data":
[rows 0 to 23 of 24, columns 0 to 21 of 22]
12.15283191267076,9.96439684950876,12.84966902039774,20.840127063722264,21.16753126162492,11.392456931865869,16.140810484313185,10.65347327612603,11.872466716465969,9.728047318375417,11.238593772831225,16.864787106296905,11.26738267583818,14.837275867780114,12.28203423482273,10.482386035677749,9.907814436989185,15.550894004575637,8.461809611422607,9.002055251107842,15.695058599820463,13.99856752786651
10.091495438986513,14.46083529645837,10.728940729838815,14.239028605409862,17.08440547644959,20.33356548477114,20.10423986893813,14.691036055351095,18.462505923359533,15.463622988425064,13.604816441013197,10.787144716512364,11.764251924128994,15.39284530508875,16.191135308034372,15.975890966901632,14.35406567169276,7.404256269689913,16.0940369454922,13.038616665162127,14.367660680965752,10.924518642596817
12.912979420970276,13.795323930161063,19.993988601904245,9.022862034778381,10.635481226982177,13.50355134733943,8.088444194286108,12.74555816602511,8.769304340729951,12.873133028885718,10.462827318356858,15.360177070358372,13.76051285146846,10.221162251518482,14.392238131223515,10.175923668799385,13.118046097634538,12.700897377179425,12.016407652455381,13.819405341800495,12.038693095983948,15.04449393474568
17.073898954917883,16.314576443895106,11.635054367810987,9.192239455227687,13.058742091710533,15.652999271924678,11.926012668546043,15.901280797254126,15.884275174864474,14.603519051347792,16.280055628619564,15.08584522340141,21.742965149942236,14.357072868404156,12.101744905932502,10.970100246848247,13.996617953930903,9.563706909750017,13.463367468914681,11.036772190622676,8.0553218900042,11.662297767364858
15.363645238972431,9.335581895972725,10.322746985795714,10.411587414341835,16.147332230262258,11.755636782153479,14.239744876217655,8.843735037146372,15.95214038102032,14.463880823322228,15.354218346817905,14.202768463053111,16.092022567447426,9.747949661079035,14.910027635853424,19.109763405450927,10.798653767921865,9.645214037618201,12.22485651732692,10.549495312602318,18.369345260975912,12.641276266511264
17.993937120917547,13.496539606122687,17.454407855922227,15.265854299717223,11.304465724386283,18.786333700017135,7.044166965973452,14.883279938716731,10.994762236978806,14.163184713322552,12.953077371081486,10.48096206158367,18.013081347640156,13.62396151514664,17.417312172078283,11.942428726735079,11.861022794532897,15.599478046972072,9.90608747664879,11.82302531671688,14.915635967158252,11.888896197951938
9.635703347336714,19.066327937099256,13.3987733620081,17.353041431736404,13.860832613659229,12.224923483540676,11.621801779892023,19.033034740756854,9.623813690906564,9.243431260133939,17.443560419653437,8.584814672625646,7.926736834095404,13.02569104921853,15.222762002852829,14.003772969086128,13.50674658140939,12.802474177387081,16.23144166874149,16.23152431330413,18.33318521810812,14.640827285441324
16.71287307308835,13.576773651935252,13.130111342684456,12.483922769780415,14.726261367489718,10.922288077959912,21.784571329680603,8.675067700081781,15.581999472328574,10.314364207212165,12.91820210367212,14.937614946305816,15.230252675952576,14.66666615026612,12.580640918058426,8.515489779793816,9.014801543115363,8.856780548384569,23.811161458459257,10.477574138125211,21.295979270099313,8.406298522890937
16.366240148270315,10.948293946999566,13.696933801571948,19.9016934069658,7.058381610745664,12.673046738314703,7.925237141418884,12.603852708400344,15.89389310232188,7.644738759153892,15.338020478212375,10.972920269606675,9.72106269789919,10.935464009332913,14.619835035117735,9.931349067350359,15.396295649047405,8.696341384677078,17.042421572223684,11.210312596308482,10.544233290101522,11.108687432370774
10.914198099974033,22.30339912506901,21.694697624301142,9.282321566580075,16.611950089041756,14.617794089255304,11.039719640277035,14.321794627450085,16.696712401814413,19.5083619884365,10.81209909689225,15.979818903800112,10.820809849485284,14.450392639511534,19.050507422656178,19.04557745680192,11.667005420210034,12.763602467215172,12.824909498600599,16.00537549413737,14.15781108395785,14.192215944353578
9.867737280373905,12.563743443469292,10.701849654362176,15.087430221903547,10.642106149508939,17.180097026065898,22.568442272128895,16.842524115560632,13.934203102895358,13.381821065572023,10.060755860877906,8.326804017098066,13.24892823646013,12.826215211917717,11.199938963962174,10.99420551176479,20.150199557470284,12.62196392947873,11.201596955990757,9.559067812544662,15.883861728831087,10.921838670141403
9.952168164784485,11.466531650460274,14.452859588090831,15.744776633049762,22.55815514069417,15.74727988484259,11.579752427890318,14.763073054611334,17.55555115169728,14.481060800347105,13.248568335152708,10.61023197572398,12.156335389445621,12.67900316540764,7.928319198162631,9.555215441126638,11.66182372611281,9.474496966122095,13.19757626073231,8.669699558608905,16.23792976703027,17.327152131003306
14.492899093131339,22.01969924534678,19.078456845495822,9.956274291628109,17.639324011478436,17.561146068976093,12.424401919285565,9.05471295757396,15.893698751759166,16.50125091804994,13.030685625934645,15.857064829196709,15.201556358771873,12.449432305182537,8.209900032689788,11.965255923349194,14.073991071931806,13.586543468275707,13.290836586570158,15.403563065250967,21.096195656081132,13.169014616849589
10.487357841381021,13.240869955657288,14.205159754221524,12.251313145380207,9.141243192520207,17.717674695528345,21.133311253303283,14.799461943837226,19.02040268282008,14.302271828925454,9.352795014750951,11.407954390833236,16.56501022983755,9.559881950481078,10.728965862976933,17.839278076536903,15.204555036360464,13.607201269385722,13.701386552169266,11.453433425482103,20.127710984816662,16.185045319575583
11.299799853651487,9.562787152454788,20.828647661774728,14.55974903110513,12.29624814870027,16.655312877519126,7.78776350558328,9.048388260965394,21.863623702714545,11.148213787105336,13.60617647856191,14.750027555941426,19.170015406777928,16.50695084752154,11.811895908471481,11.65023079978833,12.258952619931378,9.206834780939408,14.739203618841945,13.533213752942922,15.099139141117096,17.453608106589158
13.580314804898627,17.17276960126643,13.403438828653043,10.016116729511985,13.202924814500008,11.348619898372892,9.409754597297397,11.18876234434003,14.518315771483064,13.265754741924148,18.901686478967804,11.548775709669194,8.121590274932666,15.823569755976445,11.236747294798903,19.296149689866695,15.311777228647653,14.978270963160337,19.64870099874085,10.710129055897559,14.438880355204946,15.316059066379779
13.618185478917392,17.064136014551046,17.9352752703297,9.738025994384579,15.276922535306031,14.041510959333658,12.893422545100933,12.21473811284591,20.65876859771815,13.42341530754642,11.314646494630944,16.52793660228552,19.494113368683042,21.834118270191222,10.832309569368146,11.63801628961333,10.181113838713292,10.473069829731195,19.04673363993362,5.271982502690436,12.465023492825445,12.772191912055881
7.54243009964423,13.992632661816483,8.604789638463064,22.697823718977865,13.504985124457873,15.519191419720727,13.809722232133856,11.614696934291116,12.521129130204553,13.785617087669488,10.44100425755623,11.472836293228609,16.60925016887377,14.475784690725378,14.557123587413159,15.312031819803304,7.200537847673402,10.079483237869796,13.086346788464617,16.73736695958141,11.817120427105436,16.246399519674238
15.565030056516436,19.5291706321649,14.362281919800028,13.922783773493782,10.074956382900599,14.330920528586379,11.794533358520072,20.892804716160196,15.42219114738538,14.61235113702501,11.151377277314701,17.485884528105625,10.646899078606186,12.523264186986966,14.325066455431486,14.432441971781856,14.511506559005975,17.08568656011293,12.591911120760031,22.30562211584629,15.143307443467709,12.332689910049579
17.846756664077017,13.680073016450816,14.043038014796064,18.642197888451623,15.194444662033813,12.175663396952874,13.893279236272338,12.840159986543192,17.37000641925326,17.828036177178518,16.58237452746166,15.052120107456368,11.02550035800114,9.49999242384036,11.949111224725788,14.185919156703328,11.166323238395897,6.999804384228693,17.95874041789894,13.37111172774071,14.757910794885134,14.644906852741117
10.650162003858682,11.90634702950121,17.01959870398101,14.831900161289886,9.034668436133636,12.499976541081635,8.975368350828663,10.239339784498055,15.835898887341216,5.887968697149537,8.437082140173686,8.319558382448704,11.394895619803512,8.6384881580067,20.0035396311026,15.894831030708476,10.682190650607735,18.385676196949785,18.072621083295136,10.972879853979682,20.78094308330589,11.185938804083175
12.146237195675157,11.0553555815009,17.273439344601968,8.227979021146885,13.487316473836799,14.940902658575018,13.523804815811083,18.46748668275661,15.75812708796185,12.175688694579023,12.666850460615617,11.004404095474152,15.779992706920057,13.90126134060654,14.410136215764814,14.120273113466137,11.302746078276488,15.596689086010596,15.056143558335773,11.624859722250626,8.874527298009424,22.90620515766705
14.989053880573811,9.752026447385294,11.78868831350768,11.79510394348697,7.7388010458103516,9.732639983396675,14.427390768169326,11.92383835696736,16.603491122222795,9.149820515088955,16.060683460323272,14.102017591249206,15.508321019675353,14.286109449243655,14.792588189856916,19.500245882784615,20.23060530196165,12.413678767207516,12.872081601654854,10.313130173882387,9.172342223048688,9.746747147497683
15.274279902512474,11.779271395453337,11.346750192550736,11.476261186103693,11.556556256944603,14.98433663929465,17.205795783088384,14.355052001851833,18.70966391612216,12.895897952378236,9.670367283765062,11.271549086726372,10.011136041535124,14.622377963460865,14.583953808440931,13.0152365648911,20.865958590278954,13.620276769951776,17.603398556190292,16.082914413173757,13.509228406977055,13.482142142398331
