script/wind150m.json
{"header": {"parameterCategory": 2, "parameterNumber": 2, "lo1": 6.000198445256149, "la1": 58.999992894266676, "dx": 0.5, "dy": 0.25, "nx": 22, "ny": 24, "refTime": "2024-03-17T10:00:00.000Z"}, "data":
[rows 0 to 23 of 24, columns 0 to 21 of 22]
-1.1312506699653024,-8.17287073790784,-8.667326548396499,-0.9953893709309071,-0.19914098868597965,-7.458652535779075,-1.633835611500343,-0.30181551938043344,-5.307287170616322,-8.874380487818447,-0.025718801791063672,-3.5267762559800073,-11.376666548332707,-1.6292983861583903,0.4246520575889396,-2.344569505025453,-0.7185473409023926,-18.315295713198047,0.7973760595084124,-2.29295033351519,-1.83129409277723,4.133998002887029
4.2553379254829755,-9.169750114346806,-11.948108513796289,3.345322791713536,-5.185539482389172,-0.1711541742304472,2.2914629961820046,-2.7869223887870263,0.24705106192429208,2.3676460977930742,-1.769423881000693,-5.611833340497667,-7.629896739675446,-8.129820950726574,2.1911957630407324,-5.373207439165753,-2.223382211833932,-3.5378754336972214,1.5511641035246408,-7.128752198256577,1.3842068585962803,0.4240857197979968
-3.8807989540791628,-3.7407181162517724,1.7555300480461487,-0.3625916322213289,-3.7175360746677235,2.5688373523658794,1.0808702852260232,2.1714050848207678,-7.3266575611381946,1.3910923240662258,-4.878835013851022,-5.238753238098317,-0.632711710917838,-5.725115485530671,-2.409519319306387,-0.11875600543287701,-5.228588266483244,-5.54780992994131,-6.762221565790821,-7.891427874472781,2.0992353894623372,-1.7566323984204693
2.332791280081005,-2.799692651148961,0.4573671809599811,-3.42151748752713,-4.711759216500594,-2.2606662423874484,-1.334234016589276,3.265881765334025,0.31181427120317695,1.529387716617043,3.3921333151717215,3.3850302655468174,3.4168624179257496,0.342890643268727,-4.781109159515337,-1.9450761128603322,0.3556904141365395,-4.433414362440594,-4.808872354067038,-6.354204137878388,-3.944472011967797,0.1762190096379446
1.2982334393576342,1.4422193324741308,0.07903358898974026,-2.8056329935224813,4.069591707402714,0.7793392493587329,-3.4905979318761697,-1.986884779613858,2.2119200311673413,-8.811267345384879,-1.3637197106732932,-2.48797643506524,-2.853762890128426,2.927671333628606,-1.8487787110203824,2.0703199309913187,-2.225152076325362,-8.957602343327572,-2.6690691173065693,0.9820295167730061,-5.460190836206384,-0.4392814393020009
1.3431639890835116,-0.29914007464923176,3.592649983311471,0.553457091849449,-8.909440959482605,-7.8650851644243875,-3.5856988117829856,-4.8407520990766395,-0.7165599924560119,-3.3496872119916175,-5.042772176646394,-2.340145899000967,-3.2199741773206734,4.3121384943089796,-1.4190487543953485,3.3994390167333814,3.4772733879686966,-10.48968473877399,2.0485189647649307,2.0769586605378847,0.5367709222251081,1.8792807946875136
-1.6937194723927644,-8.584772511129508,-4.8284968850023,0.7382966812624879,-1.8715805901219291,3.410716890212123,-8.099674314536662,-5.805844859254357,-10.358624084504612,-7.122491569852895,1.2016540360075505,-0.7560638150865518,-7.808780133217807,0.727059182238225,-8.95063716613117,-10.26515013641512,-1.8214288753497803,-8.387957334276976,3.91373438331533,-7.855087692691168,1.2419918397959362,-2.5009638925656152
2.0543291517743536,2.4009545541941417,-1.0620710137786935,-4.615943240575325,2.306377747982739,-3.0217811733760684,2.414420949788523,-4.856454442054869,-7.822767300298475,-1.3522849895398952,-8.658818604057535,-5.601139228162762,0.06644355566673696,-2.039172295945709,-6.642438545312583,-2.9051157013836155,-2.0317841327296824,-5.500828851474123,3.4269707290132247,-2.4743977490562505,-2.3502416821673875,-5.94247365202112
-4.891729243650632,0.6287185971646276,-2.1958420671504357,3.0471707700592994,1.4308790037154204,-8.245656090010904,-11.710881576013593,-4.159457992015803,-6.384556722221026,-3.6039128426296427,0.9453440995066809,-8.35212216612119,0.6787886482896388,-4.1002883841684925,-0.3206300727525858,-8.121064801820708,-8.095849780598355,0.21851584189038176,-7.686104307428709,-7.432638875191414,-5.134492526007144,0.5013514212088716
-1.7654712324691832,-0.47540526095846186,4.600325660948531,-4.40824700724408,-4.502682797346494,-0.11012118097172917,-3.409325212619792,2.5549188711289137,2.350754623850282,3.8853003136195885,-0.8328278276983083,-5.856441857523956,-0.4870060458797223,-3.3071269502872878,-2.8044062003144314,2.5898955442731046,-0.5681495675429382,-7.411271738427723,2.037674260367695,-0.7093692086131592,1.280866664755604,-7.001062857139129
4.32309418859597,2.4795051284241154,-3.559590395172561,-12.436023565570293,0.696095725045812,1.9319525032195426,2.641052471298393,0.20976777768626964,-9.580767853950727,3.0824914196918516,-6.980859297930685,-8.837156299184196,-2.676111097736104,-8.635668661415668,-10.650828140867135,0.9144155743108208,-1.493761183118109,-0.1478414770232742,-1.5330254966655918,-5.085715591702734,-3.901811873896522,-3.129414983436128
-1.6949677453326457,-3.088159940506406,-2.7842571594271104,0.38199489071274556,2.787163730327865,-3.9974898475289713,-5.030955228047145,2.505846676348073,-5.518553492141897,-1.308606598934863,-3.8339263850534584,-0.18770563767881368,1.5170985942461586,-0.19140586805532692,-2.6190228980385575,0.40762830109072795,-4.782346796726147,3.153677415214538,-9.455583133115097,-8.592562397213753,-9.63711501979289,-0.6712900881364126
-0.5936992368743116,3.023552974367923,-8.051730188468323,-8.940260252107874,2.5677086829266047,-1.8316000067538107,-9.178404881196984,-4.071546306668448,-2.7686187746280924,-8.347632130965808,1.8618247856188543,-1.080879669024489,-7.169547269305497,-3.279366958319344,-3.917528575894404,-6.010536765320726,-4.232861572732696,-10.545966376537912,-3.05753778870459,-5.868211189624238,2.6583384716081704,-0.7040365593539936
-4.081626903681056,-2.163691041579177,-12.568208298172607,-0.4340080238845622,-0.994522762605048,-3.332857738050583,-5.386792320270553,-5.399485279303097,0.17688309474227965,-9.390744982658225,-0.3086852956295011,0.17184513961151354,-2.1801772008773037,-4.820690107488133,-3.1778923962646015,2.8809571324334167,-9.837768394276397,-1.4425922004808844,-8.837964467218653,-3.3503963549659868,-5.385016316720217,2.98310155663524
2.8194679757376124,0.48509395696054036,-5.119759494210058,4.043377309686011,0.015475842065183477,-7.919333631095804,-2.7707483399186654,-4.160533829993015,3.289047265464243,3.7304087984571113,-3.1064475226037715,-12.304396515286978,-8.835276374601873,-7.121753556672578,0.5585198841067659,1.1440166123026667,-0.9727953578548372,2.7598340975787954,-0.10960659750305145,-9.273443477430714,-8.734189452813805,3.3476489908646685
-5.69853593909691,-4.4449466004241645,-5.211919962018263,-9.713682039770296,-0.15583312558796017,2.4155790477872743,0.033243743420877436,-9.223904316789673,-0.5161219998918088,-4.5888412828612095,-1.8539318183877949,-0.28309180557184,-2.940238807154271,-5.714115237247452,-4.111238023990519,3.695899523595213,1.2817699846846438,-3.2280402138224606,2.9957419229491316,-0.11719730461301286,-6.855289363150221,0.8973796014716626
-3.1294303837771116,2.179017713051354,-0.47105897848168715,-9.617239036811288,1.752465585558567,-5.450990842463605,-2.7574279465890794,1.2279276791769298,-1.0004938908300254,2.6830336243314434,0.8033928640955199,-8.614264581900022,2.786657750257108,4.124578041047666,3.288198865933572,1.0251723805107018,4.15527973465888,1.8243912783177523,-3.2959296807864695,-8.784079006976606,-0.9730638090902926,-3.3223896974857725
-2.867813963817237,0.26816118017419605,-10.095811365041328,2.198390192201575,-0.11284780644054172,2.6633666817916457,-0.6020026941270081,-3.7192870725164386,-3.305437355567199,-6.155430489234432,-10.159787039448995,0.7034980100033972,-8.853275327025782,1.6793527360607514,0.016625398613539958,0.4811507671253821,-8.035406483962689,-3.305242357397058,2.7235313168515125,-2.9216917062774317,-7.904384346095837,-9.444519267213561
4.163547606743776,-1.8657571904648205,5.057657732656284,2.58993562876812,-1.6066772896995272,-1.932747478843632,-9.938438410162489,2.363110570711065,-3.2456575680257225,-1.2907007728051567,-5.826641632081475,-1.85165032737367,-0.9023562362037825,-7.688311312299307,-2.0883039206619562,-0.12820260416017573,-8.29187571403832,-3.1566367688378953,-3.2862934504870838,3.436297915958563,-3.8535972079588743,-7.54781234869723
-4.644219072017414,-6.77219330044942,0.1326612241370763,-2.895752899082227,-8.625736655016937,-2.621871055653371,-2.679107000881958,2.271369773064293,3.8924948126370302,4.286648649615686,2.8994126153428925,-6.2308116646374145,-0.519354143434724,-0.7959607652276303,1.0802613704458692,-0.4753829475785695,1.1130294532618297,-8.134434648143554,2.5556302373829367,-0.09226746560762485,-0.35139841944591776,-5.713933558909699
-1.1430706694712873,-2.0854047610892383,-5.32531962877606,3.471062753862152,0.7340075869206789,-2.7190849732914444,-1.9181619922589508,-8.65726073897966,-4.7091634508518165,-8.149906507274238,-0.34236617933845015,-1.3066054333565864,-5.395916923947229,-1.5793761927294887,-2.2257083609937944,-11.115974272375526,-4.465582347351511,2.6123086255298085,-4.957803968379462,-2.4544612918712083,4.518165644472072,-4.860287555913019
-2.88877397864302,3.880990481025039,-1.0513495963487023,-0.667871208791616,2.877943888859604,0.37332918329426446,-4.982170214644687,2.622684852898184,-1.5932461327646625,-9.909152998248421,-2.62366285247936,-6.155720183784677,1.3187371003620376,0.9691159136402884,-4.718162599139709,-8.546615819596033,-10.19275325774054,-12.245332667370176,-3.535815086383449,-6.2334956652733435,-9.231385099813316,2.831436100319829
0.9764209363820255,-0.07324628447724148,-2.095123102831063,2.119471072821162,-7.285816863418891,-3.286680204547015,1.4016151515791908,1.726877094479937,2.5215925832568686,-6.222194000944365,0.8571683137547561,-3.2922215550795424,-8.25606839102637,0.5617100172719152,-6.16626975055049,1.2068023758754534,-3.3207716830659897,-0.3426876725606949,-9.310263465983178,-6.4362207796430395,-2.7649958826115633,-8.198448018897242
-0.09987954649724205,-1.0415105239719833,2.3337558768222806,0.4224061164298397,-5.906983255101987,-5.03122115804114,-2.6515348155505545,-8.693218312231169,0.10550089962790021,2.270610677512998,2.8983108360212775,0.007126765286963454,-1.3782318867221721,-2.357483935285956,1.7225325908784135,-2.5082177137136554,3.0513759468482067,-2.738527661940612,-2.4539586716845627,2.866260805090495,-6.872116207463281,-8.812977611024687
