script/wind10m.json
{"header": {"parameterCategory": 2, "parameterNumber": 2, "lo1": 6.000027932988019, "la1": 58.9999434238085, "dx": 0.5, "dy": 0.25, "nx": 22, "ny": 24, "refTime": "2024-06-23T05:00:00.000Z"}, "data":
[rows 0 to 23 of 24, columns 0 to 21 of 22]
-0.1518960939771071,0.7724044597725918,2.9610205634487547,-0.7357977881536566,0.757385488475842,-0.5256917358516595,0.15779685896068626,0.2987186388436597,0.02694493232734422,-0.5689178006887398,-0.15415765631028835,-0.9347032577992792,0.8455464122848027,0.8861219633854087,0.6185528804906922,2.0538135527361225,-0.008612990117347168,1.7649507813857475,1.2758099778464342,0.8820652390450586,0.7932593783355205,0.5634733579332918
-0.8310062221495877,1.3434612053206587,0.6459201664148193,-0.9179329296950237,1.6627191020864391,0.1299283240287786,0.19405545374230088,0.4110698995883751,0.3410524775151404,-1.001484553358761,-1.680287786434817,-0.28394985221701524,0.1426457807494118,0.5923427903016065,0.7151626188661715,1.797815683085384,0.4240247294138834,1.1970758878317058,0.6733654901314023,0.8317840587707344,0.8662651496162476,0.815809450721626
-0.12814152124682748,-0.7941981151033038,0.5216615090578407,0.7797563646055674,1.026022837464472,0.7233938275386559,0.8861550947669937,0.6941663210572769,0.745294532721808,-1.0098551745153448,-1.9069366851179925,0.18124529542947254,-0.27856428197073463,-3.4414145968654344,-0.5996123589551507,0.46034243282271625,0.4474409688076175,2.4151179832202097,1.7785290781512693,1.4303216039611988,1.377847541660583,1.0331732726399818
0.6793284392660877,0.8725072482785766,1.2669744939348397,0.26658748460078696,0.8159352062319108,1.096101172911121,1.1498981267197332,1.3359280513522651,-0.29847000665382406,0.7603376888108456,-1.9402394094213453,-0.5159371877379989,-0.07678385216029916,-1.2576702182701618,-1.9989225291821477,-0.2601529277975367,1.357317997294181,2.589015485031075,1.4998819661198362,1.053382340380376,1.4462967110185065,0.8756661810573296
2.7620963245957193,3.6938374159823617,2.437481486263529,2.8631239981237617,7.4669482341592275,7.103626518004842,4.386340556831984,1.4225175292441914,2.1543991852197837,0.54459507542913,0.6088467837864725,-0.4522183974427091,-0.15311577369522225,-0.598343987451641,-0.6680286167195764,-1.1466446848881335,0.30445555437522387,0.91282967138475,1.332765450029647,0.8557827108956861,1.6792908176130066,1.0970518410387724
3.738641835090686,4.694377091614344,5.161413737103867,6.050082662300082,7.49077360000382,8.474773771306126,6.593059639996658,4.75910652956563,4.222826561392186,1.9698271257220197,2.4097156354552904,0.7281072039269109,-0.25570037927260464,-0.9137262649355176,-1.493494082938961,-0.045954484776916306,-0.3857086786977741,0.04739612196629874,0.5250251592025077,0.47254102634871065,1.9392687153634462,1.4927184266351907
4.279972295121386,5.063263769878044,5.719961617587202,5.8901702413333545,6.840798451015588,7.519469672547561,6.832883970647487,6.827906097211177,2.868827415282588,4.628238955250814,4.241215275964705,3.627969070305213,1.4047432692340314,-0.873753184816825,-0.28641074549633133,0.5436513471962744,-0.25358215546835283,0.0927429138398186,0.7291893732224424,0.8568528913090813,1.7566595838061512,1.884194300603114
4.434915625500875,4.244109204207916,5.295098768770771,5.685263487561394,6.567245217594509,6.546756430903757,6.82452019689038,6.90158599378284,4.368410744214247,3.5979372043083413,3.60428231410324,6.440474380292862,5.405869234627552,0.8999203531569246,-0.4766238480452781,0.372330668812063,0.5248775603693777,0.5012828318553852,0.3872630291055051,1.153348786654312,1.8696974350322706,4.023622957035646
4.084012293700492,4.354421472452507,4.874340054634658,5.476112190320755,5.829652885661515,2.3405701980801092,6.120955146885669,3.906649554172618,3.738322048988427,8.354760976249123,8.849536048239832,7.9944859232573195,7.298954657174119,2.1208532019916846,1.6068731767105657,0.5817173155990454,0.5741324873847646,0.8560182279937489,0.5742278794698239,1.2218723637828057,1.9796724157375885,3.955901604373405
3.8720928707317532,4.668872879358962,4.9942707186103,4.963027632970408,5.680998597100467,4.00229565345521,3.2721292078183692,3.4833915033192757,3.904244869809265,7.278866161111408,9.734990489983613,9.754722523328022,8.821021426200723,8.277913516743933,1.8931573344027866,2.1276413785144443,0.580704933811578,1.1994903517158118,1.014764534566538,1.3462116159729618,1.8804399089769612,4.117619855023205
4.209337668941808,4.695025327681993,4.838041347733144,4.960530267492015,4.718627844329543,3.0398527759158513,2.5139082004350155,3.3081442157270673,3.982579072420294,4.484792497550971,9.376960760730302,10.252103643307334,9.051294190555366,9.304217489596057,5.08129587242241,2.565285357490913,2.0690462735540467,0.9045060629332672,0.9376893354188125,1.3464827755217517,2.1752173669613497,4.02671534981765
3.906855404236788,4.5297258763122015,4.287604672782234,4.640329222492599,4.614674324892889,2.32109456277439,2.6178432408232806,3.0293107121603726,3.553356787709332,4.8394253441361625,8.033798472664479,9.162363874321494,10.017116790918973,6.607844275638033,3.773435811673246,3.120142301135509,2.8388423132710927,2.322360669063073,1.358732278457787,1.8902901136767594,2.2557610175917175,4.846049846697985
4.316500105866781,4.568408598309049,4.305658278659519,4.634820967853616,5.245381530503505,2.657674327647208,2.161042642914028,2.15364438045294,3.6324037772110236,6.46242042790558,8.530645977115896,8.932963755848805,5.240722381137652,4.3058926370258,4.97339717656535,2.9945965666341103,3.0023067847827547,5.7138451562139725,5.533929794311428,6.64498676440497,5.864147885521038,7.238043266974961
3.893966481722772,4.778500312904598,4.910733533300298,4.833126558473405,5.479913096586719,3.0435394058273593,2.51214705333878,2.1733045541686087,3.9714160112826273,6.528274436692756,7.373126885243203,5.274694862874665,5.240367623449179,4.491546099339967,5.475257006467267,4.427425294681521,3.286821096579135,6.6154176868517816,8.699915666413116,9.081646525407857,7.824455294783047,8.123407420853862
3.7513018562550764,5.005356026643198,5.078628706051873,5.007935726929318,4.748014483618854,2.6198883450684405,2.559005201984204,2.4583778210518954,2.927233918110389,5.67080535244644,5.878949134871587,4.290558191115315,3.5908460304422842,8.540675294299936,5.558407142263824,4.630971377015427,4.689560386782612,6.808562592107568,9.525961441827274,9.483642368470079,9.874430880776591,9.383402041596483
4.105593836716101,5.179285141760578,4.819166024118248,5.315121218398062,4.5830553859831165,3.373708645084849,1.1684836450422031,1.5313034746286367,2.5925192583819676,4.608800641628959,4.376751310261396,3.700547463210906,3.918783065888409,6.611240531055411,8.806633640439573,8.345458344699646,8.599829231735075,9.308000824046275,9.365170303504666,11.056104468344383,10.82467711676587,10.210100560905232
4.666118890771858,5.078062650829286,5.360460655420147,5.321702180898491,5.958083644577903,5.260889398802564,3.3357999072653377,3.0631374590400937,5.116718375956988,5.077981190630762,7.9187309570309745,5.353244801591722,3.4756739382577533,5.054492081593243,8.89730319209448,9.828502704060224,10.536876717172124,10.40649306355024,5.855230701957354,9.377776917008285,10.596244824761524,11.187499713681015
4.229202777929406,5.246367162798403,5.937400255540796,5.9122455911287455,6.17391851777833,6.23550424259652,3.4238561933438856,4.288926886133022,5.5091747027860665,6.567433671318162,7.457348777302194,3.7153781163398416,3.549891019705943,7.467645105323324,6.293379654925673,9.67581438507745,9.68894987637529,10.015582155316226,10.555548301949337,10.879330687948338,11.228114622023913,10.500334212185562
4.034333228765289,5.312198154576192,5.723800826799977,6.274392816470978,5.910908077366123,6.576376421728587,4.874205372959778,3.915821179554863,6.232117403505851,6.9621004970006215,6.593395605784475,8.576864968298333,7.66476302111523,7.748404834744512,8.070876986049162,6.272083230652293,8.547704379677088,10.334343685617812,10.159622355708743,9.81161525645929,10.321892374237244,6.582149709900382
4.125036445371113,5.220365549129225,5.740253114399212,6.218419648463719,6.52276411106768,6.303054775369344,4.009697724457462,3.932187392709672,3.855369942980449,3.732897309967612,3.8546294436603077,7.786384604066344,8.442128104384945,4.771804391339003,2.446987000535396,6.226241474893668,7.5644694157795325,8.743339790865784,8.280430611467597,9.675326425224617,7.940403669556298,5.09785918135755
4.065916840978856,5.552680622873596,5.877770708694706,6.177247167721019,6.700668679493109,7.178832888267148,4.217802074542105,3.073106972251546,2.2891171094826968,3.4560749689032355,5.729159455930642,4.281342696657808,3.889943486273916,3.7981584872177665,3.194318358871588,3.5339204024671784,5.555374989145785,7.7809135208338125,3.7781078001903037,4.539689531679584,4.136360435321975,3.6790380170648063
4.123489028555787,4.8686840333284325,5.640862822750791,5.710696087289546,5.270039369293445,6.595989355459597,2.9023039361864584,4.2367246116814465,3.0908848743591233,3.3948008608038265,3.33488531637741,3.7254575942986783,3.684962635927805,3.9340900694777265,3.4354952279033144,2.285610180495363,3.5019019364373976,8.35758772317564,3.8159780265095082,3.492811210268451,3.442835266512491,3.567508987403745
4.210570415259778,3.536665091619431,3.798628359366386,2.946353808661326,3.093887032243063,4.057175369973923,2.422197787320281,2.777507197387037,3.9848260551173653,2.433875117682781,2.288540578199044,2.5922385970410455,3.4033774774919268,3.015572737597274,3.1678306426544074,3.390363478797068,2.6151105813081448,2.1169867402041045,3.577769569372062,3.3745509866862986,3.4388554609098083,2.570706467897698
1.1127708034385533,1.6595452694513206,1.7318056242468236,2.4558969724848616,2.0679565483409155,2.7895248141462816,1.9488355178234564,2.2732544397362355,2.4712418237512717,2.093269840466072,1.8386720335536726,1.6708239682855517,2.7192105281591163,1.9777740418516196,2.6432920969611087,2.3754976267895853,3.772718878649803,2.5701684636605946,3.8498542527435493,3.2383068217187407,3.0312694189684377,5.177522708974947
