script/wind50m.json
{"header": {"parameterCategory": 2, "parameterNumber": 3, "lo1": 6.000198445256149, "la1": 58.999992894266676, "dx": 0.5, "dy": 0.25, "nx": 22, "ny": 24, "refTime": "2024-03-05T13:00:00.000Z"}, "data":
[rows 0 to 23 of 24, columns 0 to 21 of 22]
-1.8728631174532484,-2.3271512904036196,-1.2173325997619109,0.14518530055756773,-1.6165871815583899,-3.3007407774062703,-5.362005060134833,-6.962918073990221,1.8772222382424268,-2.9515295238258887,-5.444011664417972,-1.1968824506867453,-3.1101476087019333,-0.04440132243439921,-4.068889450695375,-2.3117213711967106,-3.9303133269821235,-2.6624605990590298,-0.08723723865591813,-2.4885415131711666,-4.486364033601237,-3.31053566280699
-1.8944092007949798,-2.2475734089001773,-3.032994674660411,0.06831998819747151,0.661273914694316,0.854346502708334,-1.0289484010546543,0.20365268310249038,-4.132659326732068,-6.0481422149738835,-0.17599243640574286,-3.2791735628514296,-5.683365691768495,-1.1687115402783637,-4.909145795279222,-2.351311079607599,-1.2060572409988803,1.0309327281248708,-3.1285249089567606,-3.6289629942494424,-3.144025475467145,-3.576352513160071
-1.1426799265699035,-2.533022087002211,-3.0535074011243335,0.10531833071240469,1.1030052558228056,-4.685927422532396,2.171954738355577,-7.265894885181104,0.6645873246125328,-0.07827733481122603,-2.016433992832621,-5.325499441890003,0.4917224434226011,-2.7139355134907066,-6.004097016413668,-2.806926598468152,-1.5068829983747298,-3.5984183046486637,-2.5920177774622375,-4.55927396636801,-3.2252015224752038,-7.184964772703209
-1.2315357000050333,-2.0400522933667777,-2.9861478415663862,0.15204261894896717,-5.637840848216236,-5.453055934918819,-2.7056410137457,-5.5651964512663925,-4.434541249502857,-9.053869926194828,-7.007292170111309,0.7739241939628385,-2.2126178930659925,-3.4285881380744265,-0.7591351990187345,-2.5492382009619052,-1.7103295201517787,-3.3938122966441635,-3.6332342035290357,-2.8221883911225167,1.7193202014674318,-3.321647378903065
-1.525837842937119,-1.823577960025779,-2.5328895590334004,-2.638476714590736,-4.491771915163536,-4.334472583334758,-1.850591497440091,1.6100487276585447,0.4261280729474005,0.23416861806466072,0.5841945441470413,-3.302053469818035,-2.3180406161773712,-8.84228236478201,-1.7160248373521545,-2.2123733716766694,0.4724528934387011,-2.695157958371409,-2.9680419328447902,-4.063240053299907,-5.413465437501552,-3.1856242800588617
-1.1514923630600347,-0.5991815494446499,-2.3698692995220645,-5.229280025350469,-2.7838141559490914,-0.6212867183140102,2.043247325292657,-7.010706426735789,-5.621990931939058,-4.267001068487833,-6.117666170014294,-3.7891971974041754,-2.8077202786548052,1.350435871771786,-1.04857680650027,-2.144571277500678,-6.778408226464815,-3.907367290179819,-7.3835413028590855,-1.338022942079912,-5.433170442092352,-3.9632046023972953
-1.511550294541948,-2.5444672299031517,-1.9190015007936136,-4.224657018489948,-1.707324277991837,-4.718504428266915,-5.35162778396116,-0.06966927911347699,0.20850692532367668,0.6288253997106249,-10.356156104575946,1.8459713775471767,2.064635273047827,-0.09437582359740432,-1.3395748199540478,-2.3511414748767168,-4.104840632979733,-2.45963192022322,-3.7827732025563297,-3.9730936746952588,-3.6412788625103474,-3.9718825737438745
-1.033936170795258,-2.4157397837683834,-1.4668639788793663,-3.5586014738826948,0.45838124002297237,-5.317784807826056,-1.4901473580492173,1.6592827259897402,-6.356015878354873,-3.529760789105364,-1.9303751436029117,-0.37636606640121856,0.47060448439808744,-0.5015256573371649,-2.9348607621086846,-3.6679453101347725,-3.753620165189303,0.43448391865315567,-3.3481919617458256,-4.107317961771294,-2.4251967471636253,-0.35397352317990655
-1.1159453440993417,-2.1786503868984606,-1.3574535477401715,-3.0221893570424294,-3.606255163348937,-4.174120634670239,1.938117265135747,-7.027644921980019,0.03750399598688344,-9.368385595469285,-6.716405192968198,-2.9659559725828064,-3.0494319343547858,-2.0176088222738353,-3.491796893920282,-2.5658835985401645,-3.7278265868280562,0.7529323870755408,-3.9229516454362034,-1.959531881197398,-0.3703830113619902,-5.148025620395814
-1.118181216093503,-0.1948361737919907,-1.5030917656411513,-1.3287050697923461,-5.931014838851998,0.6604782176927683,-5.234323428387523,-0.3820480386437334,-8.93205267010704,-3.0132230664234285,1.3491286757733552,-3.8310717302645814,-3.090191896134027,-4.057224024824638,-2.871399410880663,-2.247157260604713,-2.8517660902433284,-3.677189910433329,0.4250805874532917,-4.390723307823326,-3.435639893576787,-0.5134423700825633
-1.8800562070115185,-0.6144680789678147,-0.9692493931748187,-0.9844961556638151,-2.868501388246551,-5.1463323902000635,-1.050796537500823,-7.220995578917449,0.12674866839454224,-8.966076016316224,-2.1156767890788077,0.428342176989424,-6.360503219426678,-3.3499433286788722,-2.7291875789922395,-2.231348928907328,-3.6849810669661562,-3.3040011010764343,-2.913414551700205,0.9630400577565988,-3.7681530817186477,-4.668580600634687
-1.5408379007276942,-1.2391345454722869,-1.1301104700005355,-0.32138291548653586,-1.6783093595413126,-3.8092727824949377,2.4453962595872456,-2.2180973353542526,-9.166170685021294,-3.038746952097682,-6.869350741642177,-3.0264501503921455,1.4625826743207342,-9.645280321684481,-3.4211061194433543,-2.368964343932635,-4.177261003859534,-2.667828505632852,-3.3347087917005704,-1.3543361351714882,-3.8441288559420688,-2.0111771858516745
-1.353782481576525,-1.1824918727947835,-1.1638034244506823,-0.18997736988367706,0.9564750429731168,-1.338206830248495,-5.0422593722365265,3.0216635939832583,-1.718877990744248,-9.743303500237833,1.3925555228124558,-3.817942996532943,-0.14678816620240565,1.1264198770830893,-3.2736269926119403,-2.4507122474419765,-2.254009099899637,-2.073701526186016,-3.6263811647952258,-3.9090612149419592,-2.7300256338402775,-5.460286567246529
-1.4512161997682385,-1.121314798527829,-0.8512554176197165,-0.05033545972573807,0.9800168246900597,0.8246459228399743,-0.7717792511470932,-2.7836216001323892,-9.458118081203414,0.2867877529644577,-2.292602579091208,0.4472033211271873,-2.8126168778677108,0.7996476671385707,-2.8845986682706366,-2.165829744621517,-2.6882161406498133,-1.1713701678877613,-1.4757052597992069,-2.724215418487033,-4.773056017013073,-1.8199212235631632
-1.7659850253621048,-1.320541005399473,-0.5544456459873074,-5.123076958086646,-5.505897012094903,-6.063084010998988,2.088267531208675,1.4888083914531085,-1.0740644419227305,-4.5361064209908015,-7.327593194155643,-0.4187792692129289,-3.7338960104065446,-0.5100580509126051,-3.159428591358263,-2.4040817855529193,-1.379910181771666,-8.089329470816333,-3.2507804575652415,-1.4485306679769603,-2.751255915815988,-1.524532308075769
-0.9461114778598911,-2.1047109556848818,-0.041188003145161044,-3.0526461123709763,-3.3609711155151674,-3.546200712855683,-4.112469789433539,-7.092826187262519,-9.508629421257359,1.2639767988662425,-3.7723195682367954,-3.376843000744246,1.1865127211057314,-0.8512474813582416,-3.379645512574742,-2.1987162231733683,0.28192459373280443,-3.2383902551716215,-3.2388569878442506,-4.608247016817584,-3.3962178498359483,-7.2769447806695995
-1.7845140923422043,-0.23433121845704938,-0.29478923973758625,-3.2907730514858544,-1.3651680629203102,-0.5947276485608949,-1.7619815933245506,-0.7061520248931233,-0.0961279221109831,-2.835956367683805,-4.641451376452461,-3.810973030394202,-0.028950037202626566,-2.1711129277504746,-7.332767531680197,-3.0075478443569517,-9.37090680555984,-5.796615398455616,-3.359668547324146,0.47263955451053136,-3.396764587677421,-1.3449890497427357
-1.3385684783608418,-0.53407146637281,0.1383374359109751,-1.408708413743468,0.6198231453515451,-4.809144761815674,1.2993885484432541,-7.121159147199533,-8.821346847980609,-10.27895043003119,1.6401026572838804,0.3563848957118849,-1.3580291771353343,-3.6756680051297166,-5.655624156656396,-2.9051806832712006,0.8838792426491405,-2.485782387815556,-2.072134110512313,-3.505607895274209,-2.470927570819388,-7.5060140222581495
-1.4000846408859584,-0.9567141637748837,-1.8472414716199421,-1.4611418256742323,-3.230884879630397,-3.878262843074193,-2.654061066367002,0.24729197111014448,0.3186551808886168,0.22979369943533853,-3.7325724108793947,-2.9422426896985936,-2.767706452711867,-4.268243849993559,-0.01324387094420913,-1.9773057576019886,-4.220350062816589,-2.856266950550645,-3.2442612450956663,-5.331315818283037,-5.326984112402884,-4.23065949682876
-1.4315003656822987,-1.490765191544475,-1.9322082708343071,0.0757218142861428,-5.90284580588142,-1.391812914440869,-1.0557601389049454,1.3690493105455077,-8.288343431833814,-5.891869576236176,-3.8202644151557013,-4.101283787860342,-3.1852783925545074,-6.968519670810101,-0.10839082673674985,-4.909583187959441,-3.2157862300118523,0.07178192270581292,-2.2567492683246053,-2.387447733705242,-2.967356833628686,-6.6923372059434225
-1.4143875839216524,-1.5576709831862723,-2.2030565841005645,0.20586230836053715,-2.2538463719127084,-0.978292519512059,2.320630536656069,-7.10434469358549,0.31805013068419336,1.6281797432378082,2.092301582215592,2.2027877207788955,1.3419630931367443,1.1793228750926685,-1.3648505473419366,-2.3240983416479457,-3.006741597730314,-4.067989023399008,-3.68374408456511,-1.4935385688920735,-4.119813337740024,-3.10109017098903
-1.0607321634599869,-1.390162556636979,-2.450860021086951,-0.13847439889911672,-0.05196860259901201,-5.930289618188291,-4.351362898595793,-1.0706839268995771,-8.821509047194507,-6.0073587357226375,-2.8264654846416186,-0.992474225825345,0.28249802279792974,1.1452534235319727,-1.1069186595981206,-1.3743392766117528,-3.564089022193423,-3.8538239321249215,-2.256165969109895,-3.4398991138567037,1.575010408239037,-7.0746950979313725
-1.3451467529389807,-1.2191441197394357,-1.5119611947993938,-3.5911187784829592,1.1080754278209675,-4.321593305116656,-1.2969240721560216,-6.8280818012141316,-1.5010540141839672,1.530610928464374,-4.061342772847381,-2.954650727604216,-1.6194993654482492,-0.06682204574150216,-1.0072342699086216,-2.04188341939321,-3.9044077119693337,-3.0327138144538908,-3.229672867592915,-3.7286908661701017,-3.8776775443468594,-2.4461609338361945
-1.0360525261321014,-1.1741003860779864,-1.2810911847705588,-3.330511287400062,-6.070475665677633,-4.530462090722904,-5.6548661455996,-0.01573349251463,-9.493591017095651,-2.872959174934364,-10.086119198100022,-3.885743786833847,-2.259126351500183,-2.1537403224042797,-0.8561300464893501,-0.6843022459742307,-2.8025413364071494,-2.954936782167529,-2.5626380374882545,-3.4546672242848917,-3.3833103081214007,-2.1387709282962812
