script/wind10m.json
{"header": {"parameterCategory": 2, "parameterNumber": 3, "lo1": 6.000198445256149, "la1": 58.999992894266676, "dx": 0.5, "dy": 0.25, "nx": 22, "ny": 24, "refTime": "2024-04-22T22:00:00.000Z"}, "data":
[rows 0 to 23 of 24, columns 0 to 21 of 22]
0.03751134608783303,0.0392709002838718,-2.36098640752128,-3.227529744556274,-2.2151218398121313,-3.6156847816278668,-1.9243281775685233,-0.12737630931802635,1.611244954780779,3.661240758771707,1.2883046315426403,0.1312548715518049,0.15873166010277875,-0.09056682487797325,0.9650607788113362,0.8877585020185358,-0.22881403764648223,0.36496415183473796,0.5358851375627222,0.5395802364873812,-0.3567659288755995,-2.2677428625006795
-0.5494472662289097,-3.742337348817739,-2.197465655299007,-1.8945469235720696,-2.2091119766070983,-0.9042743607877511,-0.9753139315906836,5.038182625028976,6.359642336643122,4.097074617979397,1.624336427722357,0.14603349023785733,0.6730640032632847,0.6664580311009767,2.2065723423324455,2.7601432519696822,0.4840985388349539,0.7850271520297968,0.42166518157035204,0.1317249521817781,-1.0215002363100252,-1.9590620318520071
-0.5946060029557364,-1.164566551137776,0.7276967717759035,0.24520106487868767,-2.541376550592181,-1.467880315855439,-1.3067120846997768,4.9601438083584535,6.924843010083799,4.4705224926870875,1.955022874126794,0.45566889713264863,0.4080676952031295,0.3535126615803107,1.1343867031656563,1.3868614894545765,0.08044041669520224,-0.7096570685481107,-2.151097425483022,-0.31249984031809336,-1.4514560775386907,-2.24339471161307
-5.6286531025410484,-1.6008541272711154,-1.91887632855341,-0.7802777552478943,-1.1755634074350696,0.010381444148499484,-1.9245177720063076,5.211981697748012,6.775846665005178,4.197779558888888,1.6149453138272387,0.7304614032880206,0.6333434131018436,0.640564432639503,1.4486641825978788,1.5010520443977762,0.07753618485739608,-1.7418790956408245,0.18423439582595647,-0.2032786747953026,-1.1166260752737325,-3.0045269281879796
-5.067230563960101,-5.594849336483341,-3.039324727175826,-1.3447179857513305,-1.486933081299082,-1.9477037080362398,-1.8553591068866917,5.504468161545294,5.8633005071122595,3.1149195595708985,1.1968866695947233,0.28925359022365665,0.168716874974348,0.443598543380219,0.7912201438473855,0.06465040623875469,-0.5403108696016138,0.702150484594001,0.37305159373227537,0.063135020632057,-1.3253044448744555,-2.788219936769477
-4.169908125090157,-5.252555686665085,-5.256983895715462,-4.050639948367369,-2.877972428676157,-1.5861180945395896,1.6504028620463125,5.727988859303675,4.744168990292259,3.1893183766657383,2.204957311379963,-0.3059083682262507,0.48131333680922905,-0.3049809625358663,-0.4827582339888633,-0.6831363283586813,0.49313192171289894,0.32948564883742487,-0.17530044048884272,-0.6054453116978519,-0.5296557624359004,-1.220192840020409
-3.9314540318070543,-4.781579923355296,-4.555483606769641,-3.434982650152834,-1.8452564667586808,-0.05589326545850379,1.4750107933206789,4.842394366348699,1.7705153808600023,2.1519816279049944,0.5008593812085953,-1.3848423649575683,-0.6542200631358678,-0.372492013072316,-0.5139532339419657,0.19858905885864758,0.04063307262177094,-0.31810281392446255,-0.14236134670206066,-0.29532153566408226,-0.13660603635285898,-0.26617116747321345
-3.182740466463274,-4.20804382110188,-4.391128844695493,-2.5518216992528617,-1.1187195824544378,-0.0057163347270606495,5.406376751445196,3.354480579259814,1.2559856513625558,0.8671426391614756,-0.29242006469093756,-2.2601717673146062,-3.633315006874915,-0.5007095743962163,-0.768837452274654,-0.24840705109556993,0.2897746781617332,0.36919063066952523,-0.37848588616475826,-0.11441868714646582,-0.1689357479273256,-0.3986297532342775
-3.085837858470564,-3.7955142762509206,-4.54985961367997,-1.9700151141819495,-0.5169209473269961,0.9693803671120298,2.8139232352653947,1.8900338910540029,1.7274903874975278,-0.06277289411484371,-2.007186010778342,-2.6477257189494234,-4.593419647829947,-2.0242305325804355,-0.9906399039016737,-0.19145438858187644,0.6287447893731213,-0.15250118061627677,-0.19081697007503884,-0.4750882534028475,-0.1868545952650878,-0.34376543112473024
-2.3822751899263457,-3.2622953033829196,-3.7361770436730746,-2.6709426767012134,-1.1998903047194625,1.2054117559738307,1.3008068624586668,1.2645751920109214,0.8241884257044061,1.1116813657708253,-1.329673717964905,-3.2647794916195956,-5.697380305186137,-6.9506533207617665,-0.6182008035598396,0.7631036390766206,0.4490979712125035,0.2958024366837041,-0.3679735879253376,0.06312062563416976,-0.2860180368369418,0.1314765401295797
-1.4226963507271073,-2.540711341263697,-3.4561536751371507,-2.962648671275022,-1.5551323084898083,0.9163354978460643,1.0263428905308958,1.235838123159311,0.7501002093830174,1.4544593748287924,0.6052491665958493,-3.8438496754457696,-6.40841371912729,-7.14248535399797,0.4042251242910951,0.417065583582289,0.1790910404941977,-0.4239851746625394,-0.33902066223671434,0.011692111333924083,-0.08114648268012857,-0.033218669187351994
-1.1435142484603888,-2.2548031695729702,-2.569947131413197,-2.8489343454055227,-0.46981874710619237,0.5559642386326894,0.6844253436858553,1.0303134768679785,0.7417212530482427,0.05292252616178729,-0.9768739762867029,-2.990321777353518,-5.134087897537622,-5.938595071165883,1.242215708528668,0.6149437406551396,0.12002785624154745,0.07291203659460678,0.1495396218452002,0.20766565052852673,0.11019425436337968,-1.2278383401656947
-0.9468287906473408,-1.8447684588660302,-2.961189099538279,-3.0547318244608017,-1.5080240359048998,-0.8576270101584345,0.02465897882956747,0.8985580771685352,0.588744324896771,0.6702802440536109,-1.6191306825793887,-2.9335887237269205,-0.7744012480176156,0.5924587842153805,0.747981316247122,0.6682100724205392,0.5560255160957953,0.1661227822881385,-0.21409815323629153,-0.24498463323650965,-0.13456967538680534,0.012525163399031024
-0.9096755672665945,-2.0790133289798174,-3.0110711425121073,-2.3496836467639346,-2.736148332834919,-0.28674258747579134,0.2236719739373231,0.5447288734917929,0.029479093387080376,0.43342608162435314,-0.9699471706795258,0.49327539215035865,0.5445445871159976,-0.6964823123488746,-0.27765593207737427,-1.0631819660237767,-0.1402707229384739,0.8457043896388411,0.23431307779312785,0.43149688220724286,0.8953085859966201,0.34263466024180195
-1.1961863591161976,-2.0794243973769557,-2.2940539965433344,-2.191469697316516,-3.675895986127571,-0.9973289770551574,0.3929182568569807,0.2960269117347792,0.9969082594546489,0.5079977325760269,-1.8595403616532482,0.28754646526190786,0.14110478785581904,-2.805518922662455,-1.1367356305859482,-1.9115079114004896,-0.1656615417977928,1.5024668525285503,1.3885522081764092,1.7057535599264357,0.9664009300614026,-0.43445123967681454
-1.7844959965274056,-0.6789432866324591,-2.601051823128711,-2.666488563081644,-4.038178968021972,-2.534921064388568,0.11944451052945416,0.2001698843564596,0.06796953385081977,0.28450709819685627,-2.8030810425182153,-0.5769326647610924,-0.6395527922529878,-2.02062013845343,-3.747856968754468,-3.874913955713356,-1.348186864076859,1.8654607154124945,2.264146634362418,2.251715169144753,1.0836161410249474,-0.5332120721708311
-1.235478458790442,-2.207894547790091,-2.3002067098704937,-2.8493789428387815,-4.421587934147801,0.48097829352301374,0.7906407328729343,1.3044902308908601,-0.18784797396937736,-2.346041564915298,-4.2848106963894725,-3.8434362327783567,-1.077525392117963,0.09465199087652554,-1.852130887535853,-3.119913731652298,-2.0568092551235897,2.16926940981615,1.0011407289413743,1.6080247096991662,0.897047898874506,0.1843815880721718
-1.7821490499751451,-2.0109525813191915,-2.738866355717401,-3.8026388603488304,-4.435452329970601,1.3803736560609987,0.37015134579210834,0.44995776445565133,-1.2088843683439825,-4.220270376026603,-3.1588031883771395,-1.1561154155258566,-2.384351764784306,-0.7405996779255579,-0.19427773746970742,0.3260032984258203,1.8450563090516754,1.1462386225706893,1.0930126026563534,1.4797933078901775,-0.6836872381419411,-1.2854549377443927
-1.269302899844386,-2.692267790309183,-3.3071421967091115,-3.429425676603758,-2.9515029212899058,1.2406509691894836,0.502486814096135,0.17493573378191837,-2.0863388356135872,-5.123176710031824,-4.618843471978346,-5.685360976929066,-0.6072763759850472,3.679342812002709,2.083533362484444,0.035555691340906984,0.10800804588347553,0.25273876689612207,1.1112704370296345,0.23578763553387858,-1.078386811550264,0.47519368285954516
-2.0930985592923457,-2.8893018734606004,-2.6535501674491635,-3.012053101808081,-0.5691029085380038,0.6895201609255313,-0.0662738939209032,-0.047247359245792014,0.03148186923509238,-0.7421125326308605,-0.30345786527287344,-5.013152140665567,5.104835330591115,0.9248694733328802,0.43435346248179396,1.8792384332350542,1.1294029464627953,-0.48086428238487977,2.047309144017711,1.3096792566667415,0.027931527221845758,1.0032631489598554
-2.1280685234787193,-3.108573575505035,-3.039039931533446,-2.4607169597034417,-1.2211101374880444,-1.8741513490763788,-0.06302210435967243,-0.11639201420852932,0.04437744824393755,-0.29046534849204186,-2.9484665697384247,-0.35397678631411933,0.3744376520318949,0.7155580591347708,-0.3594348702271754,0.10307641362019089,0.0006492121571237769,-0.28952031559288255,0.9265622669333132,0.812875096864462,0.3210342596015201,0.5571101670532058
-3.288573128916071,-3.3444928999391346,-3.7630954276304753,-2.139271232138829,-3.4240527376342276,0.3589792624439855,0.06558059420538312,-0.2698633761453524,-0.4150887186704557,-0.6794793162303567,0.4153232866673617,-0.32842133086141834,-0.14449865197186174,-0.4387601460759384,0.8539007009374121,0.21705797859050646,0.20523075315462005,0.8895496112522853,0.30522818447047223,0.7297763272908923,0.5344102171260553,0.19316126888420015
-3.272951618454684,-2.9610450160518127,-0.01702478084384416,-0.3782314602385537,0.01916408897163315,-0.011589213273597403,0.2095981066034101,-0.2995392742556307,-1.9883007830524404,-0.009341462846448843,0.0857496619393908,-0.47393828479651845,-1.2267308433800401,-0.23221201357203203,-0.3107666328817215,-0.17485838206856774,0.48054400511998113,-0.0751040187254887,-0.29174556143395386,0.4307422122382091,0.06944156519496418,-0.47547992499367603
0.10341513163879161,-0.6848053443272097,-0.24107266011305506,-0.7212137915616409,-0.78619203452182,-0.47284726037142344,-0.6804163166827618,-0.546780441621554,0.2270825570826088,0.16194155185771686,-0.1088085415377739,-0.2579609398660227,-0.1594845944373913,0.2694801938272025,0.8235926379663219,0.7411563008095853,0.18532383515524398,0.21388625145841098,0.24348722078560844,0.1513638168065783,-0.09426758892828642,-0.037897982948555
