script/wind150m.json
{"header": {"parameterCategory": 2, "parameterNumber": 2, "lo1": 3.000054539987559, "la1": 64.9999836372058, "dx": 0.5, "dy": 0.25, "nx": 34, "ny": 52, "refTime": "2026-04-15T10:00:00.000Z"}, "data":
[rows 0 to 23 of 52, columns 0 to 33 of 34]
-7.292424773410501,-7.486859145188152,-7.0820284725876705,-7.067565473387307,-7.130712143639233,-7.14586794759865,-6.992350626594851,-7.781182146580151,-7.221081628115061,-5.596531549612643,-5.0873090875735745,-4.400760675651643,-4.3434672074281675,-3.030331601149341,-3.1733219494408,-3.5736664433196803,-2.858269209104421,-3.5612174640977927,-3.992672528777593,-5.983348101845946,-3.7103101009152994,-0.640400450617539,-3.1933853887123433,-0.6879015580878606,0.9726664522002019,1.009995754764641,0.39434607097201296,0.8436576443827181,0.25067926102574756,0.8702848482403258,1.3617291868014088,1.8316289143933295,2.002359801120407,1.989179926477754
-9.368887087657125,-8.888910581821323,-7.9032150906666585,-7.71978263018428,-7.318778856898646,-7.587421323190296,-8.41897947497209,-8.496839964196859,-6.401747514314153,-4.987091282576188,-3.3079835256754957,-2.6735094797238363,-3.4440621073133943,-2.3006527364795315,-2.347825473210484,-3.05466231211633,-3.9617167090180043,-3.225616488391339,-6.461452995106923,-4.260374236530187,-6.165253001078394,-2.931933803458964,-0.9445863040640348,-2.14422163735358,-1.4604982102884314,-0.49588289973999833,0.4380288161874402,0.6171930172525691,1.2633680591942675,1.3649726187265339,0.12205259998310998,1.1736443648982284,1.5231717996913146,3.0365562836919735
-10.666244504639936,-9.27493937017405,-8.200250902964177,-8.28997818514136,-8.3174700600948,-8.692052707496432,-8.856997417677364,-7.3385606641008065,-6.182834370347738,-4.322047950608949,-2.444353887343159,-1.8563846705376723,-1.9128144938735014,-1.6887456565004448,-1.9830742220920554,-2.432828131258556,-3.330917761723935,-3.571241947023754,-3.300878532574056,-4.482444255275682,-4.332034948450283,-1.3347195543705686,-3.3482807304284337,-1.5223687918193984,-0.7898365582314766,-0.4652168627079155,0.5292381316190767,0.041797358426521145,0.5814667944132808,1.7795812246473202,1.293582586277535,1.2866172630076378,1.5967093812268998,2.2318734119192323
-9.94525200911639,-9.468008922938136,-8.555866582132138,-8.619763217885327,-8.249422626720268,-7.967471239393589,-7.160565922838934,-6.430228712739036,-4.871056313715627,-2.6030776667548348,-2.858267253533056,-3.744397034323982,-3.6174239777361366,-2.5250735585413775,-2.964700748341846,-4.783056816324018,-3.932262632724434,-5.291607840934502,-5.2782730973836784,-2.8923451162022973,-3.96714781778063,-4.177587393997241,-2.743920478290084,-0.0924629745972039,-2.6729431464468303,-0.7433992507966806,-1.3211087325456088,0.1188265506575218,0.9492953280591615,1.02835244049735,2.1569334508834785,2.553392871405209,1.8727769728145476,2.393057589270311
-9.3654928136311,-8.782411843245457,-8.685975370115655,-8.373519759405166,-7.409285617560326,-6.193515599655121,-4.6931091222047865,-4.232042292196934,-3.097875567051308,-2.6354507867328585,-3.2091738499384523,-4.4306440187388,-5.514823238587595,-3.7372793254474983,-4.036166220543382,-6.303063684916439,-4.225496078978653,-3.251198173879497,-4.573039984468168,-4.46366852668171,-3.1769316365155085,-2.7565119778526976,-1.3482693665779504,-0.3779178282192474,-0.35959112133864596,0.5888380709429455,0.10741245328430847,0.726184102571529,0.6805888366428557,0.9841573073664936,1.5134081606106196,1.9567637056591938,0.8431447411241364,2.098639544703813
-7.927682186522744,-7.7467458707845065,-7.502460186070789,-6.495395035930729,-5.94212188679191,-5.408621769150167,-5.16881098865698,-4.087121187953259,-2.082668908771336,-2.2967919814532918,-3.032900843787878,-2.8783845572932623,-5.671746934298786,-6.819778107002569,-4.722708109950231,-3.9724771600995474,-1.5632047864872538,-2.7223452585364414,-4.725435162589918,-7.814749628602594,-5.341354021234902,-3.313996483433627,-1.357017994258448,-1.4437749491506113,-0.7951337866891743,-0.9812972585359845,-0.3713617488689199,-0.14937358222271327,0.2011373554880797,1.4532128482733426,1.8435103161110533,0.642502847796718,1.0864273437229215,1.2436890949724393
-5.264521620669452,-4.9928803624785765,-4.694445458687507,-3.0161979240535564,-3.236806679677216,-2.226181379275206,-1.7452987543062564,-2.892799007348487,-2.782599588679699,-2.1989418498216846,-2.6729280843171086,-4.003341642523744,-3.921665576172522,-4.30004004345038,-4.427387022044296,-3.1655214092952813,-2.7001900461673682,-4.121401664450214,-5.619865917482648,-2.825081207386271,-4.454907696682209,-2.2310587247266325,-1.8958669682802634,-0.4368998837298308,-0.5081029483672498,-0.30499077283446174,-0.5733710345604146,-0.15505387257965694,-0.058442100340980484,0.2729838625982087,0.02950132846974289,0.1179034680753063,-0.2518405266752346,-0.5147719780352339
-3.8946660533110915,-3.8141409003224513,-2.9989563370798473,-1.6494122945830987,0.25042769646477964,0.0897333633262085,-1.0901365638847524,-1.8559666254273208,-2.814477409561268,-5.035420394701511,-3.141121250931348,-3.2279610696292074,-2.597735479850062,-4.075399348946232,-2.8282856239992604,-1.9369163099226516,-2.304273210079068,-1.7957555585387754,-2.8294176745280444,-2.8146690106375747,-3.2207484296511333,-2.7439286094494246,-3.2699429748966957,-1.3980983896466894,-1.3368940549869393,-0.5386990927245128,-1.1535156887011004,-1.7031727033117523,-0.9080945188066947,-0.650029650909049,-1.1500973267651708,-0.34634564542558116,-1.0796471588768082,-2.3129025015465796
-4.325324844923155,-3.1689331189767596,-1.9882999297759671,-0.772405202401129,0.6001363094761195,1.7744091640337276,0.2451168115342494,-1.4709786281377615,-0.6588690378220142,-1.8917726334857328,-4.399747546495579,-0.5371590318478979,-2.3992426002816982,-5.895713455404893,-4.690971041450112,-3.730876842058912,-3.549849720694371,-3.4927269822109954,-5.728451714417883,-5.686731377171884,-2.576626563985704,-0.38344351576242625,-0.5561767006576193,-0.9698545080648563,-1.250379760160762,-1.3281245272906974,-1.3717347594083553,-1.482242729356479,-0.44058319498271326,-1.8501907259252233,-2.0159745459332044,-2.788671701352388,-2.425709392413635,-3.2838130070314215
-4.344186513346602,-2.4368370248383067,-2.0718004558016023,-1.2002301191015134,-0.21711637398367212,0.6686785825663228,-0.3232692639222888,-0.9034239750957552,-2.9050492265726313,-0.4094258264398752,-4.958421152308647,-1.3389363883286614,-6.6335848330797775,-1.6452042958164994,-2.1332059698190733,-4.676380900534371,-3.932964325303186,-5.9761485732728055,-6.028135042279062,-3.434326220379735,-2.271096265154046,-1.2366323256194942,-0.6401558703806789,-0.6017966774260717,-1.2031462311219043,-2.507730401587018,-2.8176064139556813,-2.6199489847626762,-3.5446828782914888,-3.7230977867884603,-0.8745022863801044,-4.283400711377762,-4.943255767960568,-4.711020323811756
-4.690874609545166,-3.1178690260873303,-1.9488492264782078,-0.7219414579077901,-0.9035224924648868,-1.531165261400578,-1.6099712708046967,-0.9964086493500071,-1.9644799087142886,-2.9932814185691723,-3.0499922458470103,-4.242140160898561,-6.4671597226008295,-4.7690227599056465,-2.4898284315021444,-5.010874152220952,-2.77171257359894,-5.043367031318401,-7.360779512152548,-3.455203893775127,-2.963146070577866,-1.0780815948281508,-2.5897355220057814,-1.0946001734456792,-1.9166582014656226,-2.5274504533141573,-3.4178204480228276,-4.662894437827329,-3.3113688534263637,-3.0433114156931613,-6.336714658373916,-5.138132091978146,-5.4413792562245895,-6.216123364563096
-5.003158997410435,-3.9444645132165164,-2.117864367532311,-1.0360011924667596,-0.5841095050220504,-0.08218187866255669,-0.2281063659405733,-1.227064582825217,1.3604149188881183,-7.957686182601282,-7.302129224782599,-8.815443503786545,-7.231001500413933,-3.37504798985156,-4.322651543416692,-2.7056636667962595,-6.628598554467197,-6.342680242957266,-6.58498374657971,-4.50332405548738,-4.651276008299975,-3.4149567837606774,-0.6292209739065172,-3.4848268197566874,-1.173881355492219,-3.571380070203002,-4.666279206345614,-5.0095367144223975,-3.2477802245947145,-4.716788043795169,-5.71950519385167,-4.760170661317076,-2.8975179196558662,-1.0527611137297332
-5.597861110994039,-4.812527149232117,-2.3084006310362346,-0.8910700133958915,-0.02555495428902629,-2.105220960310465,-1.8607211634756833,-2.0561502442838715,-6.305626122937005,-4.58655637013692,-8.350657802471627,-9.842083784777651,-4.587031927526392,-4.736601154166617,-3.652059519339914,-4.221256422634641,-3.8874822970127654,-4.523904857314743,-5.668945675194411,-2.9198979754297705,-3.889654314157512,-2.832949329856596,-2.720214814055327,-0.9970685160146141,-2.6222209802857948,-4.408236995569463,-3.302463586969801,-4.802571637670023,-3.492363269314724,-5.075785009043951,-5.378796175055855,-5.6170972684615394,-3.7595994580035432,-2.5892519227279966
-6.490508386191399,-4.811021217537843,-3.7673397276345,-0.8651561690159809,-1.3544130479757734,-4.873528571556788,-2.607428000690342,-1.1389438161270156,-10.306833436607581,-5.991665846894356,-4.981362862110046,-8.402006130177682,-3.321076445829366,-3.138816348354634,-3.9512715003447085,-4.360967463916213,-5.201356963063602,-5.707673108636453,-5.884139962198887,-3.8606789242748927,-3.5487227572300535,-5.715429093234649,-3.251473492850346,-4.570302657176613,-5.13113868661537,-4.747447771692117,-3.4693800611290744,-3.1333896997130855,-3.5902975455613895,-4.9694249108445545,-3.665087017557404,-3.283951052142084,-4.719783618498913,-2.9095751433808523
-7.183669666391458,-5.515223098820581,-3.899395929843469,-2.5798832169698493,-2.453148205636774,-6.4222734646263175,-2.6847129717707063,-8.600196064887728,-5.287122976529706,-3.1902149205405634,-3.318947491448871,-4.687228360066179,-3.578641924744005,-3.398198047527171,-3.5708973918302913,-6.54900769277788,-1.6334593823414765,-5.637680262515518,-4.330724257023168,-4.451932463616864,-1.317850481607223,-4.918456284945423,-6.35839051667154,-5.858852132260833,-4.371314266982081,-5.721068946887186,-4.254270349335564,-4.217010985391968,-2.742890154725745,-3.7764260342735563,-3.5109219936681844,-3.0780563733166364,-4.310892300753515,-4.414471791604198
-6.996057504765909,-6.7956620950301625,-4.36599934455971,-2.640018248339422,-3.015081126578028,-6.700800664002401,-9.513544994327376,-0.6567555503209742,-4.055627756990807,-5.043101159956095,-8.193021071018816,-5.898391428738143,-2.3279020904806336,-3.3325807271337125,-1.9075289224529366,-6.2550322743195474,-5.567188758278361,-5.900395528630204,-6.315026885724338,-5.73748507076163,-3.6977055553504266,-3.245225767214246,-4.2461749489577345,-5.512691343057465,-5.566531831628316,-5.715046402879382,-4.962543952632545,-3.11213151025867,-2.6916130577676975,-2.8364465154007075,-4.276985069575867,-3.9444119609919963,-4.66505095355872,-3.7465927462385746
-7.431544607097716,-6.9028028775874395,-5.374102180093378,-2.696086902779029,-0.7757984277798005,-5.71842432861491,-7.934266435509828,-6.9642816316231615,-3.013488057968637,-9.319558773163326,-8.4106414163903,-4.653597532775896,-3.5807647282478867,-1.3020014381660037,-0.9917324298462963,-0.7050420253797341,-5.968818480525662,-3.060598702434587,-5.664544956197499,-3.1254758008811225,-5.3607950444935275,-3.9839767102961248,-5.354525939000664,-3.056238404281707,-6.79527958880492,-6.5317569422666875,-6.37935815081896,-5.271580119197239,-3.411699985189605,-5.117116567490692,-6.646352797259552,-5.706500439233374,-5.363106747014617,-3.403608232106938
-7.8783430776160195,-6.633964181230067,-5.537472666050549,-4.499987242651339,-2.0057216547831076,-4.902908854673782,-7.052763148925459,-3.8893446628342625,-11.139184256883626,-7.996501148919,-5.111745013737984,-4.571541961930152,-3.020582514757927,-2.0128190637208605,-2.8934608084341313,-4.153390241201619,-4.509270988281952,-4.652088466551949,-4.817635908929998,-6.932468128628687,-7.921876195709567,-4.2636461053989,-5.177980746844315,-5.031533960127873,-4.037641467262586,-6.517863158449994,-6.910318902386014,-5.257638888482379,-4.731974319046429,-5.907048373678824,-8.889784689895798,-7.99791487345547,-7.305482332834367,-5.382148718922288
-8.087066561386905,-7.083891045868735,-5.391945123370404,-3.7692841949573745,-1.3529713540382542,-2.1861028265969598,-7.828192005559472,-7.652465384466693,-12.825779579285246,-7.061264565202956,-5.34140827156735,-3.9202078902426827,-3.0110479600520383,-3.8037357832678076,-1.4653340818613452,-5.043595818948138,-2.932839745009452,-4.69894920488155,-0.7234813968515428,-4.824129839315788,-5.376535389811421,-7.744166779842701,-6.435918331558092,-7.00733673081697,-4.777058269193517,-3.920607040669344,-6.353432673899899,-4.71300920406369,-5.028606440313035,-4.518260256346477,-5.6123114363940365,-8.221830928772457,-6.530632113865145,-6.338503271295433
-8.718278461714087,-7.402069094890784,-5.791682105950454,-4.660620486980351,-3.690469777242938,-2.6483692202025937,-2.592210801251312,-5.1496370743137865,-10.484348651985968,-8.744688411085702,-7.71491551900078,-5.5298977468991515,-0.434506812928035,-4.541241193635137,-3.985796041200053,-6.388264172989444,-2.894911522842918,-3.6870385325427697,-3.0061794708086356,-3.8564258369347133,-4.966069572559938,-6.850095845382938,-7.787225134480591,-6.0906739174691324,-5.383635277786562,-5.513448986111989,-3.992491267866192,-6.266816087075397,-6.0993498021878,-6.520022508707632,-6.4940784191999725,-5.848889388554499,-6.184119508374188,-4.8102828853502055
-9.701467336941937,-8.536552997886929,-6.180675976975347,-5.037354992906243,-4.017128062942587,-3.274705058519691,-8.784825388509654,-2.7992918619143023,-13.535732733085165,-7.739301478550514,-8.324052125672475,-6.166334576295306,-3.9060509071804734,-1.624229640046835,-2.208093174173025,-4.4751454632097465,-2.7191292025369296,-3.4094413172299824,-4.029667847833954,-4.74787226116481,-3.7094835518394382,-4.576230437105527,-7.672284951255265,-7.655396577195982,-6.085634997913179,-5.281679927402287,-5.917595142701735,-4.084088422221588,-6.753549061736416,-6.798851240703712,-7.160819302622467,-6.538530877648751,-9.978945651053824,-8.587354943842877
-10.828840168437685,-9.886519142711428,-7.38959942441809,-4.874761830760189,-2.985879436970933,-4.513851086983043,-9.4561993312955,-11.802562550815669,-12.71429648149767,-6.15859595964603,-4.4493298267894,-5.063128875960518,1.906279220656279,-2.068894398724128,-2.490585781087743,-2.68555489966827,-3.958754948860204,-4.0037808939483535,-4.544537209225572,-4.013413932212916,-4.774965616481027,-5.808649474494545,-6.752461088183523,-4.940308423240953,-5.178413190689674,-4.818262973423827,-4.827065468585622,-6.806813790070469,-6.426511586231983,-5.82195425559009,-7.2216372449286945,-6.813894358613802,-7.593226100283259,-9.539153367748021
-10.723264695440076,-10.637758631291439,-9.457764060712691,-5.776118818176113,-5.960058232101839,-6.213854681115115,-7.141440014759328,-8.484364992438932,-9.017502317624416,-15.40714965747379,-3.283568008296314,-4.987481360856601,-2.1469765227503688,-3.40896366901188,-3.760811611477274,-2.9915659779808745,-3.123467713724773,-4.9237690174724555,-3.788634015060224,-3.2947783710233796,-5.423586103711781,-6.048321500570019,-6.96574921718213,-6.677486434827362,-4.801118580759373,-4.081733806134318,-3.760061920924224,-5.678206328761415,-5.633140151174909,-6.513139351165946,-6.938123530325242,-6.350646532081193,-11.439806886167283,-10.095307290214471
-11.582960168747869,-10.969311646550493,-10.571263384458817,-8.393602139788685,-5.139524517965004,-3.7069924198848296,-6.442511777371402,-15.633696624180885,-13.445212980786264,-7.15634077949776,-1.752597718164207,0.3278541764664166,-2.262890357893068,-4.4650083225665504,-4.2022098535263455,-1.3777212254484363,-2.878610917075662,-4.4640314842737645,-4.198507256751968,-4.008478696376591,-5.249286065609639,-7.278209840272662,-6.313711783917914,-6.3725427208951,-5.8176374555929655,-6.883835245074007,-6.438626550265867,-4.117964085547321,-5.040533869857833,-6.185380574456399,-5.935972333995616,-5.1950157077727726,-10.927749023641153,-11.288336307098499
