script/wind250m.json
[{"header": {"parameterCategory": 2, "parameterNumber": 2, "lo1": 6.000198445256149, "la1": 58.999992894266676, "dx": 0.5, "dy": 0.25, "nx": 22, "ny": 24, "refTime": "2024-03-24T08:00:00.000Z"}, "data": [8.325137419252714, 12.194471085218016, 6.337047043911145, 9.605538367840266, 6.639658319875867, 13.800999401992394, 6.565040329374882, 0.48150910184180645, 8.4306103258935, 9.168436377168954, -1.8671487308435157, 5.4926750279239975, 3.3498284108053302, -3.6234605601619196, -4.672814062965352, 5.946532426148856, -4.163563379744897, 5.602169800949664, -3.6089707266093347, 4.878454955103835, 8.02835251949063, -5.549792143960326, -6.035146889746695, 3.042085538673874, 6.307390452765164, -5.164041602860215, 12.029625514905527, 9.488404585115509, -0.44323711024351625, 10.020407116499705, 7.60626474073369, -0.22793831700224582, 5.162349185533563, 12.311968575317383, 5.465089377554113, 6.028190872347835, -1.4788928941885189, 7.625852539456827, 9.909019606739959, 6.611895834706377, 3.2425289244206787, 7.409779507180921, 5.159666538845814, 2.2188267505626524, 14.09248041118049, 8.665799855597415, 0.20128632843317382, 3.443852672491617, 8.116530884639158, -2.9135272192842345, -3.9742284896329463, -6.108304841001156, 11.629823875597829, 3.855826959558451, 16.42604486337247, 4.675234654749396, 2.070120000481889, 6.851341342128696, 8.140369416372286, 2.635398840515847, 12.918881366136574, 7.306809969737337, 4.964767484530036, 9.198524811161985, -0.6277826530778796, 2.7313749357399417, 2.1339625963956452, 7.795907633440137, 5.876524679000507, 4.358813843479166, 15.01305633635261, 6.667568027734158, 4.256841803191518, -2.4447500345989055, 1.9185324595082442, 4.410535636861224, 1.5850619832195216, -4.142254307767338, -2.5985428384105336, 1.8292685351317275, 9.657182487022636, 11.72406073301753, 3.330199933376032, 8.765433333072897, 15.392352514650653, 7.162820634282243, 4.7205491179282735, 0.9374750298766863, 3.5847977536107907, 6.340172592337387, -0.7138191514995185, 9.060742935584138, -1.0856607537950018, 2.6646620541778954, 8.894560132811606, 1.1149123238942245, -12.39108516907945, 7.499293181368281, 4.412692794528694, 5.693129955209206, 9.370373385127442, -2.396913158555446, 1.7836091667658525, 3.4594208488156553, 11.67674829498011, 6.015955905768832, 12.07420461449237, -3.7750672229755073, 13.723543640592204, 6.893338407221061, 5.032758599589025, 4.812451547468889, -2.3857973975157942, 4.552721684715908, 7.789596633284368, 8.164462363104379, 10.498056240056192, 8.864672857123859, 1.6314854723682952, 10.393935698598181, 7.80688954280684, 8.635825435873562, 7.720558398186537, -5.402287233940571, 1.9928973166095807, -1.99104537384029, -2.2524158176912943, 5.0734529579993035, 3.692206731170386, 3.4016235486412043, 3.746480962566254, 1.8241484060324178, 4.8388398401200465, 5.743552608857527, 8.576790228448655, 5.5912702023902545, 6.698499236862222, 2.7359668900839678, 9.468651450851358, 3.319217457024883, 4.217264099504425, 3.1123068712283146, 1.2170881489866234, 5.680623480847402, 7.999940990259589, 0.4623230254678164, 5.352379006054068, 6.30373379804537, 3.013105866795041, 4.353964831285735, -1.2379019976341452, 5.205824698697287, 3.3331460811919285, 9.309241658780019, -1.1127443294771007, -3.1726823574794256, 5.947863666702168, 7.831719680330911, 4.052710197477065, 7.642494635910306, 2.6123995445821215, 9.713736008547814, 7.192262074025951, 6.8793387240012125, 6.104710096161683, 8.5849150977243, 8.915300382178525, 4.38552019840481, 9.732520093749523, 9.229722880606136, 6.983831761983457, 9.233235173084049, -0.8726132453809579, 8.953538170684936, 8.97870445359127, 14.35071652245226, 9.004804412043862, 6.7875057974388655, 7.021338738397937, 1.7806144722049886, 1.782433862202277, 6.005896436713762, 9.293430936247999, 9.64738878986541, 9.927691685645083, 10.180019295797631, 4.738743319855468, 11.733345183155022, 0.5800722700798183, 12.145237606694193, 4.3094866881109875, 8.666955001149592, 6.690354128266341, 3.91039975146872, 4.566348741575881, 8.418404622541367, 9.061789904438333, 5.454593815396827, -0.5008267654787947, 7.174845316388213, -4.959361127359284, 8.213409134727046, 9.666634270355104, 1.255536169734231, 7.0326013673758885, -5.282344062931727, -1.5504392700751999, -3.5818331046136977, 1.0105872086359473, 7.592490500087781, -0.2438169871353636, 8.507901109403964, 9.383910050146374, 1.7067141868163898, 8.140493250680457, 8.96590144501264, -1.5960656939869264, -0.8500417951455806, 4.8528262628541885, 11.365760032919844, -9.065535117656092, -2.808581038265736, 8.29079581159725, 4.655435432275903, -5.4817552260670785, 3.0937381850979753, 0.7571357852089496, 5.772868357526033, 5.826456410871988, 1.1877994254774593, 8.861329211858662, 3.4003402727773966, 4.473842067666658, 5.8324455335065615, 5.997209416005304, 2.4101347365491117, 6.135869244324689, -0.3326205878904623, 4.413607264155802, 8.652748463228388, 4.709650246881978, 12.580914596546716, 7.865840883424676, 7.241129916514241, 8.56468908185675, 1.4053613450617366, -2.653340067387991, 8.941364211364736, 9.46630698023336, -1.251728068890488, 7.021280621330335, 3.479691973096426, 5.486977246625384, -3.9688835083198377, -0.2132042583236871, 8.537816267302112, 5.130220823321207, 0.26929461253724535, 7.54165460015077, -6.384564443327184, 3.7664195210331477, 11.474761799936159, 6.181545119360082, 9.451096776441172, 0.47587225381832615, -0.11086413926608048, 5.018192729596565, 4.573021109722065, -0.9374986584649616, 9.698748252363545, 4.867924938043494, 7.966736437701758, 8.420415311108579, 9.074921202859636, -7.545338586409123, 7.924024801111382, 8.080633097392868, 11.858495248982912, 13.629244838438183, 8.314652535148745, 6.459230331832698, 6.619627817900318, 9.313227812281758, 10.563945416839669, -0.8401197276796422, 3.493376378816774, 11.413662423133177, 9.238123865600528, 7.755679798558458, 5.417565010527432, -2.379894383803913, 9.818813611568771, 8.486108972263308, 8.862665883351228, 6.479909806794128, 6.184366563755335, 2.113977999914156, 0.8205170642183774, 10.33435384347085, 8.509933968735327, 4.439682796815523, -1.9458997271095315, 5.141371362362984, 1.2656714833108276, 8.660029777631413, 8.049514551455614, 4.9594840336643, -1.9264959387410026, -1.7537620138622858, -3.8956453914808615, 6.525391530341166, -5.037429127741355, 1.486052726331299, 5.81370209307895, 6.133063679081584, 5.726840942826201, 1.3780892518065577, -2.0758375220044525, 6.724730887367506, 5.854302656297172, 10.133637041694703, 10.470240465704565, -0.6071468955146704, -4.11858318670393, 0.04731265504034511, -2.0683142840620348, -1.7705714408554347, 9.94424316254334, 8.375292746986043, -3.112996550663384, 9.393353344934892, 8.295169343110961, 6.259972301370404, 5.825392993470144, 4.04083952143078, 0.31415815703577954, -7.7150319995583745, 8.964944465370548, 0.4737574152120761, 9.779599757483496, 9.713347790078782, 3.673214428462126, 5.56239037909899, 13.99910992137726, 9.2390558969904, -8.377619318034904, 3.637766161232878, 6.714781307300816, -1.1287551626800072, -6.545944683922717, 10.447588844235586, -3.34694257065133, 8.57809649513848, 1.304946161520482, 8.862455528973419, 10.514144362452837, -2.4630689742435563, 9.702480150497296, 13.42377892480702, 3.9509226944617852, 7.014472327458719, -0.8089135220058106, -8.039591443536318, 6.1236562133870915, -10.682935555830896, -2.636737220080576, -0.15287694834185317, -8.334364984949852, -7.842785911646533, 3.119660077407979, 8.65024650268096, 5.9982305040045345, -9.4870190832991, 8.863034707824626, 9.243163242964915, 2.1806432419300874, 6.0765984625571505, 2.2736118228906887, 4.866866644324574, -0.028428539115432146, 3.4201331574061307, 6.3351217054808995, 5.746946624072536, 7.472990681714429, 5.579002893313598, 3.4824388908947124, 10.234353656628832, -7.271526761885136, 5.717833068685806, 0.27303163055876883, 7.972183737761166, 4.7572085703260605, -8.327137060455835, 13.389576175002144, 6.073289916275481, 5.193820545050549, 0.359878804007336, 12.04751588809979, -4.641695396042527, 5.125678044771755, 9.992874048910643, 9.259312914019114, 9.652214077221648, 1.6068790131336026, 13.092484585985039, 4.225280100825258, 18.664421521138827, 9.556642293307974, 1.4454567049837723, 4.990936951921975, 5.9656224680777, -4.416137455466456, 4.9563905328686735, 7.618286786020226, 9.466686945865117, -0.7530036458356553, 6.377703338365958, 5.387081913026634, 10.35479187066231, 11.464363801624872, 2.4527603949998733, 9.852208607652187, 8.975943127689801, 8.936834894540944, 7.059724424520731, 3.4277340722253973, -6.6512478476271815, -0.19638388929474349, 1.442745843869417, 8.5533853116315, -0.04546203162171185, 2.854223832141722, -6.266909142225556, 4.921088009535295, 1.9098176457901563, 9.49474573188684, -1.8227786823107839, 7.544794546476167, 11.612922993905487, 8.928150521380687, 6.095287616470377, 3.435646965777013, 3.8828346258468973, -0.5658085965187555, -2.115459433220096, 7.383483426357233, 5.027146471183418, 6.505533755895429, 4.578420920147795, 13.122429720581156, 3.081959002301391, 1.5538697562493826, 12.743678937035826, 2.794988673000742, 5.355554719737078, 6.025782697493554, 6.740036360074119, -3.021724414502584, 17.971710229117775, 3.165263821069488, -1.7074492864758253, 8.927629663541477, 7.572212042775355, -0.15318797115217853, 8.63450637586379, -3.419322148396801, -8.572775970261734, 3.8051147098067433, 8.84371456569286, 2.2690344216071954, 3.663059743500182, 5.209496833265357, 6.635545606938134, 10.80524581993887, -5.383860526745638, 1.5682699387280519, 7.304971382973735, 7.636551661574004, 6.128573457132171, 5.892252798755663, 8.680887786064217, 8.572546983745573, 5.976050635011527, 0.19837854525590287, 2.9338609217914446, 0.8974653615200333, 3.568064016934219, 0.49418483208072983, 7.52776608136657, 12.040726029151584, -5.276488787619255, -6.328744534682082, -1.4753777276744253, 12.000799989053789, -2.4065326232747855, 7.3755320925686565, 5.45082911044489, -1.6457801670476955, 10.327814754646221, 7.6000776238446575, 8.861656911921948, 6.863742738222225, 18.346249715539948, 7.722542855233566, 3.7051602862460897, 6.979962468850771, 13.152978622814384, 11.107597962920362, -6.842761518884884, 2.4095206050906124, 19.310567229005773, 14.433159836016976, 10.47675002743103, 19.768944231757338, 2.6571350788108217, -2.8103945003524307, 0.6555185669396405, 0.8018341488397429, 2.4791771771517332, 2.123167045698584, 4.055551448797695, 9.593164318881149, 3.134463906056178, 4.520904335049732, 10.338314746019513, 0.27660311171223256, 10.819319660218824, 5.080685018822875]}, {"header": {"parameterCategory": 2, "parameterNumber": 3, "lo1": 6.000198445256149, "la1": 58.999992894266676, "dx": 0.5, "dy": 0.25, "nx": 22, "ny": 24, "refTime": "2024-03-24T08:00:00.000Z"}, "data": [5.8200939473386955, 5.985739492925866, 4.047336691661491, 4.969188514699425, -1.1417350751864204, 2.545389412058546, 5.8546650333841646, 5.284328230835762, 9.23408290508779, 4.442481481087578, -1.9338502464387552, 6.023343572324476, 6.678386238608772, -0.041301293649588636, -6.18472656800596, 6.1128075746214305, -0.7624305363910132, 4.681110897963556, -3.32230484660723, 7.737566895756078, 5.707933142780178, -1.0703301717294245, -7.3880396178277, 6.64621221138669, 5.511284509000148, -2.8338361714872824, 4.13759569174301, 5.838291167823263, -3.3779231802767224, 6.405147640906311, 7.453319619302824, 5.353765701530197, 6.610973173310811, 3.9725257364091346, 8.415207281595503, 4.034271525583967, 4.583132767076367, 6.475868662895589, 6.22358816476714, 6.000325780386912, 4.999388197568164, 7.755615482628387, -3.5039091704295378, 2.0920073987563716, 1.7741264430683215, 8.703980267357641, 4.9341413566818355, 3.566772092389306, 5.865197959722586, 2.573499640921916, 1.2436558647881526, -3.7882382552434075, 3.6178126067484806, -3.0967271791755113, 4.043046049984349, 6.216312996552301, 3.7393132782563714, 9.372949335373322, 6.878107536460808, 3.4292563444681026, 4.1820785257910895, 10.943086287581782, 6.0784504367394865, 4.742676554084497, 2.5481071934917443, 5.610520574722814, 3.7725459647065107, 5.864202025601179, 7.101863044111064, 5.985733821406167, 5.506263185310987, 7.1725198300760535, 4.322805568102261, -1.5907507684097613, 2.9708218791630325, -3.311229040110639, 3.835358785953907, -3.3124738614644187, 3.5362987928270497, 4.48927668912758, 7.490601154313187, -4.209156961634217, 6.0858437934700245, 9.211227707916281, 5.309891373081327, 7.68985944926142, 4.389290136338655, 5.224122176412137, 4.856668153583776, 3.9266951443578644, 3.322711597432693, 6.707667821101861, 5.107135221112366, 6.520751342796653, -3.051481766659674, 4.514079595417652, -6.051075765904949, 6.059729012411438, 7.204549753056233, 6.164830437689267, 8.013557760052223, 2.2601992862426368, 4.281264380147421, 5.226910641374844, -4.16847198315597, 6.06310920182743, -4.951582368810244, -3.5418208698264357, 2.4496365037118064, 5.013680542594044, 4.465398576927988, 5.022655084468504, 1.5593210223434646, 6.615831197489952, 6.740805451060952, 6.176803911614641, 5.715249847783695, 9.283150390233027, 5.691925672201823, 5.270464200578887, 7.401023196957943, 7.659224368472737, 9.37070240359231, -4.4316199933669, 4.025735205945404, 1.8052828381196062, 1.3768807305859834, 7.750270983526667, 1.7888015493329197, 2.844602283774915, 6.43615311319832, 4.63742660682826, 5.980804267295128, 8.760031574818658, 9.490999133895514, 6.839836053070727, 7.04201090760256, 1.8113126027837603, 4.900010655038087, 6.242447308108714, 4.942584896145402, 6.358213893936919, 4.885249992633738, 7.897450326345821, 5.4025303003641945, 2.024782556612131, 7.888518398702718, 5.919948097747244, 3.1011556539635174, 5.953217435485338, 0.4263283430414954, 8.474266951871071, 6.071355756559985, 10.764231556942828, 0.39677004812018984, 1.1905422125292633, 7.176103117760673, 6.100011811585764, 4.2336414175003645, 2.29824959013003, 3.2996247879234017, 5.8653070299225885, 7.012454610630161, 6.772766341685536, 7.315159410548093, 7.571713242321114, 5.592206074469679, 5.373977190280927, 4.974731804731585, 7.500996143924786, 6.616020770112329, 8.056532224612656, 2.818065119310972, 7.797763116168157, 7.813481839484531, 2.5258388194890795, 9.323643584545367, -2.715206021837842, 6.453803551898918, 5.608031961003164, 5.609246870006355, 4.000447855275144, 3.586816913986694, 9.446426631920513, 4.132909722626924, 5.363793766114562, 5.742120306839602, 4.874669836487169, -3.36579935231019, 6.023997086955646, 5.742945817991211, 8.28561269235104, 8.329671523862784, 0.4360038970150351, 6.2235550688946555, 6.239889543037839, 6.439457291192211, -2.3804293535941703, 1.7931511482401887, 6.2457164534059135, -5.7750698712381485, 9.704938416438981, 7.361417759781335, 3.93373690123522, 4.172270853199061, -7.2940359434828235, 5.624445241294835, 1.6591629887010961, 5.296950331224808, 6.814978005650044, 1.1597122803236997, 5.77824019577582, 4.550532917577178, 1.7269514518533233, -2.629354292730662, 9.178618657130738, 5.695993328326053, 5.586009005967658, 5.360649570410757, 4.473401442657996, -3.7057217599933296, -2.10696681643952, 9.208987390023367, 4.5117774329227025, 1.101852454142507, 4.475763757570543, 5.657764951667983, 7.914030122679969, 5.897719198882667, 4.79078099234196, 6.167872664964409, 6.663008233536585, 4.257480631009445, 5.545682483821482, 7.262973180118854, 3.600181733753292, 6.509902862924789, 6.941885288560847, 5.732266037878621, 9.252009949545558, 6.441442401599264, -5.2379826077984495, 7.0525031795763615, 6.628407646683062, 5.818402309355591, 4.728171694465797, 2.9045657487236403, 5.3919011712501295, 8.549519502207541, 0.842899219862353, 8.03425090609405, 4.350216386379171, 6.177152284962316, 1.9543087662055196, 4.779105710630558, 5.341551496119, 6.262566057485706, 4.537404133326119, 10.906241007573247, -4.535623900655286, 4.643213319440829, 4.1012174781087865, 5.553701270632089, 7.119264172458339, 4.867829844581374, 1.1092498985935983, 3.5840566262105695, 5.698016347341048, 5.231917818014063, 4.294885690757707, 6.008584286497685, 6.59566101937038, 4.5950943759582445, 9.076644876912702, -9.41730231860807, 4.140151601363497, 6.456831895729634, 5.583014923715204, 5.838045653199787, 7.350378167485746, 6.156513557812687, 7.852916320090712, 6.523537283491029, 6.899172647643727, 2.4421354238175343, 4.9780569914084225, 7.483491757897465, 6.921649880687389, 5.678290166922215, 7.306120439772398, -5.002597972915946, 7.220168879806855, 5.65675662651717, 7.908738705608251, 6.4228551255523385, 5.30498728792203, 3.3384246591209963, 4.1783617890112765, 8.509546861365465, 8.663337441199054, 6.752975747207196, 2.569114996714109, 6.836021563856305, 4.201809221548366, 5.340747822079923, 4.41244433665046, 6.2629509566321255, 3.9138558850587124, 5.32942830050711, 1.8519708098088221, 6.814236529283898, -6.452111355447622, 4.418098268760498, 6.789036875502383, 6.400089706630853, 8.116492328041723, 2.594519562073319, 1.5075859739507564, 6.942229789126078, 6.228917924388681, 3.30361999318909, 4.852839295639058, 5.3864079695186415, -0.4613793184277467, 2.6774232681191923, 1.7409375363201383, 5.038248994055806, 4.202430699541839, 5.6848762118366585, 1.4699119756447967, 6.243117645675351, 5.389542919574285, 9.043547526296555, 3.909997585871948, 4.636188504817253, 7.080144687251777, -5.391227420760015, 6.419871894569054, 5.4818832752283155, 6.903482611014109, 4.4359105573398026, 5.3750821086686775, 3.6746319339947697, 3.423473051765818, 6.896039410159864, -6.616707119921078, 7.443359999059034, 5.76553435304897, 5.512263743947808, -7.152455515048452, 7.242879965629185, 2.188649317472632, 7.370381943897986, 3.473733247785104, 6.353491637980862, 3.6118264134246467, 2.453157410448064, 9.010125235567829, -5.226002353538562, -2.8558662017646257, 6.400706194070698, 4.068799801724421, -5.098083636673809, 8.147660220129326, -5.206901117929654, 1.6771310768377183, 4.935097181704103, -7.8043632585081095, -3.936837856720113, 3.8094531326594026, 7.542610117436053, 5.611816987062149, -7.591952493792386, 7.528435248397914, 6.682503373218235, 2.8832709896788375, 5.484669509065083, 4.388146551157581, 5.86279907554969, 0.7383972060577635, 6.154726375548303, 7.263872745658572, 7.745099924254692, 9.346605036219293, 7.372448899684335, 3.2750842063295678, 3.651485801671561, -6.337388335943509, 7.293256095460929, 1.2901613096505136, 6.245364010232642, 6.146682827959496, -8.67444258023643, 5.602587718895052, 4.231952540117379, 4.852687451179908, 4.0130543726864145, 6.389337117251399, -4.8512090651033075, 4.034191076175071, -1.4933297200524547, 6.819410983146374, 4.821013372138142, 4.160695324736971, 7.0666332084639105, 7.896832031996964, 2.3101026743109436, 5.637383085867332, 4.794132249969609, 8.944563431646335, 5.677988654026254, -3.4867658246653948, 7.266326409517047, 6.542957565858626, 4.0488426801998045, 5.037684485605529, 9.66073002612745, 8.179118749644786, 8.056330185501587, 5.567496845740811, 5.920316392321914, 6.303021761077072, 6.47459255323364, 8.765619870131545, 6.19692920533455, -2.8933314991429366, -4.811648644498761, 4.019862882064335, 2.3300388390488203, 7.582282785911302, 4.090670925262203, 5.968950257764847, -4.4554089142406745, 5.066130757553462, 5.932881840311872, 5.105323821299189, 1.0429709630974027, 6.804362676805185, -4.252605662059696, 9.273973373900755, 7.8296176249855725, 4.925067567880582, 5.759811989045156, 4.407071682734956, 3.214022663279377, 3.3525228995427443, 3.9864684723262727, 7.462775064267687, 6.9052166452601345, 1.3687878850772617, 3.849591122219346, 3.9872812520441907, 3.7168518145728906, 4.803523859519675, 6.649332526147738, 5.810828786827558, 9.042213870272208, 3.279757302066006, 3.68165099682155, 2.265790391983914, 4.007750950403181, 8.713468208009758, -3.105932473055265, 2.824965211846754, 6.394980362434751, 1.8247163982496872, -3.6632874976198906, 3.517707944071297, 8.648119074790358, 0.5339879027405308, 4.643617142964552, 7.6355091537120225, 7.029470822607515, 5.833577494083877, -6.448950452672101, 2.8641243903166913, 7.484194028313493, 6.120516474283219, 5.409824449030227, 8.735163269972404, 7.585802000174743, 6.5000202547516395, 3.7825968833504136, 2.7605975080443566, 5.008026981543557, 3.225853665024169, 5.57044038890706, 4.707766079271602, 7.2679518312636695, 7.9190855029772615, -7.575262481947572, -2.8149823725427465, 1.4924742049081663, 5.73527093651834, 2.066384520648957, 7.4731809641423075, 8.942563743977932, 4.720064894212629, 5.481496248664429, 3.6302079156270977, 7.174854264479676, 6.314864681142493, 1.243338124598896, 8.524411835462898, 4.879962985398304, 7.450012438954076, -5.253804504848672, -4.404023661416399, -2.4300038524450844, 2.3257641635150637, 1.4051904358376077, 5.513491128488325, 5.651339223456334, 0.4704520627400774, 6.571297384664949, 2.6613556856512237, 4.719680625215377, 5.085857933128137, 5.59347942620562, 2.0932391936022365, 2.25505364869707, 7.165006928143738, 3.2007013377992224, 5.993091477288498, 5.922939722246642, 3.5866673008279166, 4.3662132858466185, 5.779506982616132]}]