script/wind350m.json
{"header": {"parameterCategory": 2, "parameterNumber": 2, "lo1": 3.000054539987559, "la1": 64.9999836372058, "dx": 0.5, "dy": 0.25, "nx": 34, "ny": 52, "refTime": "2025-12-28T10:00:00.000Z"}, "data":
[rows 0 to 24 of 52, columns 0 to 33 of 34]
19.4059278996442,19.217374978000393,19.80139001991776,19.820941701574068,20.276837978764455,20.67592859774339,20.99714362927532,21.596728311114003,21.71526636976955,20.881154112514125,22.19662101098029,20.825306268040617,21.746653583095366,19.821147470150418,19.565732427486658,18.48490934190059,18.43321445648879,17.380896754934856,15.759816867586443,21.188442746095447,19.85755113434318,19.18676527160689,19.65774693041715,21.80586975647464,18.240845648365415,14.418944487958717,13.180371831762837,12.209885113726807,13.213235825229674,16.262563941009354,16.992524062335033,14.165575034230287,12.406140033197252,16.14307662192787
18.696154675705795,19.064879620025806,19.79536988158575,19.910173196771865,20.497390463503795,20.811314151246147,21.3074147970901,21.48550345471329,21.696745596828066,21.55330314346271,21.070177687324843,21.67019837455567,21.400718424722164,23.087213907822168,22.504862977067415,21.0913001760269,20.972286763349103,20.271848542795578,15.725145732721352,23.043778461466243,17.11239470301967,21.051258243002682,17.94573463196675,19.711184481900904,16.145586294168872,11.853568718324793,13.325419023579402,10.679655125722133,12.347828749786332,16.86889657343543,18.653472984964697,17.527753441419787,12.691130180959298,14.34079952293367
18.659319633274468,18.998008468013026,18.704814228167884,19.31774688471137,19.400463373091902,19.855868369823153,19.690457414031993,20.241401161807413,21.07091858346018,21.284839989713937,20.840720814926687,20.144520161712478,21.213447943727008,22.487872104329597,22.467161397745656,21.99530161972308,23.284058774818288,19.749890474333878,14.684501433365412,14.58155347114293,17.713189263383576,21.271050295355113,20.09677868958961,19.73942026810768,16.62419407236089,11.407030273180244,10.977160068982542,12.271365979722097,13.957596429181256,14.869129877948243,19.50387911407351,15.688697634292216,13.469973732341657,14.660115437662354
18.32907722139747,18.58287892042544,18.5569952808311,18.43256386041704,18.302072249007512,17.878192652632563,19.04267280999449,19.199131339992505,19.31770619512768,19.796939983322474,20.473196556055058,21.40620177538494,21.983354654940662,22.17993992420838,22.861478266778413,22.971020374710054,17.961719396189952,17.906880650525043,18.22228925892725,11.863479641777271,17.8514538536665,23.07130686777555,22.20966906344692,16.406372946230647,14.243921555876604,14.19595182670886,12.706335487435211,11.307921168323102,12.507225362903682,15.800516069671051,17.026711468061738,18.586004036561267,14.966463434160547,16.940830259286017
17.254810548602165,17.341445261173504,17.414880946942024,17.17734303487817,17.138227378732708,17.375995478756117,17.290365116766495,17.892538689423706,18.41617694765705,19.43308659051856,19.985180849617695,19.963162141619623,21.092837770524795,21.989027790930912,21.295020838420182,21.24049883542017,20.164719258626416,14.71909908173132,14.563796002258703,20.341373342123326,20.128941124174617,24.968923033809265,17.484175433766282,15.485310678337015,14.911489068288716,8.76806491737525,9.070722043091664,9.828896044702127,16.44899042410589,15.534663763582763,17.47473246812623,15.591726337031536,18.275630963091128,18.554780341316526
15.93457290082182,15.789340449589172,16.342302280636865,16.534208170624343,16.616621867546552,16.580283538266393,16.893273553521386,17.200342606107757,17.7901140414673,18.64337975877242,19.068381900734202,20.246225367965717,20.017411179686817,21.533876095972346,20.458390682105314,18.583219159260068,15.6813551426789,15.02289698475732,18.769062762332844,15.511550738814833,16.89640273769278,20.30104168437523,21.044535714455936,12.91801840700552,12.494512785540483,8.301994122208125,10.885252854285858,14.580230366189701,16.79858435149027,20.51252167536468,17.260548746626824,12.553019307531908,11.531365846443062,16.064516953159735
15.497503544436759,15.06070283798822,15.461547059914135,16.005935989649707,15.991598988774085,16.372016128153767,16.644143059134294,17.608753271111457,18.066569924869043,18.46590768021709,19.151177705071667,20.120651988900786,20.422876082284336,19.780147250915146,18.099416784290085,20.64700581464073,19.850842619707194,13.638112373184978,20.471066970378452,21.534156283073155,25.01764518362689,20.806550033961773,17.24735577435928,15.58826832544043,10.540610433479515,8.439609311646398,13.75329738393066,15.131666882097212,16.927754796062146,21.25114617167607,16.405835602530452,15.894115387100024,13.296850245104771,10.416208086682783
15.63967760368712,14.710221021848735,14.141845284451799,14.334744616744553,15.001709268296128,15.649830310790115,16.337379903728348,17.481258320814064,18.420865134416964,19.39009270103389,20.507298434130185,17.013132005821596,14.798110468635333,21.013504066851223,15.573663850551108,18.703048405665402,15.206169614019156,18.501210825474327,25.610530438695662,23.36146504405204,24.29981700867541,23.806866871022915,17.540152345242355,11.468024751461662,9.544078077123393,10.209804803229215,15.821599738267153,18.420366881029313,20.05493338443216,21.307957766640104,16.10567088163802,12.00432334527091,7.329190718696078,11.504662916252848
14.320052739487558,14.990208239438427,15.501664302185654,16.583289966259347,16.58238050138626,15.23365097794204,17.103935949334854,17.94957481524824,18.11907874588915,18.64749554494914,13.925133079401045,14.197314927902523,21.07897917153133,22.774439014192417,23.21224279997789,17.272983597343217,19.133975046943,27.031767915939536,19.427466356266603,30.55036050951116,35.797653556062166,28.320570755748722,24.417022537671173,9.304352656166136,9.971208983291083,12.50426520940696,19.431302387498466,15.54234896221671,17.88145452150845,16.7875290730543,16.29808742067329,13.19718081780252,9.198321448948422,11.339911174549664
15.357899974276906,15.782416827206893,16.096873001483,14.970943501804538,16.05926523863212,17.181032071209906,16.893865979289078,17.689188190185117,16.639221019609725,11.692524108183052,11.521065086542121,8.993535331469786,28.125380678307724,32.72205685420528,19.27747827233237,18.287308627454824,20.91512220928551,18.029688947311406,23.83195793459423,26.085084306456093,25.403466729717277,19.798931813474677,12.970100465845874,12.109878034679042,13.183260466551365,15.223636090264362,17.323609654754108,18.528842380680473,17.27516791882178,16.999654196365316,10.915452378276205,8.577301884904713,11.077993508610584,13.184687357632752
15.576729376219381,16.31016326789261,14.231100186192439,15.49174770663792,13.883359545354917,15.334525783763418,15.219330721893936,13.412367027747807,14.679962309373998,4.8328196435905815,24.375522856520295,12.230874210944048,26.250439184685387,27.24327591395936,28.57816591642598,19.01526745343512,21.119278774873564,15.265234533060479,14.458497116514051,25.26308016121928,23.787926390395242,10.970230548317879,10.974897057926382,12.039018060599481,14.96673251235216,14.827366780809092,16.672114882725598,18.148042812318362,19.81634932547585,14.824753121634345,11.989806278538957,12.67137563993427,14.19603296472475,13.50019215974118
15.438259643422583,13.749888156303548,13.21609872973466,13.293586121657286,13.369652494650346,11.985263851638395,11.121548171580363,5.8303618006714375,4.6594254644680815,12.860487869661451,20.3406665545553,25.925049804278625,27.364084535097074,28.638053000090967,24.411967665275466,14.579324735111031,7.880239486865852,20.670202003293717,12.721001690073907,19.524455745626867,12.852435509084984,8.979781400431648,9.938735483409742,13.0461582761618,15.072243688257476,16.382352738527224,16.026996377232297,19.179539961193104,15.033881608466233,14.40331414019111,16.413723205605006,15.960902342986854,14.495047107445972,14.275110813596065
13.913937213116998,13.370589171572716,13.776106655942298,12.522227359954115,11.70448323303276,11.289709665846296,10.099198180388697,8.11264677298795,9.475238408398388,16.43588464785567,19.32574858737441,23.741893473624675,28.35591183336602,28.946534441662074,16.465052411716318,24.758574962204385,15.28446559964223,17.419946918997436,15.636491600976148,6.722728461246809,7.106350316142693,8.796516109671952,11.23916385307036,12.467657750406497,16.10636759556845,13.735526304431582,11.164569525116116,16.174497191494602,14.897815223219181,16.257480934851692,17.166066797298054,15.739483159365507,13.236021415061973,13.403748869379436
13.629831876240795,12.677405241844216,11.421815245236411,10.049924162585976,8.442627101506407,11.996418592957603,10.276615035128696,0.10980611405036722,2.309582908464849,20.1152344982656,20.38230901411332,13.406873693450416,27.206598078809815,9.371222788699331,26.606266583247876,17.0904607147882,15.572991702682357,13.675501485322203,13.55602692236855,10.975165935999176,7.941945239615622,8.404246226102192,10.783276022825246,13.327142892793397,14.068837396653885,16.93090417041418,16.262099270322402,16.249844411186768,17.04575439132843,18.804539032948075,19.756296689052295,16.444744471744855,13.43186516263019,12.666377711968348
11.584480377608854,11.067011737657841,10.426848581309386,9.090072322443856,7.385962185763442,7.775790917190752,4.163379898439819,12.148707564125,4.934246012250498,8.27761584429207,3.595998074258781,21.95607522816093,9.836648020831424,12.280973409458621,13.473498701204829,20.082852369351297,12.422297218298155,13.555902904348399,7.538074197878457,5.528293604361814,7.081728996434777,8.077934547422831,9.847971474103622,15.095460817468904,14.26970800138676,14.734699104938015,12.368596821708886,14.992929010787263,17.644565748798456,18.350944668539885,18.50971769838181,15.707945372864021,13.167117487158007,14.107586421797926
11.080789908208827,10.808313153860066,9.539515064294136,8.052245627491475,6.472577118287383,5.527131864954912,10.774844206396931,5.031981337080968,7.639299449927485,10.581312897059659,13.921031864809988,20.799631865811616,13.196521085408452,9.838662933651324,2.565361637396953,14.625582474454827,18.11292484134195,4.37855229135605,8.876859990783819,6.691340518157801,9.35990555123917,8.281560685477796,9.380933112593256,14.91868825134579,13.836683713689752,14.438616223278565,16.260165838391064,15.469293839860615,16.871627707776465,18.547528598315843,17.630412599214484,15.532221958278212,13.477804938523366,15.022233946649298
10.164251516091788,9.542810477438982,8.661928418655004,6.863569487643648,5.453065391517331,7.056005075942456,11.942227930120788,9.7305595964435,5.20712126026476,12.55734054272302,19.565399305062254,23.427993181135367,11.319534057236476,11.7838049931174,7.404467351096141,3.362664689674943,8.852053784942568,7.491246338754327,10.001386274663673,8.848702185587786,8.467831379632145,7.663022394533836,8.174746025728972,12.430942492305158,14.308929123807843,10.947293648122214,16.078061365426016,16.706951682637545,13.181540317530319,16.50291599272114,17.01190435069751,15.316538142872972,13.127721638109682,14.068339627619968
9.181774932892722,8.360548512943712,7.470727355566895,5.869410141369056,5.416771193419361,8.329263761585858,8.541740905761637,5.70740071665112,10.786470203642134,17.673976804031494,18.322424905637412,19.56459443199446,11.776660625460112,15.354794810714852,14.59777739122819,12.298048404378587,4.757512184659732,6.470545311661006,10.013322217129483,10.111966265065249,10.573274754303323,8.16651010245398,6.06289270366255,12.490188951138315,12.347508566852918,15.373149363790125,12.981820354641982,13.371013336937244,12.240901829687074,14.109196624857361,13.174096781173398,13.564247826572391,13.244320849982477,13.293925171895411
8.037605040747849,7.385844301611493,6.514326023336758,5.439229307142302,4.628729310704457,3.617361329084099,7.441078854794793,4.570255980187345,9.49394794722816,20.69553271641794,15.101115190794049,13.411617937598237,16.039237055292517,12.082842676519684,8.983476292577434,7.5007291420060245,7.3844056878589655,6.455193095807752,6.454680137994792,9.080873090659066,10.010485274028778,10.137324268700215,6.924157594035021,11.678329884821203,10.455632017892325,14.792361404570777,14.854024199484988,12.36891933874281,14.675981764576338,13.30585391113885,13.116854381360183,11.148624708971507,12.53720389228442,13.192292544330792
6.99757819028536,6.380366306473756,5.869017748349679,4.707567409701957,4.186778721441447,4.946040232620099,1.2992533284097418,13.701598485033408,13.62797756463205,14.83082797855943,15.967198122063158,16.6861438282885,10.877844325714129,16.280639535226317,11.809480326105188,8.891711991579147,8.061704095603549,6.254124520544908,8.195688851312074,8.45653287813089,7.936339201882918,7.594677279640766,7.637438530551607,9.804964494296819,12.546444743930612,11.886866910004114,12.392832166539998,11.714130690232095,12.38111694272741,13.735086172204824,13.197447443776232,12.249758943063604,11.754563563544256,12.14787121859568
5.919284439656389,5.507280988468549,4.778403487600588,3.7727891587464555,3.0986214812961457,3.1624777949426757,-0.2765073776322531,4.604499908970611,12.583422421128333,12.045999567127858,15.697154673472875,18.76072574434304,15.854429250878416,10.331743883924716,8.794455357607637,7.409842475996037,8.220595221999407,7.0139590015011,8.615594215057564,8.180158103560679,9.387594368764349,4.626454856445172,9.58825610897743,9.31994418634856,11.970463366989472,13.076777139063815,11.50056338801355,12.32432951505966,13.017171190800283,13.758054970878362,13.266246864151364,12.32154951296879,11.607363182198968,11.031502805472439
5.1564373234293415,4.86371384605506,4.120690853864809,3.0921462519049494,2.2676243158325433,1.28883208071072,3.5580035836731305,3.5531647345658626,11.504359529420718,7.148673665216695,14.452637944387565,15.62254872247403,4.816568565485393,10.819823026223178,5.690767633177755,5.937650682512817,6.085933431351991,7.0297394507304904,10.957054665760449,8.155342083733254,10.070176029496832,5.0740071515422915,5.744481156174046,6.635915306230236,11.876160374367787,10.567270014051182,10.625287224625989,11.371389545408098,11.763924772991663,12.002123252045575,12.010928976300773,11.64864675946609,11.185702729590068,10.825211340563843
4.6106312266077545,4.433819871925113,3.6877480142112153,2.769536477908252,2.560212264287935,2.2370371414723293,1.7513528173205866,2.1127694261452254,10.223167810146542,10.46000566862695,9.049506060324152,11.642603869561352,9.58204156046198,8.714467405246713,7.094209513734407,1.8464345983838768,6.890111836240493,8.212075141984815,10.30202244401923,10.533895591269674,9.031784852361065,3.710993228183916,4.986922209380767,5.3507537012751225,8.131868965903623,9.460265577281753,9.25659154318326,8.978958722156667,10.125196761380336,10.768769870103977,10.457661512054345,10.896800786312003,10.249067285349724,9.66692061835149
3.9828861950229415,3.8282854818434493,3.317102312543577,2.7993755312792508,2.4845261886054897,2.6080369303430304,0.31181986204716944,4.133745477256258,9.873010068026716,5.529609694243271,5.7252153054865245,7.837551909352963,8.091114969254134,5.084465189871816,4.728937985046967,4.111334826052702,7.278454855188043,10.315717582068398,11.728004993071533,10.986765815321604,8.913201102460855,5.465004241923589,5.213436297015617,4.360618054167238,6.615328227319951,7.258559624207813,8.716000983943006,8.512233043890932,9.617549030984106,10.211070233089252,9.968364845673298,9.230917514125766,9.229881914287475,9.188634615294827
3.5300050652311104,3.3712726300251004,3.044796996596245,2.818427875914041,2.506415279025319,1.7977230608680197,1.0283437355818215,4.270354229832763,10.092241883564625,4.998894088678669,6.122740223825131,4.635180412727644,5.15486937820273,4.031602168583204,3.8970849353012813,5.468861546001618,8.068865684676336,12.122819862768983,13.00993726647292,11.623858646157354,8.427574714628413,5.500085148373757,7.33325735037281,8.729395251226828,6.925695684230909,5.945741582394338,7.992515705950014,7.754808571291576,9.356304357260631,9.680529415795936,8.997601376757027,7.971772752135883,7.780594438880828,7.75276907255621
