script/wind50m.json
{"header": {"parameterCategory": 2, "parameterNumber": 3, "lo1": 3.000054539987559, "la1": 64.9999836372058, "dx": 0.5, "dy": 0.25, "nx": 34, "ny": 52, "refTime": "2025-11-22T08:00:00.000Z"}, "data":
[rows 25 to 49 of 52, columns 0 to 33 of 34]
4.561247417830155,7.060990053495423,8.036871185452233,8.6734944566399,8.077428675723178,7.773391560557187,5.017243169395726,4.518143141520556,4.2605037225281,3.98553421431147,4.372704561276526,3.564864985471904,3.598337895086731,8.558809881562453,7.930034827977336,7.989727766615837,9.38819081403183,4.166044621263455,3.936716489787396,4.916695792972252,9.96281641753226,10.912698844955075,5.090130506609782,5.423686300596929,5.781603501988296,4.882708969027407,5.318696654712981,4.505927945032283,3.767951825455192,2.745193788002027,3.6094485804721166,4.258707428801597,4.861099998492763,5.505882276266157
6.9380001941478655,8.839617258513462,8.395113648740693,8.241627946640326,8.36301160425254,7.952002810337547,4.750139779213052,3.5098684895015757,3.9849262522261912,4.936039170781124,4.134215154754124,4.587177797027055,6.400836880778149,8.466862888159074,8.399785877385236,7.351191862786719,8.416008083101302,4.492153044674374,4.233606633709993,7.202704345280717,6.520060100970446,7.527084030486878,5.906844287434658,5.83562255804875,6.688717397891578,4.762433675247089,5.398783139573024,4.407243856293856,4.726430206491575,3.970044808581629,2.6008420993459334,3.6589103698983716,4.694619870073597,4.896704663103286
10.151075065058517,9.94721635647716,8.802873425985238,8.42316775076613,7.9339809290586905,7.403822882493389,7.106940361344619,5.264016088694697,3.930392409003376,4.11141012735254,3.77529583865541,5.493129281899968,8.96711594358887,7.900776414701547,7.3920499330383045,6.421312096692932,9.379175012733288,6.585314492286252,4.746353172561591,5.589567558004231,7.187910108644093,6.6768042628404345,5.50300134568065,10.859771127085398,4.7865808902916935,4.940112947487664,4.490979579473326,4.361482577585397,4.359092873150264,4.300155785239391,2.98047876234807,3.434622249217964,4.178330784268335,4.737410000397184
9.7820367477611,9.746869688890225,9.19815433681614,8.838729106205504,8.109870277089799,7.679511187761395,7.33304944322955,7.154944089105497,6.5081661851357,5.792520218175477,7.048165152422846,7.447957739864266,7.467265559290814,6.8667514731386206,6.299231007747496,10.450663090024882,8.79742347914598,8.814706147967335,5.182833893788134,5.771023973700561,5.577289435154032,6.084137749627384,4.667388533717454,5.413745791666908,5.40241042344326,3.8047948834778538,4.5246075518812185,4.382006333337239,5.426430781026315,4.0203322794224885,2.504959959815253,2.8624461777911483,7.254008201157172,7.12476938279482
9.18464005154937,9.600365771694136,9.324798219330004,9.11645001710049,8.096187315042624,7.700372804239244,7.404583265141667,7.516216172463919,7.166098191245878,6.532781337414119,6.180107829863482,5.834784681291366,6.334335880566325,5.986498981910443,7.66018231849053,7.5031870629737005,9.224212498182697,9.863663047395642,6.1591692517642675,5.2177866413673275,5.590235058193074,5.445062128749805,5.474936331728596,5.538459116633217,5.910701104105508,4.153230859162593,3.533720323423042,3.8269580896047595,4.821132726868591,3.7838296751579628,3.1770190842414427,2.8235381089923814,6.6541386823283215,5.3876995425637135
9.928645651376153,9.508291121035095,9.331657942489514,8.916065418649996,8.121456700528979,7.830244264968363,7.537366001210156,7.22527305163799,6.394318054200569,6.16077738098204,5.442036910411956,4.127444842129321,6.958428815647411,9.650210161771152,7.218494526600011,7.131270409295279,8.939639177838348,9.898514697496623,5.7281317271000525,4.84421543434077,5.018832873915634,5.4828857990311555,4.902571285380076,4.597855502230621,4.985492970582522,3.4424433616041,3.7596450389701292,4.078209889175886,5.8747615976631975,4.931087630387224,4.0749164745977335,3.8707601901039603,5.40897395271818,3.7777306492801483
10.482094824310384,9.79062118898915,9.029286286215843,8.172130639984458,8.029418121789313,7.88229983388528,7.608770692342689,7.304723448358797,6.6240145954914,6.084649440713142,6.030949899891997,8.503018401638204,9.184107568915488,7.78793410451452,6.422205755704341,6.169354871412936,6.7407528953474625,9.451130139648548,8.837574874868103,4.551276019954855,4.808282536951169,4.980660621449943,5.060901533763412,4.9304237903281285,5.364265129839073,3.6092941020046427,4.039052339766476,4.623670863246167,3.5262014879648347,4.598464293826702,3.979092472662467,2.9604498799238574,2.6838370547183166,2.512088620892719
9.635643100899058,9.514486226678384,8.179409521970713,7.7921857935605745,8.244702461589968,7.991776432215033,7.72261581061879,7.178803193300514,6.8734222684198905,6.744845177687626,7.049160225677449,4.42290372056052,8.536707572038802,7.437331473981224,5.988286052303946,9.152204616943624,9.763482171252884,8.844996722507691,7.537154382032561,4.377243782627361,4.623594215965811,4.828114332629453,5.30290379840885,4.374289441002717,4.352397019541109,3.7682224620882834,3.8173048904186793,4.735262996998056,4.532335994074671,3.8184318621337514,2.7899952987844947,2.3467986627198036,1.3081616327820473,1.513905244756988
10.095390618681094,9.463316700119279,8.10101762865381,7.956117644212407,8.238080302873973,8.335069302724888,7.861590869462751,7.515988231243013,7.115295354490768,7.1810173475468,7.416802722707301,4.423443688032188,6.9295242973712945,6.439818112135073,6.701280496866434,9.935655870965547,9.988657850938731,9.114023182700853,8.204321098023396,8.381632751934257,5.514337977977515,5.409152499989798,4.866422352155099,4.224398534693206,4.553463116873363,3.720128364882564,3.1957346831285625,4.572683900634993,4.416300210169326,3.28063800489871,1.8908765903969347,1.3561178820812823,1.6658273313819905,0.6309577754760916
10.245857703564361,9.063836794892374,7.987190847673047,7.4197305062946315,8.537174699941499,8.338650844360501,8.14367130941078,7.696384610996639,7.116802295376702,6.930348708501227,6.378330760781515,5.0266434810670955,6.461910718995823,6.969030134678477,6.615972778767396,7.407404780433236,8.513004494424328,8.524253285938357,7.764446041569442,9.604052399992526,5.796824665720628,4.474867195788467,5.588961613862978,4.6716767800450105,5.098231368055934,3.9503628035654277,3.2138366135819103,3.246945775733234,4.321790574178791,2.8320124055112528,1.7408953001558602,1.430157268248104,0.6812853439840608,-0.028006791480872557
10.025730436077538,8.58533136496816,7.980085730769,7.455797889395963,8.550937775561849,8.450732957729176,7.964805797070483,7.370567171034594,6.958567315843024,7.137841092723385,7.044946233037346,4.961287108135651,7.159110617543379,6.612608436659142,6.674691631675792,7.9097080330404514,9.063591203793662,9.017163980038651,9.504960000727612,7.386122197276808,5.56414797741661,4.847654096292222,4.581898764312998,5.048708081003298,4.65195114921793,2.89821488962093,2.7983435949231388,3.1239076035948496,3.0221424190480253,1.7203159779524324,1.4668140780024623,0.5301637059526412,0.1687830217931503,-0.29315738312848166
9.90757927933435,9.28985117343116,8.538314116206239,8.750684239873795,8.775747894471028,8.248409304017976,7.624199008868839,6.952935524514314,6.856563026586109,7.122439161056401,6.9617932213669365,4.911860437809797,5.961666515921723,6.218364722558539,6.897550121710249,9.880253327714184,8.843673051664469,8.805704472792222,5.619120958373014,4.648104664660699,5.1811401025838535,6.0977461190261115,3.9091764327300074,6.0037918386145845,5.676649373545906,4.898508197113366,4.127273820449298,3.7386916743559975,2.6807930110638645,1.7725656735459272,0.9836910446490621,0.5100317912080097,0.053135481867191026,-0.6183159280833418
9.80962177141993,9.518787137757867,9.371583294506433,9.16400555994926,8.872627267509609,8.03847775904661,7.609692888334368,6.818878006760164,6.943451989760295,7.099217029094538,6.59264963146184,5.214828265310308,6.196753732368563,5.330573993635569,7.069227958429301,10.313655245860367,9.12579508602032,6.481341464557274,5.790091679003657,5.106867295070725,5.954206005036323,4.763839439201976,3.793492306229934,5.275957667990475,5.387412150339414,4.310398597980182,3.8244019598915187,2.995368777014666,2.1924817132954786,1.0538617920780156,1.0327876789217025,1.0538323249232486,0.231288430774834,-1.7434692491786679
10.355363773311417,9.969519493814444,9.555143087675651,9.258740154745194,8.789646766356821,7.901079015098904,7.291018737205624,6.691167146483837,6.850712062689481,6.634225953071694,6.123083195890424,4.525424590647132,6.827360608115547,6.585793075576274,7.618881802819047,7.674683350729335,7.478422414269648,5.160304902757241,5.1527409717050565,7.911978674546371,5.604931334397349,4.704353426161068,3.6317887974287797,4.765683766879889,4.938220968577041,5.124469765654851,3.603042471256216,2.7128100647127185,2.1683272324560283,0.9586006122001672,0.8992310438638539,0.7230719552768642,-1.4859267934403377,-2.6466516640484983
10.656981839841407,10.0173724002708,9.513940359428432,8.972582405314625,8.542735206577108,7.821992725172912,6.957639790078108,7.041966224135611,6.78519750559819,6.460823893551947,6.308094354771957,5.700025560203682,7.018270456291628,7.017427914924164,7.780786179134464,6.947969373659229,6.525903035210239,4.85171221643839,6.054029201649644,7.188736191280675,5.869493968742802,4.934857356479252,4.6457404123640575,6.771638841441839,5.711793495365878,5.6693172917768555,3.4280287064209287,2.202598071777063,1.5000005609912375,1.7298502894691221,0.5786392089905336,-0.5644420109310662,-2.436206132193274,-3.655843671897602
10.845048494754957,10.143135815375436,9.40665639831794,8.755880907539751,8.142631732178195,7.697887633342592,6.704027708827202,7.279191322382389,6.977632511107265,6.826416338227274,6.66095345380581,5.415232504469142,6.880724780426814,7.9327246484181355,8.279117133724586,7.9486352831060225,5.768476666636751,6.313718926993805,5.8474644570100125,5.69055446588067,6.366452044158622,7.516981438588764,6.6487984128508835,7.065657067390106,5.625454767078627,4.358271005767173,2.6434102435575926,3.195402365524183,1.1984746499348242,0.9039233250223252,0.459207318937887,-0.9651529523536455,-2.8555683359249056,-3.609642875517068
10.943207642336603,10.316545393428683,9.438219625738778,8.48507775545086,8.08943014960018,7.807165491853676,7.4650407051438705,7.61361290750775,7.278356082255699,6.924008228779398,6.696430058800945,4.789197636913899,5.794417298866058,6.735251628832742,7.103010054102701,6.749239615740875,7.0348551237508055,5.650065183263287,5.574281901315368,8.198583844654854,7.208692526474632,6.567042749290359,7.413109335697405,7.07549597554602,5.851768649756238,3.742686674442303,2.267499894636067,3.8438765751187125,6.2593423003306805,4.024552006110989,5.003377459944517,1.8368424440400086,-4.232323426080653,-3.7317434764489827
10.922740331399313,10.46800864835289,9.825716011726348,8.515102294402007,8.309436357206499,8.221584768084458,7.778553702226448,7.357487411769202,7.230347886944814,7.089141224724712,8.380937488392432,7.8125672433766855,7.89425731289003,6.1630555119029475,7.555329181274549,8.002501056291543,6.677082940748121,7.988676487232818,7.854185138800572,7.1006077685947995,6.526334973073878,4.188665371562188,7.088340927616235,6.117336330236593,5.7748427431376,3.7452008910081602,0.9729276352808499,5.31525185357223,4.234355686549114,5.88286547732824,1.8219977086641734,0.7648600674435935,-2.078176808694885,-2.3463769181298852
10.718229355654916,9.667876629766964,9.425039083814085,8.280862584170452,8.132506537524304,8.188203939004037,7.656180788657802,7.3909265500881185,9.877133681820242,9.663791406552685,9.365620243887147,8.245694119257402,6.0810346875470795,5.850046548738351,6.327310800558275,5.085895271846033,6.108144934953632,8.07788732078649,6.640716634556818,4.6369223860824516,4.2574396774441485,5.7762619728056315,6.449146390158143,6.010393773601155,5.249236608530981,5.905058459381296,4.384277458506158,4.69674897359716,3.747694765758172,2.8160808649367857,0.8770470293624459,0.17998800903224013,1.069478661641345,1.8037818077367285
9.857616045723287,9.183538142918003,8.792963389989467,8.08758408038026,7.846394763980688,7.844734694674408,7.288138558520114,10.868371517515008,11.135317275533192,10.771493028689708,9.054709136812512,7.765390846352131,6.61455405794253,6.104901621323909,5.758849643011839,5.642150251765599,6.964195657566369,6.395707811372702,4.532200475175221,4.299479682337102,3.6655986157904876,4.029153563762773,5.360081240483829,5.305646712915068,3.6030865624938633,4.226652729733653,3.1483613669348998,2.5952408117114594,1.793576708484628,0.9085969809655726,1.2414251323584202,0.2656804821387883,2.4724661387950255,1.957850301732527
9.357851195469888,8.442351589109359,7.8914572883523055,7.711378311623169,7.5134454944289395,7.305329198485297,11.202914123366863,11.176249071059605,10.465355204490361,8.028951465751206,7.748224170002123,8.438933789801748,6.888880978504831,6.399817159109354,5.003973450095676,6.3245924680926,5.895693568342474,5.171283377483907,5.2561534305836926,4.125921536727596,4.879542851892545,4.114621413043222,4.529521182311948,4.600839624844845,2.9780801071813947,3.0447318578103544,3.173625790395646,0.8261627223649212,1.3382465592417492,0.37090829775409506,0.6482386587709504,0.6156117291340363,1.0025101753208572,-0.039682707043964996
8.879375278060047,7.987999881732562,7.4462148165810005,7.229992333965781,6.959678889617462,9.785069364412543,10.94515667382358,10.68533618915304,9.604673123042385,5.533808724075085,5.66641200608458,5.817576996193676,4.999315806727218,5.6275327133668585,3.790192120705792,4.708721391387899,5.036602520280096,4.195136767752951,4.918669605607589,3.1448516643906004,4.496741935321806,4.383206571871319,4.424030832843245,3.706862675361913,3.6954279721989334,2.567674255360137,1.3087103691702329,0.4034575950552436,0.8729715771424226,-1.0663763210895498,0.38744390508314236,-0.8205812095534653,0.250796126199212,-0.7719674192274532
8.741559889090079,7.838640768308532,7.34240446104411,6.4484967167557254,5.945125918456754,9.004054714237245,8.278014410370513,7.44109704796572,6.416017904370949,5.66671257827604,5.150962939949789,6.199988572039188,5.934608532433474,5.302383556816797,4.74116611860423,5.083850893082425,3.4490097677622997,4.049996408390545,3.6949054105814785,3.706449232897571,3.483544782134851,2.869397932240123,2.8417116250687835,3.145325060544829,3.1343465777297226,0.7575617037236911,0.507711294884289,-0.3536721627729599,0.6040864257377917,-0.11663670138724318,-0.6578450482727596,-0.45495934044388286,-0.8115988048208802,-0.24117039250420624
8.515013607080204,7.654094600779803,7.136807746352521,6.264408925670351,10.097854502114343,8.282297841252406,7.307159926350879,6.157933401766371,5.974155682862102,6.416187829453927,5.96461511646435,5.550767943623838,5.33894563135951,5.8388849145659085,3.868342470127701,3.9961620724028033,3.494985428368359,3.9661507318800546,3.4112746226876856,3.233291950907434,3.0042330991769886,2.1991797404757927,3.1261931958770193,2.678215540381349,2.391412598557828,1.130572843822062,0.27695351224136033,0.37452144822095623,0.4239533086166872,-0.33212847065135837,-0.8064846962476601,-0.4974370142827738,-0.8324997190459009,-1.4312977514971823
7.862420948671809,8.009329653727681,6.7141204838118655,5.8593733979010745,8.616127561448927,10.930993665387836,6.829404376697273,5.924536652663563,5.603198040662981,5.328053617148939,4.9846215188374075,5.639301744844504,6.3955793424494,4.043435825269079,4.864446775495038,4.24557006003987,3.852938104331004,4.768111439033223,4.859100589857535,3.3825055761956597,1.8729695599307903,1.6427816116449712,2.6552892533202312,2.5941027832103307,1.7684591394164906,1.0641425485516087,0.5179481354084607,0.2376156972614899,0.33790238959311975,-1.1815404867285684,-2.2248680405635315,-1.7157997713404947,-1.0442465541891663,-1.5987328806172239
