script/wind250m.json
{"header": {"parameterCategory": 2, "parameterNumber": 3, "lo1": 3.000054539987559, "la1": 64.9999836372058, "dx": 0.5, "dy": 0.25, "nx": 34, "ny": 52, "refTime": "2026-02-25T22:00:00.000Z"}, "data":
[rows 25 to 49 of 52, columns 0 to 33 of 34]
12.613119375724676,13.365399387718496,14.048875649858282,14.403349809481309,11.0957580425518,12.996807944382791,13.993737567277579,9.898994172068848,9.16131542090157,4.03070458766623,6.564338595899757,3.2480583639436835,5.984783032769879,7.3109428926658575,15.845664068620504,20.688435926389268,23.468202265275725,14.07656181414234,13.801407454808926,11.520471398955468,14.752284123563491,13.644175453294668,10.81173375286621,10.742914881292993,14.02347805791722,9.372886699865683,10.636702945704341,9.812754910587342,8.578437430693558,13.4373585650373,16.686027903414843,17.6365646982361,17.069780525753252,15.130124650054581
11.517718856908838,12.138764747596886,13.088341271865492,13.723715451656073,10.675949027618861,11.445518356523777,8.250076319369317,7.3346274744073225,7.237547644957396,5.8595747950678465,7.03752370994692,7.163489192055659,7.522071786185744,12.372309701965534,18.787456491025626,20.841845793777416,23.748064771583632,12.931528340865478,14.351810587288732,12.695662871721964,14.227225429919542,13.152168077541164,12.619199309082672,13.730256567381357,12.033415236935722,9.141188948955953,10.042363439365559,9.682822184765627,11.498891975181873,16.146221798774796,17.568295688206227,18.17971739213053,15.654983730490653,16.347496993805688
11.20953603128658,10.956300327757479,11.78504756714046,13.02081922731135,12.274721367506393,10.09804142849998,7.752769523809399,6.079680455837992,6.826174410252582,6.2745644600174195,7.067612887365688,7.575579953904463,12.084448096411498,17.139562367964366,18.91699588380896,20.39762939904264,24.168555604855978,16.630582049827538,14.920230043535586,12.936865443129163,15.32745497575145,16.14577145584159,10.533417092763584,15.691638098643816,10.789409529914648,11.076905679761596,10.71178603797006,10.396599077192672,11.773253640237046,17.96131447807092,18.622977571312965,17.628169063701787,14.180604028647599,15.733024984890518
9.932158185778876,10.998300271247851,11.286180544726841,11.527742351965106,10.184146400382255,8.549939817290774,9.899613916529928,8.99480921217015,8.190203300015089,9.32757188046522,9.87101969084499,12.721449717660708,14.67893394782641,16.61124931273972,18.837561951387944,20.4173173346881,23.626599361007038,23.375724558897605,15.854688491654235,15.335727878449537,13.753854285059557,12.483522400976643,10.905686966929839,11.63534809830211,11.198534957232532,9.314343942735917,10.646183204278149,9.793286093050114,13.269560810375133,17.133404823816488,17.946552465483748,14.751263476915213,12.63965086932825,14.155591022425849
11.727314045423299,11.482331784232105,10.622380419269781,11.014806305673165,9.778763644289004,7.300132584984876,9.188321252281971,10.847756229082652,9.802082523904128,9.914611099236579,10.44282335573708,13.614760777540582,15.506601119651659,17.654495686591957,19.797052593727617,19.5624887568885,22.015315352755366,22.93517757919179,15.561347383510595,14.217545182818824,13.671402608256678,13.338930267209454,11.255890116352303,12.35697495022512,12.627437182206009,9.21117187527288,9.19929677361037,9.227400941353984,13.515495632790591,15.642559354538113,15.475028989354797,11.611738397783526,12.643618054062282,12.533423152809064
11.551136437873996,11.017042128357298,9.592663745434,10.185264691934085,8.712656668210528,6.8284551319876545,7.336618945610674,10.82630435295532,10.699726751865898,10.369587805454405,11.212520144771654,12.323480393934842,13.242596734009116,18.382621480226863,19.28783101630601,18.84715525622901,19.503956327897132,22.19285907606645,16.525024127539492,11.858331129858614,10.624309217445443,10.532364949730315,11.903606688694776,13.693050172885785,9.829258673611392,8.68848476106908,9.574878330439383,8.607217100084377,14.633008010523264,15.181748944475855,14.233738220388782,10.424122651122877,12.92971607120392,11.844095180027956
12.292518702891346,11.228863189268397,10.281405544667303,9.852859379862831,8.23230694773725,7.283471268616,9.440993348481094,10.018493506446,10.014760889901224,8.943854414772373,10.394247558144908,14.854948107640588,14.398023958322854,19.349108539262357,17.499479216600896,18.335271411166744,19.615755279543787,20.859232570436305,20.649603335174238,13.51047711475401,10.5042123724218,9.885657908391204,11.69826149353325,10.796257484406436,11.61727297818095,9.939792548218216,9.51213646565338,8.98093036899056,11.087594606210022,14.517895729478328,14.384192168265583,11.213293221457159,11.108234582050343,10.975675617775439
13.020693577467911,11.719877105700737,9.135495051251144,8.597122635669804,7.565061831430713,7.9441983508384935,9.602529959661181,9.082200042581544,9.01592530237221,9.040862101731646,11.777640662837433,11.98505453003402,14.873286831432942,18.84905187947882,16.316694123879827,18.24515561795333,19.302171299591695,19.658000063010775,20.31600272219504,16.348591512186115,12.19959439652866,13.592635925280135,11.709041728660859,9.729763676660477,10.386379237597954,9.646653959447123,8.715189313618419,10.269065952567708,13.986278269111489,14.35042406049533,13.941286901951699,12.97508619966767,11.44636687076938,10.817068871677172
13.278938174953977,10.979851616514914,9.038020758559037,8.976132694972488,7.892031804294131,8.929363683814985,9.465541185843204,9.329371705772038,8.906166320205188,9.950323425885578,14.05938956115267,14.292031108116902,15.138786975776153,15.476439471464873,16.285835308966295,16.954017634120287,19.49313056894191,18.356322238606456,18.4418227233251,17.44283090144069,13.705216653323044,14.718173328281008,11.175323133032991,10.52443381653131,10.545879787377647,10.343140552789361,8.35098753175241,13.434456676342952,14.272997444020968,13.237597038394354,12.100889529754832,11.523553056168874,10.300894668851669,10.109825767648596
12.452851178761719,10.569622837931291,9.213095770634457,9.210730418987225,8.55149320636428,8.980736068561288,9.664804759391243,9.78459819084121,7.861696051651856,10.74492886080426,12.59099992427889,13.259657195053567,13.394844860757326,14.105524692679781,15.804451329786195,18.166065721531112,19.802128225442722,16.470977825684376,17.913023714082584,18.199336453840296,13.69687193117545,12.690360529605455,13.000557110117102,12.763255305972265,11.829133790950637,11.602178553080932,10.43250875148904,14.041249258543315,13.707158393782155,12.849042480857626,11.074189519272005,10.041146506509438,9.55441910137783,9.531913082695466
11.929359202329314,9.928663627379116,9.552432628751095,8.793728131673394,9.100930058795425,9.770850547024676,9.51460261156722,8.035136209158601,8.038442207957035,12.345277815392654,12.064281536136036,13.69052999562884,13.803572890205627,13.82099061284242,15.222341799339802,16.53845344152921,17.922789688933747,16.90814347225796,17.25047819962131,15.764242301799792,12.550324597307851,12.050928433666792,8.55997500295355,10.842889778629866,10.319722347721955,11.98869475074582,13.276520976825573,13.810826115580953,12.787075869618125,11.755823754967247,10.450006297187874,10.012067967665725,9.14055157049546,8.701826537726106
12.249832765624822,10.085261983679912,9.587656863620577,8.315535439617896,8.56068984945164,8.72302610793416,8.468163081943008,8.554545142157655,7.9112830108826815,10.3230198850625,10.797469109512528,13.483706900480865,13.047392209850528,15.223142542958211,16.07422159504758,15.853356794711848,15.804291763731129,15.918649569568332,15.61922269604538,13.266855824311035,15.829248542117924,15.206969036030662,10.303132623324819,12.475408432707654,13.572201619560655,11.798465702167922,12.397797091483298,12.438335934462385,12.394861268742135,11.665863159871584,10.664281296652497,9.784239202976561,8.350163806038077,7.903823573516591
11.780194017756697,10.495856515607917,9.123871004256996,8.641466953515732,9.264050858313762,6.896285556351001,7.646037659200107,7.533370973667832,9.40128945272966,10.8745491783569,11.368431979093014,14.97468441835926,13.799697586255798,14.696149855240067,14.120044897677976,16.118084485322875,14.540988112437395,13.57453832311439,14.374453754679655,14.149377696067493,13.251750188399505,14.110179464484666,15.708607049634738,14.884285352883474,13.164370435846616,12.642157936031182,11.81927881310141,12.21096096981451,11.930283501305352,11.363347418673646,10.934203080848695,9.119997241467404,7.836252213984213,7.968724587313086
12.16903250755387,9.761003620230715,9.059369968441121,9.178494092671984,10.172429736901728,7.098133624413397,6.924626570125924,7.3272205260071726,10.143036860193503,10.910812076266213,13.313277739014834,15.133498169981936,15.28829484306481,14.045541984489924,16.74026614695937,15.38309302734909,15.617924857512287,14.92660531279001,14.024799271313244,15.89774491246069,14.354454871307505,15.25898288445652,15.378834329369731,14.481885443088837,14.085124892787134,12.935820593595498,12.020442226261581,12.686001506052419,11.694089198000501,11.138977905590234,10.372587534730304,8.329035451895074,7.610097075512619,7.1509563941997225
10.866624468601648,9.334776598123337,9.185798674185758,9.317889083736565,9.330083775491348,8.191992652199001,6.725876863709584,8.136851394202944,9.817328623815579,10.486716313475167,13.312848129214208,14.908442621772616,16.013515875466094,16.493059923949364,16.102963076349575,15.249957037136873,14.51887000719522,17.043991075960655,17.862835252850306,15.949325178202153,17.134528716372674,17.699479731926576,15.901983404586764,15.365831359355562,12.679878933004197,12.445729500720372,12.663143171693159,12.044328653391233,11.666588275847893,10.137055679878994,9.26421613645452,8.630178736750318,7.472117163543957,7.545554645476223
9.649052393079998,9.596480561252967,9.647828435669632,9.086918121006537,9.644674468326263,9.047967843877025,8.952145425394416,8.010392443913839,9.734879580451835,10.96056769218353,12.633814967957711,15.409894049485974,15.422012245487393,15.822401457813699,15.355212055463795,14.366603527373222,15.604000396863011,18.408878410170548,18.117240157702355,18.66313287983749,18.829774967651396,17.472071047706535,15.847660161412778,14.045331924982763,11.757638202634633,12.253978912837955,12.456398130048463,12.284443405570679,12.18022930079198,10.785318593949597,8.277703988926644,8.2143646503663,7.3278144738012,6.464973902772661
9.09018278688893,8.464135661759677,8.511321959137979,9.614953163568764,9.328510882367814,9.305981345574942,9.823827428261827,10.139274855695879,9.908732079491207,11.100757414701077,12.613000030679391,14.872007796049772,14.220372132632345,14.387194157513171,14.19615949654046,14.442918572206137,15.934881203120149,18.760171844423972,16.874596746549727,18.963915537286514,19.860030620997723,17.342972663937047,15.505744304942269,13.557009699301686,12.728301978187742,13.59971996125411,13.178592014285288,12.467550711637905,12.360245806093083,12.260023581187967,8.891572537363615,8.376088218059204,7.125252801850004,5.624206510598035
9.373660654553928,8.723741917722146,8.533472053885786,8.216343252889104,9.255631985403832,10.996993777983311,10.885464901344365,9.664101535390088,10.88637907564554,11.291855198652335,12.65518103942545,13.904087738942955,12.930151717221671,13.437175027666273,14.00571200188188,14.720025497378371,18.054598799142962,17.904192910827277,19.98982771680139,19.79040898630241,18.659546757277642,16.766687307574482,15.010054166173884,13.112680603878337,12.993662032957957,14.511127098596718,14.316813561217815,13.944008071518532,13.177745155824526,11.94406895922099,9.629287598074917,8.616705383786211,7.0353718850984075,5.48252657964478
9.125647321167158,8.216820202668245,7.046615024054674,8.351403233073988,11.89178436452832,12.044599697997556,11.074416835551746,9.498901944028379,10.998021897429883,11.27104984533979,12.545204857068782,11.586738348939171,12.134825007878291,12.688052003810677,13.48718822092752,14.858762393215663,16.849830985030763,20.562793339613517,20.27475997646073,19.226861722509323,17.858961557717755,15.677659276712888,15.2613955183026,13.737204147531296,13.656441084350904,15.088568823000848,15.08591410642017,14.614316891499813,12.721854351753692,10.926029848444404,8.308890865946742,7.328543474565546,6.375470554654438,5.87467032518633
9.238048169763706,7.737315126634643,7.630453564636354,13.25087058681781,12.763113562364074,12.412446723562837,10.33388106946141,9.456145869968317,10.813038007517774,11.556605492629833,11.176119837341233,10.665595278579548,11.249529416203204,12.021052290443762,12.16466320482042,13.9209475709732,16.637321801435352,20.46153992277518,17.68881014507294,18.711325983097673,17.02549037283817,15.375205865749068,14.936512959915886,13.989439743347761,14.437752925456651,15.338132443882584,14.02140407372486,13.574344082919332,11.67146991969952,10.135279465323643,7.403044237325501,7.06670302300649,7.213129386789343,6.676721695514202
8.285110169052084,7.406505132273379,13.195244043621274,13.487442143088796,12.560316607549405,11.919735286223196,11.139887171198144,10.695459650084574,10.282653412731221,12.30102960856121,10.912371665551584,10.336718113392397,10.711236146477933,11.114264614494179,11.48369840886047,13.89148252380085,16.605296063627737,19.433744628129354,19.88355341906603,18.43269612354301,17.34000455757425,15.165491013740628,14.637680765752599,13.831752453641483,14.373547997030835,14.538162669140752,13.541226606465946,12.26895698964429,10.10594542691071,9.326349564004515,7.008192269467297,6.783283598328116,6.351324744427258,5.125003652513203
8.663648010020344,9.5628813075688,14.373734469436029,12.868300993804105,12.05890025463094,11.49464407381853,12.417442496121014,10.660641062030042,10.547782515563032,12.008889909908165,10.301294614611786,9.890283073195935,10.487428568256377,10.205285657850103,11.642438501353006,13.022099264709865,16.649604608475208,17.96257805974218,18.878835197783904,17.62268825243592,17.241332478873957,14.458341772661997,12.346073441063703,12.783558889108775,12.66372513672543,13.06205284848911,12.098016566055938,10.183610468044629,9.420758573066578,7.773239241095303,6.375708622303229,6.522693878778436,5.737494637824075,5.639639057304464
7.667242839172531,12.444182363010727,13.802765075734637,12.081583043834803,11.723625662242458,11.138697794219532,12.367502615897779,10.930201556808994,11.869529635795452,12.39205965317702,10.163601962151525,9.705870900298272,10.26828173587616,9.575589953204032,10.136109199357247,13.91138675977028,16.17306889916107,17.880654978280695,17.465101234301905,17.078435209873195,16.29298478536784,14.117754219151049,12.805444203904262,11.9221000637567,11.893405487074396,10.789557081410562,10.976304213621425,9.941276126801478,8.07479328958023,7.284571202252649,5.979678618304794,5.937608069385261,5.346068777033166,4.688078649535661
8.82915883833656,13.041164771664544,12.703685509880314,11.951633906297147,11.237509136043387,10.87156710590858,11.454637535852704,10.922050339453383,13.219783065565652,12.30654003269756,10.87860723186241,9.482943966617503,10.95271237687384,9.192243830084827,10.518196919702335,13.093804817157737,15.457888305084362,16.763544184224486,16.31248633109102,16.42201588023713,15.244422506224664,14.193701104225594,12.979454850859236,12.726156158865702,11.656219922201887,11.200459088057993,10.209632483957796,9.345942610382494,7.598648429790247,6.942644900303601,5.827055793294008,4.973628835822461,4.270081740326845,3.6793087110953864
10.433127605817461,13.600684930473085,11.654271289655735,12.287803902384454,11.38375945712099,10.330082253914972,10.862077001850277,12.207799400812728,13.312160039021384,12.514370512232416,11.166968543833475,9.931890008419145,9.46961893694733,8.858613861702658,12.371367531372398,10.862524133324829,14.356330323447075,15.89248700299598,15.567478698691325,15.46206228017062,14.46039267244292,13.542331509196755,12.099846800573065,12.745116743355826,10.786870632353276,10.89129690223087,10.086394868519411,9.435585196910308,7.901307626951308,6.4630489106129385,5.283973359087115,3.9475041378506677,4.180313538657681,3.345031743810654
