script/wind100m.json
{"header": {"parameterCategory": 2, "parameterNumber": 2, "lo1": 3.000054539987559, "la1": 64.9999836372058, "dx": 0.5, "dy": 0.25, "nx": 34, "ny": 52, "refTime": "2026-01-31T09:00:00.000Z"}, "data":
[rows 0 to 23 of 52, columns 0 to 33 of 34]
2.277765326558189,2.934163677787131,3.4919071009020977,4.016497615778905,4.478711193003019,5.359029582827643,5.314868620696519,5.016934915141975,3.0123407841265655,1.7886635019155015,0.11214869789216685,-0.9343103987206461,-1.4009636760361917,-1.6455523910241627,-1.8785998505661485,-3.517379547232391,-3.4137883646189304,-4.573827904552082,-7.166879095936991,-9.389144668274191,-5.282486065030516,-0.8045291068980972,-7.208875746215635,-4.317956908745428,-2.2929771240914794,0.5451175392651236,0.4914035443269722,-0.28542886101316883,-0.5448462972714119,-5.792141656146217,-4.582607461938172,-5.057522334763993,-1.892806384884984,-1.8547708096355213
1.4403854772320543,2.1504847251401316,2.2771937690387585,2.191265909732765,2.591109587807958,3.329817697604034,3.814898248793924,2.5831257110026833,1.6205710353086684,0.4469724911757288,-0.7635684433648445,-1.3091560936896751,-1.8620817257531408,-1.7842634598436826,-1.5512567142651568,-2.841837309112684,-5.091726298612482,-5.348241097307519,-12.104332651679762,-5.722725241809918,-11.987206713469345,-5.670211663772448,-2.640320822845646,-6.098958256620724,-2.906881801913996,-1.5058227615075404,-0.3018046461568569,-3.122498163633305,-1.6146579328621091,-0.2048965478194235,-3.132176381411478,-4.368778405273123,-2.267653816680928,-3.234083628788321
0.010551508437271673,0.7758382520940427,1.5080813610360553,0.7397031599345474,1.0993571185395077,1.8712563877780541,1.8795201516185223,1.5857632650327949,0.5404820779095895,-0.7275220620592155,-1.2266387458307189,-0.8721094755951694,-1.8372920043754004,-2.0585841461101735,-1.3537695990418048,-4.9259071376049,-4.324590898591583,-6.4811701752234985,-4.537882090249195,-6.811741501088867,-6.673999708939526,-2.853863378719067,-7.945542887582676,-5.182527737168617,-2.3811049648585105,-2.403045861895677,-1.6008484510802272,-0.01055969155855756,-2.851119358397709,-1.9354286660644369,-1.5138618945139513,-3.1172258493568403,-1.6699201062459514,-4.271505209716634
-0.897007071519736,-0.4719505212897492,-0.23771064547077692,-0.18983029005279803,-0.06699826211911092,1.143342873812678,0.5602508427260704,-0.2399677727601803,-1.4369744299048026,-0.29113203809963917,-2.7919776172722024,-1.1647245850280896,-2.1693991197702256,-3.808381658961026,-4.428576147496177,-3.627984567511004,-5.219120745098714,-5.163922752048013,-5.936241156050548,-2.1215285218252564,-8.090527112844164,-7.279447405709156,-5.057160496764282,-0.9781094559760056,-3.452294895912143,-2.742998502411059,-0.8728347711898827,-1.1801367136249366,-2.6842801827762526,-3.861911677538727,-3.2279765613781164,-2.020848033407282,-2.729824050662471,-6.923983070355955
-0.8367485541919428,-0.9602623128035123,-0.692115436380208,0.04405717669400634,-0.22421782163407414,-1.148309079144248,-1.4609843251382835,-1.706705726106334,-0.4091587458399714,-0.1549795241701332,0.30010168386324493,-1.9156601939186215,-4.252075694671518,-5.074267430831553,-7.667608153622802,-7.884863710390199,-3.0162058942891283,-4.881214534301234,-4.520928038611792,-4.965674103930695,-7.557327185210412,-2.923071146489987,-4.0946579998904795,-2.480544861208423,-1.507924795423408,-2.8728106554787702,-3.3408598474860933,-2.620449740997328,-1.1787920643376133,-0.4592247266935445,-3.9142830467179914,-5.635140457040067,-3.4054997787214316,-6.003245631843862
0.2199793300575839,-0.17790201444856313,-0.08403273365511943,1.1555766354241719,1.5563710408141023,0.6339835328602568,0.14617652445612825,-0.1361936385498901,0.7413787849804591,0.6545859989445025,-0.26120704643527276,-1.3367849343336675,-3.249176429490503,-8.674178845898501,-4.453107584380703,-2.5118399359111887,0.4516530998883291,-1.2879592154403825,-6.0661182740561514,-10.27426640895904,-7.227560607233135,-6.826534583487646,-1.2759101732687077,-2.645095155400364,-4.4465099231697875,-2.1008486271073448,-3.234941379957211,-3.497074968155744,-3.079450925838109,-0.15578688135956523,-3.489062973777695,-5.805595980794188,-4.168220392028402,-6.11789006076548
0.5275081186228495,-0.040034487551194854,-0.3707438428711497,0.37995879761289514,2.040128942130748,3.0521751943796835,1.5204231436451128,1.2250993330637316,0.5704738226550523,-0.5426571973186702,-0.7725038828238381,-0.6427002266807221,-3.242805140840907,-5.941381224880711,-4.576214885025631,-2.4775299256438967,-2.3338847493385972,-7.0409572506838805,-1.6909162119522831,-4.824589218804943,-5.252257831789831,-3.4907457722210804,-4.450428459421002,-3.7921314868539793,-1.1038858228579824,-2.325947716022061,-0.41786605408062216,-2.8630100265692247,-1.3024373296146345,1.250682129391552,-3.270447329381439,-4.219881843062731,-4.290594658457474,-7.133552293008667
-0.7184901945258121,0.3857764494454494,0.4578904584318206,0.1601287983161429,0.8497132188116354,2.0836337924703723,2.477560843414694,0.6860448752982933,-0.017361219212981352,-1.4738282717825393,-0.20730097657477467,-3.3511058381100494,-0.8944157384454963,-1.775502767899425,-4.590383325832081,-1.8489083342957244,-2.545301686080693,-1.8690588587537351,2.6417655560395414,1.8838459173960542,-2.2378951479148768,0.4074076078503298,-5.462861975448651,-3.3480393962027652,-2.265680140646665,-2.6800954642399972,-2.1570916674436473,-0.19923764348979528,-1.5560156349811363,-1.6229234212320904,-1.518876104866252,-1.4935960121276215,-1.2456549321093686,-2.135931530746281
-0.5317417727232181,0.24374691234346244,0.9098831919888666,0.1329995312794088,-0.39271004337196513,-0.20629580384503626,0.5295680601291824,-0.6676110440394543,-0.5832458452764143,-0.3122315842645145,-4.321307940954289,-2.9427963249835356,-2.7678221603982247,-4.820968532339237,-2.550267104497118,-6.045068819138377,-7.890928001008383,5.8033016781537,-8.951196038113372,-4.449861437234422,2.161676291469753,1.7447568678227054,2.729311231327704,-3.3341898663629626,-2.5796322195296435,-2.6256311310342926,-1.401567045588763,-1.1680253392380835,-0.5210179580461223,-0.22889515570355512,-1.2948773058770493,-0.2895998693222867,-1.419952705021611,-2.035358576041461
-1.9379996535194943,-0.630870475886392,-0.10634112498486478,-0.6362100930915543,-1.2373154132912285,-0.928718866689448,-0.5189868368980564,-1.6263015074725733,-3.591502750936458,-1.6810793869105765,-4.214819759787139,1.2567855544274558,-3.1072975771372544,3.8306401111860584,-5.520473881786012,-1.2162745875852414,0.7383564033348631,-4.995174575430848,-5.3345455559751755,-0.6186892697764109,1.6889428723340465,0.8249930106089786,1.3631060128059787,-0.764088463465746,-1.4891486142795025,-2.356814304365905,-1.3228065408854406,-1.4155140810454683,-1.4171376939108151,0.08239519536725877,0.02643609457204057,-0.2525956245520505,-1.6586086355805556,-2.1776630139051365
-1.6172463420928576,-1.4096949261395582,-0.6288937366996921,-1.3654799912590372,-1.6005688440837913,-1.6863646750423273,-2.64803102363376,-3.059867779844112,0.06509187089405921,1.089489118126905,-0.9170895982238676,-6.567400291949923,0.4705508880106552,8.786808129957246,1.584520223692993,-4.423331408609453,3.2483856094315215,-3.3406461729745023,-1.9038937064493824,-1.376010368056596,0.8117842390000394,-2.011465458393914,2.241490300989661,-2.6758901201594054,-1.8396847514283523,-0.9261077199538551,-1.8245700322027982,-2.001837451391445,-1.483762505260655,1.2256141029782877,0.09855830226244783,-0.8865773462888351,-1.9709733207135063,-2.427567521677679
-1.3736312593668942,-0.8119204044097311,-1.4086630191584395,-1.8803585390287347,-1.240444936456399,-0.9732605319680929,-1.9148115410681923,-3.0402251986051287,0.35790227926591295,-10.034903568589632,-8.90079605295345,-7.332164317865253,-6.585406868405874,2.1400313050204933,0.7523427662717292,0.3804541856441839,-1.1767078130659454,0.5580638167404697,-1.0587531217529198,-2.040854170109165,0.775088896489954,1.219196393201319,-3.2490792302021325,0.0806563808744439,-1.297746190180658,-3.8550224090856506,-2.145176742051484,-1.3677888060850354,-1.8953568161177177,0.3960034910129281,-0.6538120111459546,-1.6822717375501777,-1.8304951884283815,-2.525065028513586
-3.185723260504524,-2.809148977362804,-3.1239389800901622,-2.004580843034046,-2.5555621675434863,-2.5634424969577774,1.1113744374422427,-0.8440777758783228,-8.933806873371012,-7.6528838112970705,-11.448582460911918,-10.529807960086208,-1.756453977338746,-0.3596211730253884,-2.5670332214006035,3.1569414775549576,-2.1217020521065417,-1.3203077553294182,-4.102993070184949,-3.496595188690974,-0.3783872630863534,0.2984426312520742,-0.2545777779643784,-2.7821173838803053,-1.6684680551041262,-3.9476635929185955,-2.930590520813304,-1.885705105925976,-1.0980951509714543,-0.13898911759470547,-1.319352637627341,-2.26174377961271,-2.1939094832967,-2.7061077914583826
-5.067956441444126,-3.684061394181156,-3.7422908276787847,-5.800271866448741,-6.96214404535243,-5.732953192324214,-4.3324096214242145,3.3893192439839077,-13.079835181991704,-4.619550151393762,-5.559864429404148,-3.8482619932877333,-4.499611361555626,-2.578361430584764,-0.5398772910133622,-1.2260086002424666,-1.6393734159842377,-2.6372705217403687,-1.9254082450557504,-1.9240770278620665,-1.871473403324408,-1.7605236974155363,-0.1996529105191257,-1.1823501591062562,-2.9523546641409584,-1.9544632851158392,-2.6310795006627576,-1.8264897517949847,-0.6920582850980065,-1.1640334579802287,-2.071956127080795,-2.4729572352857896,-2.8710286693404314,-2.935209939154399
-5.0195671473730545,-4.23445479542327,-4.611164122340698,-5.63658867028251,-6.926647164487698,-9.88411680919325,0.2893727986276684,-7.629810881614297,-7.3666551525433555,-4.3801631002029,-3.1255710553167457,-6.292044974907079,-0.7232421761519764,-2.2510671036759025,-2.9205955438718303,-2.950394875207345,0.18643882765745817,-3.8859728347269877,-2.9909937216971145,-2.812478636010946,-1.862123743860151,-3.9799826549755246,-3.0404005205675273,-1.7705086269732098,-1.7888786707489717,-4.82306267769715,-3.73264545494651,-3.514361169310177,-1.879433446083814,-2.358792188464173,-2.5505335828846323,-3.036361307710775,-3.5273557597734846,-3.3297851840376915
-5.809448531785462,-4.8198364266364475,-4.485486744800944,-5.926235647500769,-4.622557934085252,-7.555888149899989,-8.522581851882205,2.1393081999947565,-4.0254353237880585,-10.99128976209077,-12.683516292704512,-9.002096937650798,-5.2449517690705685,-4.09724343045157,-2.1939113603606826,-4.020811915586646,-3.883873448091057,-5.509399490967241,-5.6210239538627365,-4.535678321159663,-1.7715522848998932,-5.11715427148887,-1.478673845034318,-2.9945241243141583,-2.4189102308993715,-2.828428573333801,-2.730084106608697,-2.3817004053691413,-3.1606780820129536,-2.1231879394590596,-3.276833151454744,-4.142892011461027,-4.1846370821326815,-4.192167750124983
-7.003415200824648,-5.833032530363768,-5.733569041437571,-5.070258751801819,-6.6765249548494685,-9.926210776048494,-9.881123298399038,-6.928507484486789,-1.1009907958916574,-9.516902221354659,-12.396700419551783,-5.309353120094457,-1.0841106524276931,-1.7699727706266386,-0.6691356315147281,-2.112008718813318,-5.657298667356406,-2.482295300918426,-5.042179327512377,-2.810552577639821,-4.999078122185245,-4.166131184875002,-5.878884553579246,-2.6957203494666415,-4.548172663457209,-4.537414475091943,-3.212118716476663,-3.5333957530318076,-4.142434931744281,-3.863219666066844,-4.777627060172978,-5.088735326001373,-5.313117039303799,-5.199791291459364
-8.44210135445112,-6.742527073840183,-6.289041394326763,-7.38671773752221,-4.695949780739888,-3.510480838493824,-8.495237718585956,1.9660426398137842,-11.854511536007523,-7.692091661335771,-4.674735553617402,-6.954383348874287,-4.10914066390888,-3.7226791933158125,-5.111490723602012,-4.871448417729484,-7.66415305963929,-3.900334042861598,-7.33612812139234,-7.1454935486247795,-7.1137837857692,-3.730320843244135,-4.1830405927401895,-5.401341142538309,-5.6827127915440325,-5.134646217114855,-5.749194729532649,-3.098009551897604,-5.473034497696117,-4.934050204149273,-3.7607791267493003,-6.720094860173257,-6.504678986306453,-6.571258902093777
-10.441509732953023,-8.641385362760412,-7.159198628395267,-5.550916508347162,-7.9077710552519,-5.164439413348041,-8.174379439145962,-7.482136602407757,-14.345565957579751,-9.228357061674277,-7.1654509223897955,-5.661408760408166,-5.2179108150566655,-4.105895732034291,-0.6450259664457524,-6.235962343228025,-4.273009048106707,-5.239696005205485,0.31069516947935566,-5.497082432894957,-4.701283506427524,-6.646556618552139,-5.388319431612815,-6.771078271554582,-5.132224108443962,-3.6264595403401443,-5.682536213608623,-3.0969803642930014,-6.336218094964276,-5.753270422631538,-4.366493874662447,-4.142685029015457,-7.348697687943483,-7.173403716823092
-12.907892881865859,-10.684789191514307,-9.040351966052375,-6.612227906657406,-5.318237911698824,-4.18445110838899,-1.3915411505596802,-3.43079289202303,-13.880309564083829,-9.717158525138247,-7.59580702800618,-7.633922898859422,-2.273700744218199,-6.042670090529248,-4.9784882288314405,-7.21575516747997,-3.8457154608280746,-6.490475303790445,-3.5787199941048766,-6.174345886826928,-3.8079462957170676,-7.706271672570765,-7.496766453559413,-5.359947803833869,-3.5851462806239844,-4.784180579632197,-5.044301157749399,-6.214136893812382,-7.036393482212911,-6.992276018738789,-6.782687119541924,-4.462820444236515,-5.222408945009316,-5.824959711727155
-14.08193731999294,-13.626178066394326,-11.853021224784232,-9.406273205866194,-3.988079921211285,-6.675389340719306,-8.949541936277624,0.3393571060191005,-18.32722352988538,-7.627865425956657,-10.21989385275622,-6.522531955657767,-5.104530975591001,-2.3386701093794033,-3.158676382520271,-5.3641344073187875,-3.6560948812409246,-7.013165348983654,-5.979170306945227,-7.623632102367268,-4.727631406875942,-4.247770896071552,-8.754418020891716,-6.5071443947575585,-5.422378383489574,-6.10083099234016,-6.05418423058035,-6.077104561949247,-6.312555431463472,-6.169600682667158,-6.678272953719612,-6.451290924163801,-5.878048359552905,-5.464220819529867
-15.584511976177781,-14.339876678855598,-13.623158586583596,-14.113461814365845,-7.704590282547839,-6.729647309137709,-13.518444169498668,-15.190420350653225,-12.550621714534328,-5.335493970155061,-3.5546628438492993,-5.32717360095907,0.6572299467777557,-1.93663663810227,-5.008077020400765,-1.6038403151833807,-5.9095969750081885,-6.157351170396746,-5.361233234351639,-7.301382644319653,-6.2856057503847715,-7.727794195527504,-7.267035933969784,-5.938799109653076,-5.960083049765056,-7.112060787339074,-6.798451225860805,-6.91100799427455,-8.016757638601973,-7.37563181240185,-6.685384641852377,-4.771018516826094,-4.471272266124639,-6.38009212977753
-16.89328037367087,-16.838475349352354,-14.447975942419212,-14.350022374319776,-11.137139983773062,-10.011246508681234,-17.19144817048462,-9.228127740560243,-10.861557873410716,-15.298631788262016,-2.3328512594235513,-7.404624800680853,-1.4135549109128251,-3.066178951956305,-4.092252170617739,-6.192975123325039,-5.451585603899982,-5.927222140338113,-5.918617614388072,-6.856537240400457,-7.478227298125944,-6.81527713928301,-7.345437716116602,-7.958617654843715,-6.730156218802348,-6.768487951845041,-8.042455495750016,-7.496588659650123,-7.001076638217654,-6.71975759899848,-6.200813624240297,-5.074976333990203,-6.070927079356081,-6.875735537081006
-18.192856827540144,-18.292857770923572,-17.249083355297874,-16.74052613823879,-12.091484363533041,-11.40832936343149,-10.13432295694412,-20.833554578522286,-18.123888268683917,-11.99095470443176,-1.7244818591464552,-0.9271561254808048,-1.6155581432033852,-4.306210425421189,-5.079936410581336,-7.25430907437745,-5.030955726072256,-6.424249423481397,-6.917836836501356,-8.20265938477921,-6.3689872329219765,-8.984063431730425,-8.105395081454898,-7.435144337731685,-6.169012179804375,-7.638322019917699,-7.646441169415166,-6.709338777433315,-5.9037696485645546,-5.489863803213997,-4.247541155270922,-5.486201636164946,-6.9618369208312,-6.8793512876614695
