script/wind450m.json
{"header": {"parameterCategory": 2, "parameterNumber": 2, "lo1": 3.000054539987559, "la1": 64.9999836372058, "dx": 0.5, "dy": 0.25, "nx": 34, "ny": 52, "refTime": "2026-06-10T09:00:00.000Z"}, "data":
[rows 0 to 24 of 52, columns 0 to 33 of 34]
-9.706314482824672,-9.434192419956734,-9.860306959800507,-8.617209301147662,-7.4195501020849495,-6.834587305588584,-4.7577357559371105,-1.8578220293004077,1.2265478091497701,2.898509875796352,4.962852340698948,7.154385648639214,9.148223750683457,9.616518021677532,10.383144021829926,11.146415563874116,-0.321975590852187,-5.043220626779841,-9.326654644135468,-12.858481164683436,-10.4039111579875,-8.000781965376458,-12.056920132817837,-16.152513177321584,-14.37616814875775,-12.597604056199078,-12.886365906964503,-12.281723938689618,-11.027856032607529,-8.732739688261205,-10.981697196489836,-11.922691303352314,-13.231929684854096,-12.017057500281474
-6.631118733075985,-5.860987847514256,-4.885564324202469,-3.5747062991377367,-2.3092575905725683,-1.0834452603530254,0.04324019442108288,2.5301028612799135,5.293626469374853,7.140901668346276,8.898938278433278,10.639526488589208,11.744992858644048,12.953679304865926,12.458305513417445,12.53749449787303,14.272391726350882,13.890321979537587,-9.085005959186647,-8.500412185051802,-8.2434260162404,-9.635323092026951,-8.066319814392802,-7.738820484710538,-4.930739029026691,-10.552929250304649,-12.569445466147704,-13.192476185501706,-10.768943882747127,-9.082032865421857,-9.252336246648586,-9.059759719479414,-11.927266070085029,-13.861932210959841
-2.2180204005375272,-1.6370465456295806,-0.6637464204302345,1.2124689278616174,1.814621101198606,2.739918344765714,3.8866593592588745,5.130412749312569,7.116438469949897,9.598706480035057,10.675339546161368,12.018407063916511,13.650133681852994,13.302261478564708,12.700496907911552,12.66408634333352,16.34864117340205,13.42847379063936,12.924510658350346,2.062531267049389,-4.225622707562298,-6.6592924430499,-10.695261097876193,-8.571706241365424,-5.300447811249333,-5.161906004396821,-4.7182583040694555,-4.681482355984329,-5.301714586943903,-5.598702114936244,-4.592878992084613,-1.6528481802756985,-2.095292307316325,-2.6841259028801105
4.092799337308791,5.985426090783423,6.937213518011133,6.719751950364306,6.892140619194291,7.191340220531703,7.5635798734251045,8.34236985998091,9.458082428934338,10.707321455728652,12.634162672733519,13.711101818593388,14.987264827360551,14.86009257754721,11.62514265897285,13.244475788851908,14.094208571285701,14.503480741756574,7.807393401849179,5.0155705371045665,-1.8732971758054398,-10.221713743619233,-9.645911710763988,-7.647017171265117,-7.851414097840612,-7.168339013871687,-6.351736008004124,-4.869144731626667,-6.6833981602217625,-5.0661325960922285,-3.8487063939249255,-2.404611771258742,-0.958596482773667,-0.18852401574384023
11.413111091277537,11.727181342975916,11.367328379177398,10.50626280021222,11.041486383219189,11.125245418006225,11.093219136808745,11.325217757502068,11.633744664772218,12.54327037820058,13.507991586600008,14.840872608808906,16.07913743697194,15.150466040542984,11.397527174644257,9.600296753175302,16.203707429917753,8.57379862873753,1.0201904633979537,-1.6658064966742236,-1.3126021235964231,-6.098791503858135,-10.414625212048268,-10.37722151680173,-8.900506093523587,-7.554381580987174,-7.104417415457566,-7.598722932320017,-6.799317628024966,-6.574787529925548,-5.545746274603373,-5.645418350630384,-3.1402363345899977,-2.5207101095487414
15.531652190913567,14.816770290882978,14.49444406361747,14.468480655137151,14.26335152873955,13.835081698294161,13.418392908782671,13.26552194260527,13.234508412252268,13.792684182611657,13.7007575422052,14.75031281078366,15.80057923093923,14.938732628510346,12.267140902460707,12.662385092049048,12.187953668561235,12.76807626032841,11.449705536980824,-0.7563335727883165,0.6979965399860205,-2.118445618161987,-8.05034570858519,-8.978301861675947,-9.28353260365469,-8.598067568846508,-7.85677808083599,-7.419401310443674,-7.152697581522176,-6.4791914626919125,-5.68637560779104,-4.528248648093153,-4.34471883003242,-2.305035892622363
17.250110914123436,16.63640357861093,16.01000654154123,16.195961489237348,16.384249053741073,15.227172971709935,14.674659473799634,13.939544925377792,14.046385299634025,14.892750108985274,14.259470980404881,13.547313160917664,11.12988568398774,13.711179535286925,10.869295160544832,10.088783281245343,13.92359577831969,11.965422696223083,10.026508256643618,6.851283765521078,-1.9001279862823426,-0.6492462876255654,-5.412134775609635,-8.712049297824908,-6.847070732127955,-5.120726712158884,-2.9914389975904396,-4.87056043921794,-3.756971420937956,-4.524773179922886,-6.396388358337843,-4.722942750187489,-2.6289620928381385,0.1444896397475957
17.903943084337072,17.573407043096122,17.247581713033693,16.524881425430745,16.79228076066693,15.0975554586864,15.300401929414303,14.452534976635283,14.587348987617302,15.419392840524106,12.383235245827656,7.875090037398423,11.2369510674593,18.18470576393042,8.665602772298492,11.086117921008285,11.55141037745915,13.679468799082704,14.56587753249569,10.714996021205003,-0.6779053551337502,5.7901967476821765,5.700236234868506,6.38191188745482,6.605161922285066,5.234968610097402,3.6017811883396815,1.054280714579391,-0.17382484114928107,-1.628977144922095,-0.9546394197850708,0.1912489927202027,3.7569781036128456,6.231436427748697
18.09853848317122,17.438100896486134,16.76699171410953,16.457272589922308,16.099642612055124,15.44522761318487,14.576491705771247,14.668547723909283,13.62797141668185,11.055225130772566,9.24551536505187,9.65487995944318,11.284406731415913,15.428023884367024,15.112674290764602,10.787204194442316,13.352982591501826,12.86713060715854,11.104468902701333,6.005249760726046,4.532216366065962,6.010599098726058,8.083640473518894,4.705026128411416,6.938264095458353,3.837716420175481,3.257967953519897,2.270990628762328,3.404951225904456,4.015799022970306,4.414350189354506,7.259125182030825,7.349581183660317,6.9718535057850755
16.51217239473041,15.491186592845747,15.11119046673186,14.504749955370064,14.697503197482904,15.779401156130259,15.185317762211458,14.817124645478817,9.099615481410222,8.803018148817713,6.459591856452633,6.951241645164053,15.826377102930858,16.578316282206956,8.674599355823833,11.552472304443643,12.027080739589522,11.48125387866271,9.180653655295796,8.584302268912857,9.30282433102629,9.020194418069737,8.734194432520342,7.15214905248447,3.589426020823038,3.564790877760999,3.8382543722627944,3.0456522674282485,2.1309730281881025,2.9305855119441073,4.831243904729998,7.0808569455261825,6.856355468733381,7.728060806800242
16.625385828681246,16.696918936739028,16.2126969282179,15.679370715888188,15.26463989044969,15.016189060408824,13.580657830165215,11.10244173691428,10.183936683698198,4.2783425156473,16.169705982317733,6.1241053916071,6.619983121974326,13.343079958685177,14.474195329497398,5.549898971446119,10.567893922220124,6.989191089534074,6.624423627226548,6.830625932873475,7.8409571147723405,5.689200311412659,4.449815679725466,3.3537549576010064,3.9143354964878783,2.550269033716453,3.1032787658473313,4.513085238083567,4.40257141134727,5.499229390438582,5.98714789804595,8.349767781254956,7.884771346253991,8.556388284313599
15.144973407228427,14.586998510717635,13.0629350579653,12.57824508949813,12.999880192578182,11.617970213896958,8.783891035780892,4.5042297950066885,4.4355870925564735,10.845029207782579,13.546771896384278,14.880720182295189,14.566111935856396,13.055123376062866,11.067008696855156,7.574869987770273,4.676601866519751,5.08117659226983,3.015975785049352,2.358539346142794,3.5572629552878086,4.346911692458272,4.354715601415872,5.248349188205157,4.53142481714175,2.539773288294478,3.9691554022760926,4.6476292998751925,5.381609031331237,3.4245058081102457,7.743763768955035,7.932615017784918,8.430071518500286,10.323453438123575
9.36530523878515,10.631390258065263,10.04675749519076,10.625386519085378,9.929810483000486,9.740073311729553,7.992330894286456,6.8974048228227804,8.65052968624384,12.138717062392457,10.576655326418434,11.883316496444296,14.137418737460992,12.40367910810744,10.372242714859247,15.134982077224546,8.18447160401599,9.098043923115144,9.168653918119146,5.030507525973706,3.36975795116711,5.238405877630554,6.484482590667051,5.454939892967119,6.113855006848837,5.870953917935164,5.71353051140658,5.944662356522113,5.798548919527772,7.04404892860514,8.291263835069675,9.460852978232483,10.590692534612582,11.184450072661287
7.8052424998433185,8.309132380338394,6.8231228237121355,11.265242955060417,9.817352931272671,11.392899263643304,12.194402841273188,3.65707848196087,9.816847175391251,10.761197764987445,11.864217395109089,15.402135919674848,4.536803327888017,4.730067104040241,10.041004812189307,8.425543174229169,14.513178063527448,11.093628595151586,11.312693662768831,13.37737218142542,6.168692761056225,7.445014292443797,9.370310849258269,9.362085910434189,7.010624472767442,8.94992503676927,7.804264277975279,7.678971148394557,5.744211884378231,6.53603120201732,8.57829485291884,9.953071526565449,9.629416481773706,10.658186816193423
7.10808337411105,8.038897218431423,10.01444014821729,9.288918521338427,8.133183727982358,9.162104432476317,7.45284500935604,11.224376581290537,8.181888191066324,6.955441547561416,7.631618927685685,13.179990529439495,15.46522309362308,6.687339918941574,2.675282883453675,8.802028957889982,6.59835214980446,11.142114688236486,11.187241241287913,12.782975018447424,10.145735650561393,9.093284818108836,7.696387339217658,8.814038829813287,6.000313166417378,6.852669320966901,7.780622836615704,7.211905683437186,6.727358319021289,7.324531663976305,9.500133687068255,10.721353852046395,11.55510983158349,11.995674149265804
5.819234243123705,6.719756757400004,6.713554364492444,8.06172808044548,6.351748600076649,7.524259232539681,8.654084386417399,4.414042896557292,9.838055818267378,8.935690658496053,12.561354882297325,16.588851503079958,9.21870871953191,11.852125641160463,10.676887246372075,5.586720842882997,6.781726408669601,4.987689499610745,9.920144765001199,11.102388109396895,14.108521603429418,9.91598606880075,7.766108451258505,7.88792881392692,7.984631502379983,8.655263491185712,9.806465967158925,8.148045192389402,7.755663074096323,8.417161728015767,10.102237248321748,10.659726152383312,10.340611123840878,11.139764401582058
6.2718242458201825,6.458671770155137,6.419636766377314,6.1230108555477045,3.5319461607499925,5.4187949150827714,8.990151010806143,10.025574302477812,4.546050911129572,9.872877311280373,11.488265334499784,13.433380903453662,7.32746705412205,8.513236974363876,9.043260595150914,6.752071041841306,7.032374532744962,6.746428189868131,7.096386585499673,8.663383247016112,10.962174624721122,11.69227320438112,8.971896422821969,9.324432548955476,8.744078044823416,8.654096193714764,9.68598996675222,9.700518998519932,8.594364211254746,8.735346249796033,10.15641008235346,10.599530071263006,10.028497269069932,10.485189582660194
6.930043110888536,5.492180362877403,5.796450676427432,4.0783173850294725,3.3420832025016067,3.8727216175372443,4.857661585155333,4.55490814950194,9.240399977089666,12.099399273522813,8.512310741370552,9.780014986143536,6.8239351153389745,8.269589328395499,7.283548566011822,5.340365594164376,6.97698386595071,7.168945203974179,7.6044990872643625,8.658455140283353,8.531207307301074,9.023470746672734,9.522307567727154,10.27050637589612,8.192484942573685,8.725423120031811,9.547769259102987,8.634098818306851,8.650026128533042,8.788424692441184,9.484589090659517,9.516459051766361,9.17287489404048,10.542082187180721
5.9317511887052845,5.91900673763346,4.7943646897109895,4.155800334128922,2.646057277228276,2.36454859622034,5.341656953459579,5.11498769552301,7.03638215520336,11.628306333848407,10.680605720823314,8.266303046112373,8.641445151234565,5.898916792716454,3.163374586252765,4.259225734100323,5.773664043417532,6.165505060827336,5.787116547324919,7.168845365520628,7.101884310148813,9.339067422838468,9.632183332580379,9.525560806463726,9.35853557840409,9.326162622753628,9.176557583522035,9.128186393510251,8.846143673128946,8.913683672884476,9.061140131768077,8.86753000857533,9.468065161846232,9.248545805829949
6.786702415429436,5.63345231562607,4.975669451890357,2.675142427811369,1.996960326041217,1.9286704765137588,1.8330531978856606,7.326018197476911,6.8313985771075565,7.9140296894157895,8.419361308944431,7.541861262362724,6.537002502091174,7.352623313619448,5.498877786123766,6.062282967108838,4.644479716713087,6.262361928552693,6.3017659016609615,7.503029366464658,7.240680928781276,7.9020688060946815,10.043862109829877,10.141439767769006,9.11187668836515,8.806182186213398,8.993138407493003,9.323908525218377,9.004311567092328,9.518258590982771,9.515559632803631,9.476967371906136,8.987446895092122,9.190726707297175
7.033177355542308,6.116130933327608,5.067517888637254,3.4994870358435017,3.2027571895901312,4.111010380112919,0.957938777709241,3.765641952948425,6.454977792359922,6.857993006366331,6.97855643723282,7.463186557808482,5.677709206266629,4.919419166213463,3.8986642414123174,4.286425016341871,5.574242870459756,5.341847806076558,6.802318153724616,7.342426099065886,8.197225397801533,8.067660111805422,8.786086605081563,9.057471460340851,9.349313442644483,10.165510030327994,9.605359137610721,9.075789835161292,9.377998370506853,9.346833299028328,9.691377320230666,9.188000867385355,8.891380712091888,8.492160266058248
6.1322160957018195,4.482514744512404,4.466514204032101,2.192126030385279,2.5601704925294175,4.549778440893969,1.0114957542526508,2.2955882367290377,4.142134814054009,4.9608722560084155,6.5911804149434055,5.308002298925691,2.6653269062125724,5.297003410579244,4.950067063508631,4.216477774189951,5.412002993496541,6.603933227946613,7.715243044751501,7.361253648381105,8.590489425829169,7.575675831963667,9.089437580215863,9.903318741521112,10.37734726347117,9.859456676443916,9.518987987468202,9.899537004187804,9.960108924051251,9.316232529143598,8.61454661107276,8.902029715003238,7.903889325360267,9.703750339344898
8.029452358389928,6.138238216470081,5.197554370871037,4.56383917942098,2.241735788239843,3.5367754239692233,-0.9406023118665313,2.5046741413861597,5.058510487714848,4.820624358222763,3.1876976258756953,4.134843008798847,4.773815442290061,5.695421480347433,5.685412999466311,5.122384346411762,6.084743013447837,7.725192923994953,8.055707073895846,8.10993420833637,6.720680166890173,8.342883857536123,9.431022722604611,11.161525292503732,10.619334970668616,9.818243510164871,9.527265854550093,9.191235917920034,9.387710238031278,8.397054729221383,8.310171574988123,8.13299430914177,7.441643404472511,11.19817365586116
7.872385240073322,6.795553177244866,3.8949385815149684,4.346884141740787,4.306884637025985,3.5198042615229244,0.4544342067608827,2.2789114456988333,3.4677234186703507,1.7469091523117843,2.38083930747197,2.0582561998961557,3.3337014030427583,3.191524663340885,4.743271228722565,5.98115220232557,7.242529705545189,8.484388013656249,7.642134893630227,9.900237747178494,9.601441666556237,11.983294123155954,10.051628330433596,10.223409479792075,9.81177866361238,8.574325493545718,8.738480318453288,8.54344363219545,8.856580606624346,8.905802470400689,8.572785952647694,7.459355166479761,11.624703898708013,13.465240893426827
8.448492593085842,8.444822353654363,7.169250173654723,6.133371744743014,4.420928207469258,3.5414676774948166,1.2937455173046897,1.9637176629936977,3.4741602996199212,2.6113514165021687,3.852413118105271,2.8389784136611675,3.042505784234339,3.9450584794649632,5.8008611411948525,6.683027266590521,6.972818719553866,7.353964395680675,8.376721739663953,7.251495580896223,9.217402016403966,9.695571276426938,8.046893231702951,8.052070814723926,7.864822156204278,7.896975679740217,7.576572533073444,8.490498427701544,8.044075962779413,8.627335758925934,8.274732975332205,10.658826254018726,11.609166738631092,11.622999516885958
