script/wind10m.json
{"header": {"parameterCategory": 2, "parameterNumber": 2, "lo1": 6.000198445256149, "la1": 58.999992894266676, "dx": 0.5, "dy": 0.25, "nx": 22, "ny": 24, "refTime": "2024-03-10T09:00:00.000Z"}, "data":
[rows 0 to 23 of 24, columns 0 to 21 of 22]
-3.229372202705383,-16.652285099500766,-15.969690264976816,-3.5341618740194867,-3.8618677891935125,-3.425190640928364,-2.9562227349509054,-2.751981933036484,-4.540327271298782,-7.474848227822713,-5.472705518511602,-4.244889271060727,-4.437518464101304,-4.7278887540764805,-7.2385630266914305,-7.810042246878173,-5.187196906685956,-4.409760141026962,-3.46945297912916,-3.5881802353142915,-3.568205947921838,-3.956429253025694
-3.506432512119064,-9.986837307809536,-8.935505121008136,-3.271665621780707,-5.316967375924392,-3.0707013827173766,-3.3915972679683066,-8.311916236850486,-9.210185260979692,-8.292610362644858,-7.410617584487326,-5.055141427115606,-5.463689473815754,-7.395929941890194,-9.930262190953199,-8.977394713344468,-5.170240600379983,-5.015022676839984,-3.8110517034353277,-4.09383348345906,-3.706333091168065,-3.8743558680635237
-5.412182722803394,-6.06047489438778,-6.527204905895716,-4.434743247878932,-5.224076977964466,-3.7300824197397673,-9.982991456266808,-10.11033096576361,-9.615671920020159,-9.436334084864892,-8.749729957076214,-5.250912595796018,-5.216449770099704,-7.3281795540489325,-5.662893226164702,-5.7361543055210715,-5.140528534080861,-7.402958285573707,-6.905176507254479,-5.813276425118996,-4.835369468498645,-5.0403000238227875
-13.622140980831166,-10.260542280946238,-7.917401053941069,-4.605582424683187,-4.327340863411908,-9.504647139116196,-10.881153172189281,-11.007771097697837,-10.631281259179477,-10.347316264597122,-10.563205542588989,-6.199938645857672,-5.245948067503387,-4.310839994097839,-5.614793023429339,-6.269042780706351,-4.73875209359529,-7.04409590997902,-4.35392107061944,-4.24864532386787,-3.9811520076413296,-4.144927057136918
-15.70176281174446,-15.6984303341148,-11.87731286427829,-9.754917874848884,-13.580691966134461,-12.72084438132832,-12.100194694063582,-11.458212179523763,-11.230897880678864,-10.653838643619643,-10.821637423391303,-7.960175407018869,-4.957590607655603,-4.223822367246466,-4.33481696750654,-5.277985241047451,-5.148017075003276,-5.429358357768442,-4.731552742317167,-4.0346401439945865,-3.9708884672682965,-4.151833452289836
-17.737673994747247,-18.251886100018908,-17.52442862090566,-15.629152493918777,-14.345870192272821,-12.887531581014912,-12.514220170477612,-11.974926504213528,-11.54370613592093,-9.76964996680191,-11.08277170855269,-9.372895450934656,-5.154726232447081,-4.691898130939519,-4.550388698373889,-5.409725753584424,-4.387493355356811,-5.4885686384402845,-4.25172594890022,-3.8755476939443994,-3.835576117529982,-3.926801852289704
-17.56699753931185,-17.614216873721816,-16.752512006662982,-15.409692112098496,-13.88947510424004,-13.160570569630647,-12.255351622625078,-11.228503560934469,-8.049713637023977,-9.416816484015095,-11.214222351932904,-10.284619764392115,-5.851065107484,-4.939972313544106,-5.153178213679243,-4.941798410877052,-4.38254057338445,-5.998073550559906,-4.666647692671245,-4.267977565166503,-3.9645672947363204,-3.8338457043824072
-17.20408579593335,-16.770195644189517,-15.405229491396426,-14.456641698178682,-14.341627319798398,-12.7598730371417,-11.319498730377354,-9.130805757268696,-7.434552714811471,-6.522111324139691,-8.43054294631198,-11.246228627543863,-9.256849762973811,-5.665836604926527,-5.343347586873164,-4.6809191658545695,-4.569081655624502,-5.273611702254956,-4.6388941420415915,-4.359277875773596,-4.235277045219217,-6.898386247766555
-16.275911418871896,-15.493194431849522,-15.089116381275934,-14.588483600191575,-13.673128732789724,-6.067768292649615,-9.269255252499132,-8.648567110388225,-7.412598924164726,-11.344199497546231,-11.910368506775194,-12.192853286997265,-11.597664156674513,-7.779920575097687,-5.821851088786015,-4.94443436713608,-5.4250405681962235,-5.063739042150143,-5.423346932924854,-4.826551314892446,-4.39443524850177,-6.585183446918631
-15.865618405263694,-15.142254896969678,-14.334109395476492,-13.76510630573793,-12.888730401915572,-8.906517002883195,-7.404276411045094,-8.167927417734301,-7.6152862060756155,-12.635308497542832,-12.256604748395189,-12.928795377119275,-12.810984027311465,-10.722302730885628,-6.151849710275842,-5.565137667397284,-5.582705558707683,-5.824876301598852,-5.463298505721761,-5.046631440374508,-4.092793912616157,-6.382412503792324
-15.578243632397617,-15.241260361140549,-14.302271401755172,-13.728286559479855,-12.823808374175684,-7.885587857402043,-7.741673845886529,-8.463046445763835,-8.94594762924601,-9.315715889041007,-13.520155223773546,-14.554693887946573,-13.913462177351297,-13.820933096222918,-7.868963595334906,-5.039182608507539,-5.1979221253217025,-5.397330088577557,-5.661960221498012,-5.177603023186925,-4.054810430718586,-7.819858131362869
-15.222462664865219,-14.372314177239483,-13.893533790886414,-13.000770715040787,-11.391902829387996,-6.5323426058320795,-7.0796955653825835,-5.77190294818075,-6.232898276195635,-8.674825221812274,-13.898712273520172,-14.146781600324566,-13.373248079986288,-12.308434921652225,-7.450359059186868,-5.829541343524484,-5.253132811992982,-5.8138636643485215,-5.324089606830923,-5.671278891144508,-6.520732054712456,-10.850937300290932
-14.321230449855612,-14.324209486243888,-13.849456827055835,-13.444273545759309,-11.596299481953592,-7.3377499037753156,-5.933432460548914,-6.374508212827618,-7.52143855024218,-12.077924298052476,-12.2581887166436,-10.659608239133332,-7.605143211200966,-8.117646532507221,-9.105970847330134,-6.984771746607785,-6.5319680485583635,-13.057753347881203,-14.62526169210341,-13.335616957536022,-12.320705184942966,-12.214061515735393
-14.30356218497935,-14.143533306298943,-13.897125762092433,-13.061357108895592,-11.125416601323149,-8.427506232822138,-7.626448009728395,-6.228055865089291,-7.347490363436848,-13.084043186458974,-11.460350477067683,-8.660426393874394,-9.684279592934985,-8.214483916574618,-10.898174343585316,-11.66594698744408,-7.019167193668575,-14.532963172307118,-14.407181694904578,-13.953116608915112,-13.389403612400788,-12.562725938494179
-13.587945303668894,-13.665169863021129,-13.356348947064868,-12.539613799785238,-11.269083982513814,-7.641335409509462,-7.6707259971967225,-6.840341631184769,-7.754053833602184,-9.977997696356516,-11.24595390449828,-8.549454303321404,-7.892226163864024,-11.504307412220136,-10.005172337495068,-10.230981651102413,-10.302756376883023,-14.183685578515139,-13.773653447258868,-13.770918378680149,-13.667144569608874,-13.220054615200551
-14.205611180673932,-13.777452640541945,-13.635321505701667,-13.373394378280196,-12.834053307651008,-9.606344958229386,-7.431317170778519,-7.183490332804992,-8.915558384138569,-8.669285462770924,-11.601740225898373,-8.792261269524774,-8.945246124954583,-14.697927920139884,-15.567084559688418,-14.820569905709105,-13.411664643313195,-12.927679357222894,-13.777568464710663,-13.431664392207447,-13.572118633763745,-13.281169262181677
-14.459461706206156,-14.216132072594966,-13.810796523901852,-13.145873235946127,-12.159103477397398,-10.927972069267847,-8.13419678991729,-9.125555512226786,-12.868422150462758,-11.515361461952946,-13.690986813142047,-12.342844465771769,-8.670170662742038,-11.410221654023834,-12.894113117395596,-13.069762650969597,-13.047448974530548,-13.000816942774645,-10.785784833974539,-13.280652354520928,-13.356212165913737,-12.890515562566154
-14.057959446401627,-13.802132844233734,-13.553987084367341,-12.958027730227242,-12.12843873872833,-9.508088915485258,-7.066735863942848,-8.81152825680604,-11.315293077056236,-10.937375196621646,-9.806065195231028,-7.6199941633656145,-9.900883908462404,-12.030215724684483,-11.705029702188169,-11.447459657274136,-12.851615643717885,-12.40914308989826,-11.916654234578866,-12.248048080447024,-12.498017973378095,-11.466601663424061
-14.190487129381593,-14.143166141221913,-13.457358637545987,-13.29966984452998,-12.437936005588437,-10.673957121901099,-7.975068400412641,-7.86132707327442,-11.817311606789017,-12.427902018480623,-10.574727045532802,-11.650928562262486,-9.984205078862459,-8.409675455282619,-9.28915069836537,-8.007698051417592,-12.206298136481157,-11.733727273388986,-11.503871529306563,-10.724787690291194,-9.810645881571464,-6.384302292037238
-14.072682577410566,-14.019254303772364,-13.312301354700754,-12.991505926272142,-11.45050402359245,-10.266402295924719,-6.739373794862469,-5.831907801638021,-5.63811228835536,-6.4000098872572995,-7.730829263577587,-9.314048127833074,-7.101512560797346,-4.872398968685043,-5.274284375717844,-9.58247280046493,-10.377803738913359,-10.8612786447139,-10.3150991848389,-7.625841218105295,-5.860039578813851,-4.69329197825565
-14.269944569343767,-13.785699855027335,-13.028108812992318,-12.59746924595155,-11.946408303716154,-10.2905552441433,-6.307601863934245,-5.241745518599238,-5.017688886982538,-6.28859987315442,-7.1476240569397,-5.463789964110222,-5.5385989203748025,-5.073634429346243,-4.429934685057001,-5.091179078371038,-5.500907824301797,-6.612415836233856,-4.3928237139403095,-5.479491701184566,-4.507720847642739,-4.902333290290587
-14.556437412588792,-13.632202904651638,-12.642041265024583,-10.098048570821808,-10.455786895241719,-7.922224262694238,-5.641219678987005,-5.77321876376066,-4.59727011401945,-4.685921218405199,-4.774287301580154,-5.8352636006942,-4.439509773704697,-4.952448511386732,-5.236024892755866,-4.798526893701588,-4.70431121782176,-5.979778830450179,-4.411424152110251,-5.096108459006243,-4.95107915469201,-4.977537461309149
-12.722923899606364,-11.95557880738883,-9.316963306155383,-5.807022066533785,-6.3341867548101005,-6.678892441340071,-5.151503684455392,-5.876161915097949,-4.765304296120205,-4.37604740062914,-5.071446900881807,-4.76815454342997,-5.127549497352629,-4.427237340602829,-5.382124856856116,-5.662014835722856,-4.539405328297139,-4.490473413539273,-6.059924557098091,-4.648406593501579,-4.775354778783625,-3.7110887250751876
-6.856063342164637,-6.838325488403554,-7.542907679711601,-6.249991345248061,-5.283017638286333,-5.539968228482309,-4.890383033029203,-5.275111762431151,-3.8608709970847808,-3.8222985733241415,-3.474613034800194,-4.0467161160006,-5.2967186405132445,-3.5987102229941907,-4.490633824062583,-4.328445138634146,-5.712529550980754,-5.611525474937373,-6.381159202233305,-5.862226748406849,-4.068265690690653,-5.954073271949633
