script/wind50m.json
{"header": {"parameterCategory": 2, "parameterNumber": 3, "lo1": 6.000198445256149, "la1": 58.999992894266676, "dx": 0.5, "dy": 0.25, "nx": 22, "ny": 24, "refTime": "2024-02-09T14:00:00.000Z"}, "data":
[rows 0 to 23 of 24, columns 0 to 21 of 22]
2.6230553747729957,3.2234757501224247,2.7582750719966165,2.2576038824661686,2.3836619232135594,2.910749368659749,0.45190100876133765,1.2937886718942373,7.252320140587929,1.3047588558016698,-1.4611307863154406,0.6849482955854012,0.05056168385505666,1.5036660212747452,-0.1778699747649057,-0.532799436908149,-0.5362866869303012,-1.1593805034247986,-2.013892700897626,-4.845985331356706,-8.365722670009172,-6.295771163221262
2.3599979704256664,2.8991421010020253,1.8823386105660451,3.6472834603889988,4.004340438988301,4.392759778045522,3.236574747988983,3.1557989865108094,0.8963298079403933,-0.04473564136454562,5.917583973255406,0.939563922404836,-0.7729358845560762,0.8585818561058127,-0.2612158548055845,-0.1344802871874355,-1.0540479277767552,-0.4029707688058416,-2.464862956485052,-2.048166943721677,-2.125844705473801,-5.610785974884939
2.2723787383567418,2.7592169037873733,2.0132230077294113,3.374975350118794,8.073091041881627,1.5544534363517815,6.752056988433127,1.0387273049284298,6.521034295426975,5.891266898489798,1.080332256324536,-1.9030679527571828,2.6649590996494013,0.5318476193903192,0.24532846728221827,-0.15042514063466994,-1.0424520826854746,-0.2795708092639028,-1.733375519905077,-2.8863528506324903,-3.2958914105192494,-10.475360803948595
2.581012515401985,3.1727174390049275,2.5153607383139325,6.728360911254424,-0.9065827918510901,-0.409070433818602,2.0397358150823557,0.36786229929306985,0.5231758653539985,-0.9980586814040678,-2.389514309603982,3.9079797783581935,0.8224440483286931,0.20825449971057297,-0.26963717249940544,-0.061682562336217286,-1.3606884527589111,-0.2496455286518222,-2.5427389236526285,-5.015997384281852,-3.7951691767329025,-4.8071136103817285
1.4017535830751433,2.7839436265837807,2.7829671820672637,0.36894510822898446,1.6552178830368314,2.5337445035808406,4.193138606571927,6.643642636031087,5.778745074089931,4.223388380872971,4.220145642247643,1.2375633536105497,1.9974486709038894,-0.509512982813449,0.3902326494327964,-0.33360755945749,-0.9336286228004826,-0.6096592321767583,-2.7042163388065066,-2.0867656266543837,-4.36760680252377,-5.16083585683823
1.5951216803974064,3.568297547011788,2.5063640599028134,0.5783877956913435,2.369183854977774,2.658993809697047,6.391589708568885,1.2518814745618585,-0.25944156027475224,0.610948175663247,-1.9890976609566429,-0.4481704839617277,-0.5250781195356378,2.3764238772116615,1.0440776230147941,-0.5787325739339213,1.3223006098025711,-0.8144621124858169,3.963298343236599,-1.4164722025638743,-10.827032504355598,-6.672962937724303
2.491717189895346,2.7662272654326485,2.4837171717290474,1.526402926253578,2.620331234489936,1.903850832053948,-0.6287355481228153,3.309509744416626,5.404459906601779,6.5301763922079585,-1.9960034110010016,6.373792143415897,5.25304076944977,0.8233197587216607,0.8619457045354857,-0.8735512182295552,0.1886260340313141,-2.0346498995843123,-2.0404989857255442,-4.700285120786708,-1.1171823002202872,-6.599754508115403
2.0675152236229253,3.544206254155741,2.600568734739935,2.1241565467801666,3.2421259910250932,0.14378975653496634,4.266355012053393,6.787489379184188,-0.6623348404507182,0.4809095796058366,1.0795359646086726,2.0550189806145314,2.731148577646843,1.2836261517852614,1.075626303012485,-0.4124570852348456,0.005936956095319387,-0.9341904956675248,-2.545087381490333,-2.5663609066574864,-2.1009570520462115,-4.310991579734023
2.4151288408187668,3.1233116656811197,3.130390657200582,2.4203397567972935,-0.10610427045228599,2.1774066569288837,6.440875064594456,-0.40825234034716235,5.313758885394344,-1.307690959050747,-2.485602511582918,1.4471875298050039,1.8141346044355275,1.2028322196076864,0.5884563922377749,-0.09346557095835215,0.12909662080506729,-0.629300032290141,-1.6047674220730808,-1.8796908476597174,-7.701789404499972,-7.459685606389695
2.2708603100572446,1.818336846247281,2.5781494766376025,3.33571449544857,-0.7781683561561534,4.056551124866178,-0.010926221651580094,3.2349282827264565,0.808767655352803,1.5052254370989413,4.734309182108845,-1.2606598897146013,-0.060014775331558017,0.7727469456611995,0.03469615702849157,-0.3247417502983779,0.0777379397328572,-0.32036364701552555,-1.5967909170022718,-3.1521640303966643,-2.79403249409301,-4.238674299733172
2.748088313430037,3.2314605395161697,2.2211203452113097,2.8606483564594924,2.25056231669687,0.33803663365533904,3.215584938841412,0.6252789956030226,5.351580616029346,-0.9774463976156462,0.9016425768503443,5.65262727322602,-1.723509250974381,0.2591842079115874,0.1416367564846617,-0.5084040415676864,-1.0401394408838511,-0.7916859883221515,-1.1547989982009046,-2.0952284194560495,-4.195670053077079,-6.522387021516914
2.0855630587792873,3.4924495665204263,2.49009805927799,2.9330223141668563,2.5417931170084183,2.0252681502510774,7.448067726187256,3.4436738001764957,0.9183656381581019,1.4452199366554608,-2.264118828042204,1.4856791172461727,3.5904323797595956,-0.48777253350509947,0.025729653811445184,-0.6629353472635322,-0.21289520660893504,-0.6555497545340903,-2.495318893436205,-1.2296396661705455,-0.9217603356946648,-5.979636664868145
1.3786018159529325,2.968856373092315,1.8344889237770041,3.221108627470669,4.9483193003326855,3.332837078754943,1.4246983227479877,8.167866217933978,2.653082835406301,-0.9505836400338883,4.670268648516559,-1.170828548393902,1.3005021289861611,2.59995335257019,0.11967281197668324,-0.008437502172962902,-0.7666912521806569,-1.973907597034439,-1.5857008737812701,-3.7622548602450507,-2.199039032893926,-7.000935947594432
1.4462415730415508,2.9100186768424003,2.8087510701819083,7.107543933098149,8.184993569378404,6.0564285090368175,2.6913352779745807,1.792603257087827,0.7257388730266398,4.447200890387699,0.9149026057161483,5.8055869520937495,0.16337416356566473,0.8715575580713706,0.5904478512231532,-0.3593398957603361,-0.33017769517962886,-1.585259318274774,-2.83788600386198,-4.973535955544074,-10.316177691913666,-5.71186898911381
2.2238979998187367,3.0088548771355708,3.1882760197874025,0.5749253774920369,-0.7002386984840416,-0.7462226500189744,8.51098705316872,6.391941961763241,3.0019440038274694,0.5075062126929433,-2.263355650599473,1.8606537668675363,-1.030973237999473,1.1136578149782121,0.32486824777345286,-0.9146411708070094,-1.4256069834127492,0.7593831033334026,-2.183633801470879,-1.6805897199939048,-2.0682077055291157,-1.908671149750635
2.094671915190624,2.7236791451505837,2.735612348860154,1.5476942804008373,1.5871145831710882,2.299962152190035,1.6006266545747923,-0.41363140470903637,0.40821600686124326,6.934017158825448,1.2781600757782594,0.8581482324001134,4.688677702575433,0.8670059346405892,0.09910840175251924,-0.27644799911612317,-1.2189964346083513,-0.24171895130767382,-2.6722066695379216,-3.252852084020459,-5.422436456004125,-11.57491240991054
2.572445516100347,2.6815919018413306,3.501638745332689,1.9417356556357095,2.847393985059507,2.688932022966625,3.4555212342517714,3.5888651670641463,3.552477398499358,0.9510805999319916,-0.6859542893413269,-1.3391263058128997,1.8225405443454739,1.1903035115632492,0.31560075080712646,0.4270256386927191,1.3555674602755157,-1.3280342783212713,-2.3479373921233133,-2.8002573561462256,-0.6682316299990738,-1.7886978784434218
1.570874365713085,3.893340200026876,5.807463079803784,3.603461418672799,3.864263281003346,0.8289615173533382,6.7279304600746865,0.6230323548037491,0.40655572544280805,-0.9824277198901498,7.022645320343605,5.757104427717446,1.0178647907129559,0.6986460600230171,0.19018762627821087,0.6447351120171692,-0.8880259152565987,-1.2290939131558405,-3.248722829039633,-2.1925301098420236,-2.680056701514251,-11.217683669980323
1.3441093160232842,3.2251150840109357,1.7666254772693408,2.5836289726926562,-0.04675895560941531,1.5279253728060405,2.2072674387160864,3.2380820092372145,3.5224594852764612,4.010235540098091,1.575295166304507,1.2479388541650926,0.7960257989907192,-0.8471788017967671,-0.01001509008328261,0.48895234041468894,-0.20550294004700226,-1.9775877954886387,-2.2948854213540892,-3.1062337172939873,-10.618721436482616,-6.739697735474836
2.052906358963875,3.3849327511772627,2.04098772771828,3.168102436212351,-0.6822689115960558,3.560995378125308,3.2132353757985648,6.069759118227243,-0.011209898472500727,0.07103535262924772,-0.06750697753602954,-0.8375800218353906,-0.01908481872012394,-0.5406145608062074,-0.5210852445230651,0.6468817329863901,-0.34651344298898723,-1.3585628124156695,-1.3447853647141759,-4.789831465742626,-2.132555511308145,-8.63225150564131
1.9224856494141989,2.7650640038386096,1.6527815259261835,3.9614254012894365,1.954349502382945,3.7538383488395732,7.886870793723686,-0.3621752931581922,4.785199974164327,6.970409929965994,7.232940450465768,6.691558437320771,4.381502492603066,3.1126687697430193,0.6237867136913239,0.568370440557388,-0.6322590409865393,0.9128112239992284,-2.3736559092800307,-1.3285252905710259,-7.415480303712991,-4.3939278733742535
2.2065954228784688,3.1504275723993067,1.2111562527416035,6.7817921845140585,2.964676747694642,-0.8652773853044942,1.7596675607950172,4.090216572114829,0.7345078943054817,-0.2316590104917939,1.3755037771798433,2.548867690683893,1.4790359050922508,1.8837144775545942,0.9612674098526395,0.5864980073565295,-0.17095708098258683,-0.5441475407060541,-3.3273586610242742,-2.5898640368665884,-3.798614775762997,-10.544655363132957
1.8288802677384632,2.5884152650502164,2.556391013986113,1.3945437702682275,3.7383973246369893,2.8200656340934263,2.7952738435477364,0.6563698229400967,3.0469149924537158,6.973398911082115,0.38647795325517753,1.6222442439370932,0.8073581997150656,0.7634512935893428,1.070233039564116,-0.9588326849504174,-0.34615572910351805,-0.40008174222690895,-2.252716771290951,-5.535908175122958,-3.2919431057562503,-3.0912050248823997
2.478226714090086,2.674111684671003,2.5354012054257025,1.6899920441743568,-1.5376383649428784,2.9779547143790435,1.2285774204428246,3.204778179775343,0.6565314670050038,0.9602587042008512,-2.0746977852258337,-0.5463184629106116,1.023402076033014,1.104865030209111,1.0020869070240894,-1.4123110277830582,-0.5570565790094391,-0.9428969203898724,-1.6380828435187509,-1.943267359848114,-9.397013265121522,-5.808786351330701
