script/wind150m.json
{"header": {"parameterCategory": 2, "parameterNumber": 3, "lo1": 3.000054539987559, "la1": 64.9999836372058, "dx": 0.5, "dy": 0.25, "nx": 34, "ny": 52, "refTime": "2025-12-13T05:00:00.000Z"}, "data":
[rows 25 to 49 of 52, columns 0 to 33 of 34]
6.421659534656882,5.569780281383842,4.678673307334429,3.0242323432913416,1.9827355043727775,1.592157577960852,0.4044002613459554,-0.016294765083519697,1.4446196509221783,1.0601335883776724,4.564889490048245,3.2564574461444566,6.212974527661324,8.460535868528224,8.13017958734694,8.408437340113538,10.828522144040354,7.391436869363449,7.507996570009083,6.257437078765738,6.967411353108655,6.113637903102001,6.263501931445915,6.268661781555222,6.471305213650797,5.089284673920416,5.991961175408861,7.7212430547468385,9.129726367650504,10.835400737008491,11.242984686551432,10.93831791064874,11.366392194353509,10.989858565254973
5.799598597078511,5.185138414796758,4.341447874239916,2.876106200567348,1.0204996289431425,-0.05735094466041138,-1.1672063051435335,-0.5962966364899165,1.8697430712148568,4.423261311479718,5.396545114900277,5.3680441481694965,8.404108639014055,9.309689514367868,8.506679882341775,8.24107218983791,10.338658069742898,7.285446017061716,6.537785844487982,6.443844501590711,7.075845858327029,6.2005797271127445,5.585720569228972,7.0193485184604665,6.801599727717765,5.360080757334601,6.741227623933193,7.247880523961224,12.35015783335556,12.032725984780114,11.649728776036472,11.244093597896443,10.537824876742627,10.862332854481942
4.902496973603968,4.654688638115483,3.175526547556665,2.82627767515779,1.3593689836501643,0.0624792410633653,-1.7435034376159275,-1.7286271103733193,-0.325410758489391,2.2908250665556986,4.4922830037838875,12.187556146268452,10.395970036584963,9.703355172048607,9.223025284933021,7.954442750743317,9.895792980517024,8.011179541125653,7.679054657224308,7.0102631171855,7.198834472742625,7.802192271826335,5.735902547884429,5.508940481244667,5.100753290087433,5.5469385481475255,5.429381186021646,7.064559438999899,11.408288381667605,11.63429035374559,11.260917847815964,10.470079058721508,10.106115904374313,10.260528784724816
4.54741272324186,3.7703656978192095,2.749766086734334,1.8061307021680184,1.6707137123083704,0.5069357239953898,-0.9622839186533939,-2.3351104999566177,-1.4114999401460062,0.26977506027326426,7.860574282110455,9.976809164095737,10.188527644869732,9.913264919448682,8.75876053647553,8.267289863590303,10.08630474544993,10.036248299548147,8.036305464813887,7.634476132420578,6.647232814477726,6.690835493025617,5.688351255867942,6.163360133746873,5.521843617452309,5.305547754552592,5.202133837528447,6.6772045382326715,11.102381756494337,11.22910020879572,9.831685741955512,8.774937985249874,9.125342385922627,9.522396198072425
4.0418194115473955,2.926885734233826,1.446528385461624,1.1960862391477227,1.0675932143683111,0.6267023104120987,-0.5659087398620234,-1.543446233294482,-0.2043081587514451,-0.10179736206548004,1.4895107196687851,11.051428090251921,9.7688460808155,9.560732410589102,7.809060595041122,8.54175327789746,10.1479649599053,10.202431427184054,8.1206068134753,6.755142902582257,7.087626060325056,6.3382765341493315,5.9666508338584885,6.33260164671598,5.551300993035344,4.925303103610148,4.483666559370264,6.161225662098725,10.435279491234397,9.964233524225966,9.189583827309873,6.987687899038362,9.16383035954755,8.80861517439178
4.6009211443884155,2.7979445930730495,1.2634139490881149,0.8255060530689022,0.7688431758706337,0.40718508892982597,-1.3519156930916225,-1.9813053764151676,-0.5843533224641562,-0.08755932690734416,3.6612319217522837,10.195496782024223,10.138512234734884,9.498929034991901,7.802859702619031,8.802301731924846,9.417519190097188,9.893648660096924,7.619191137294114,6.040556823186015,5.0933386903381335,4.391631570397408,5.651431516269038,5.657085727257698,5.105248443098451,4.125638069478914,4.116042694880396,5.473591434509488,10.277270300660783,9.09206464539894,6.85274806917767,5.888339714558173,8.71819060213168,8.36738077775479
4.65575674339115,2.5243762980457913,1.5635142049608315,1.5962164188587487,-0.24389365650442965,-0.34168097350968085,-2.176336609791499,-2.4235497946907723,-0.7278804813107047,-0.5231607467946586,2.3518843599656396,9.697606544021824,10.482506903300312,7.9568685377842465,6.864326670446875,8.790183667673894,8.437792033765598,10.554683630803398,8.954233867721411,5.687388308386384,4.440255279782204,5.92098814933064,4.839027198705702,5.406195325102044,5.1326041728789855,4.406014137443467,4.302786572778329,5.659363054518803,7.683081220626924,9.180953811011358,6.514085036125612,6.405728479467885,8.040848181377827,7.822898382688673
4.726830077731347,2.5874186569509003,1.4272481886764044,1.3820516241340597,0.33976322603258663,-0.6321857782423727,-2.3144154369603576,-2.4490158394549937,-1.0323953239493389,-0.8692608155846706,8.227318230675523,8.642926992529654,9.102911035241634,8.746961095924245,6.932938928782688,8.870280505181487,8.91110607584616,9.515249914568672,8.603296085253662,7.086544251004826,5.6216983518210535,4.278287010170318,4.318868780697504,5.715529667490075,5.50726399177095,4.492554800781101,3.4899380753623075,3.8614398675401578,7.543191942409553,8.272427488118863,7.9707831877975455,7.3385256469087965,7.3179238716590636,7.860599475984864
3.700485973028504,2.0026033497789353,1.371417831340357,0.8086994636445852,0.16390762918870805,-0.9300056969109345,-2.450668172082667,-2.3315944082464997,-0.8454576323835213,-1.6983684451256658,9.990820668039689,9.235223153217468,8.541405020248073,7.342979069202929,6.7424045582467835,8.465417235409749,8.929001319824131,8.942165788568703,8.202337114936313,7.1182072285138815,5.271350191156344,5.814881912822133,4.712923211095866,5.28449498981936,5.569531811434246,5.127041872247843,3.5946109865998896,1.5598436238140267,4.53254125333706,8.572082481275004,8.350897114306573,8.103784316642441,7.72380014960409,7.947009667939303
2.6979250682186247,2.1046435138983917,1.8326728307873186,0.4864106202124839,-0.5537932278120755,-1.7953428546642285,-3.206181434052976,-2.8575954442926514,-1.5503540672002123,1.520886647797256,9.983088406670927,8.858960870256197,8.423404429089112,7.9466497401412735,6.594340589829515,7.948712673206536,8.516079502370488,8.476557007579183,7.574912302114009,6.400345514007372,5.58036592580203,4.010352752545799,3.8431804496032096,4.852711709183243,5.249815144086206,4.406322628549745,2.6080553722033835,0.9488085518577781,2.7605340814651274,5.287576039967298,7.119635159792389,7.833174972392849,8.553653254070259,8.90639574408289
2.939749124445445,2.1428598296032675,1.5777516395367646,-0.0980095753783654,-0.9837086598767766,-2.295369498328234,-4.144543622589806,-2.702366865930016,-1.721958451838256,5.424726496968692,9.944036509311308,8.415076324080959,8.206779004367535,7.248746347526143,6.843751629691717,7.720679237698678,7.888202566025049,7.900648161164451,7.166918721107557,5.657985886214182,5.347140213415589,4.358307329920677,4.65653272867231,4.92071997627451,4.459484828650951,2.979457651901393,3.272732452616832,1.7480258664685762,3.651385754402978,2.8405380622938865,7.050957428338297,6.730554226940619,8.53507695072411,8.777647709010477
2.4787341973294983,1.6372653020968466,0.8360972467374709,-0.6010747044937108,-1.5227986743989381,-2.8197084453939234,-4.724806807552509,-3.4648594451923485,-1.1265525425487775,6.670341682226433,10.346792858129314,8.084256963218015,7.151849109772452,6.562047862397035,6.460519975732818,7.700023613235883,8.043765131662566,7.2568528400984285,6.2869542214359235,5.40659224649823,6.011413625013007,4.488293236988969,3.3143293193409935,4.44215700453252,5.621032523535876,4.946877482453489,2.6859983814360846,2.996078901527514,5.190895562510701,4.413862522160683,3.5746808095553027,6.895763781210406,7.13998496537901,8.530830312908392
2.111139221245252,2.152556821367508,0.41562813323168835,-1.1079169395718007,-1.8588618576799052,-3.526524124647115,-4.9587933246977025,-4.174636432538939,-0.5020871215335028,7.1960488217554275,9.598355483846666,7.104382535324668,7.079988922438779,6.2415961596892915,6.749352463059105,6.3628146303222834,7.532166591955878,6.10842298362257,5.725199163787955,5.851670324975813,5.566019195281037,4.276483422732056,3.3543097561448647,4.810517557894794,5.156362287083326,5.316784237039035,4.100501677807569,3.1939466960515515,4.96593287074772,4.63443897714586,3.5256971611495627,3.0982390164005285,7.103209756196617,7.720169475707279
2.6668412979889524,1.8592206689821495,0.07635358362373544,-0.8785666293805591,-2.6219248419606527,-3.941100161454511,-5.308261644729164,-4.355610040248128,1.9330918710186287,8.468884746072243,9.530532066437098,7.139844884821475,6.281632268771918,5.947815152419586,6.7448369219959,5.723811824951619,5.352521858747008,5.4955146959363255,5.545280413382085,6.6035569078201055,5.936777485243492,4.489778620887344,4.0155473917055176,5.253115052752128,5.943953706687124,5.434791844446662,4.977740418046728,4.647379547117722,3.181508755314095,4.153510909683894,4.058142770458303,2.816939713600597,6.421552205021139,6.311565348942068
2.5360951943591457,1.1718177225058253,-0.06751135259058527,-1.1881386102064535,-3.330015009016126,-4.190037829657891,-5.195566431122178,-3.7629361257561227,3.209030518251816,8.994391519266447,8.917080736440864,8.837348248019495,6.330939593144981,5.887974906110814,5.952786695862799,5.484905294741415,5.179319303744954,4.697968606664791,5.7578253251432825,6.2975561788783425,6.488562363953247,5.279643972818633,4.46810886902828,4.5612600213340055,4.757176872730823,5.26529911530317,5.6768659306695595,4.028928938730288,4.512324026608503,4.607505005171573,3.2444995531766154,1.9934403641665175,6.0725847007066776,5.527171691461586
2.1883278121361607,0.5690413738618824,0.03357886180666829,-1.9288328195857098,-3.028210964476412,-4.765434744609944,-5.253090367119018,-2.650188535191152,5.619054916539397,8.86818941250056,9.279434920290518,9.43163834701691,7.017107840322657,5.827082816387976,4.726631500144409,4.977302655349774,5.060589896690764,5.052869921567098,5.064173285276399,7.035532668828137,7.232413216889797,6.354247312154544,6.239733209109854,3.9992227195503944,5.032145318996608,5.543809494843099,5.946678197441535,5.395458611971373,5.296110672644812,4.9597443440942985,3.3349202049033164,1.2835381624897388,5.4935673715397355,6.191639123956414
1.3617856862443065,0.12484155899823031,-0.261883042728121,-2.306179479181542,-3.24032339379371,-4.334632916272617,-4.943020203435236,-1.5608392108307394,7.9413004147278095,8.672015116975444,9.17431806986736,9.055339058528036,7.316621860658253,5.768561303844457,5.97362936005101,6.412043380367652,5.66687230779817,4.523668629540246,5.337274837990142,7.248451208301972,7.795595315831851,7.142673996025784,7.847688278457531,6.2773252355055975,5.849714451639774,5.81631513030198,5.545268068737291,5.385702108505854,4.335018963574748,3.8430417766258786,3.7757620850994535,1.229623789526381,4.372930832774141,5.577435707285597
0.9983888779245232,-0.4069820257463749,-0.603462094073698,-2.0295646885972936,-2.9667447922346715,-4.857753727553595,-4.264304527912143,-0.37693879562066956,8.209913352065106,8.96934173739962,9.375571957870937,10.441339380827882,7.856848893396477,4.986385450738642,6.16164407951273,6.624243240074812,6.417067023168193,6.268041708581381,6.939831485834115,6.796032579381513,7.679256736876064,6.1919576103707215,8.278760235784121,7.351028953247948,6.557555646134776,5.8931999494528835,5.7007655736039515,4.075158747448049,4.254357961533546,4.694955299780009,4.382319590158496,1.258914929891892,2.889616973964838,6.066777528183471
0.026994287054484038,-0.6406901401753574,-1.197224708720316,-1.8470336945283092,-3.21269601392619,-4.547819012210865,-2.942509097239431,-0.7174308212955478,8.70640207595538,9.347173366074365,9.919242189973446,10.509354696405136,7.918222934768084,7.671659802868359,5.890369210769571,5.836350884514012,5.014118236163756,6.059963818705382,6.527590436904477,5.903132171000173,6.401027835832269,8.075936920910122,7.580107408462264,7.219203463586165,6.162011637676338,5.649705085255595,5.351371839221939,4.586255521299476,4.612137678076242,5.353604222400063,5.507271248554406,1.7001807611960325,0.1385200020458535,3.8005010618553285
-1.0689628061673164,0.4563660919049045,-0.904128343785036,-2.1035716490743157,-3.201951569044898,-4.289111339103608,-2.71015611510227,2.3701015620846717,9.567391233002558,10.247963597177339,9.873700776389748,11.511229202748417,7.845585538235862,6.766916688386619,5.175775803396575,6.1494267132350755,6.494160944128771,6.4136702345978565,5.22681543095276,6.353435226994401,5.7347785202985735,6.7283216899549245,6.606303897925546,5.527702862635209,5.060369444100572,5.060277546114905,4.850132645741731,5.300328481425079,5.468673630004282,4.174716378460955,4.026194469658637,1.3789768626123524,1.1045737435889924,2.7161958755632
0.9456559698249026,0.6164160631591779,-1.5589986380764838,-3.0439385749143644,-3.488483407116153,-3.9207143386935117,-2.85338484344203,6.92631214741651,9.212377867875102,8.220673527842681,8.51910282282532,10.147125930719287,7.704147809871555,6.7323994517410455,4.968880067404505,6.137225654555816,4.9826357005062825,5.439014313548502,5.880601530019218,5.837950833343947,6.554812582889809,5.430038483245342,5.768542892189177,5.799172365660831,4.722162806481442,4.753782561102676,4.583479566403786,5.053596845872967,5.694403129871555,4.0148200468802155,4.053817432884063,4.21914123762601,1.946004704705853,2.935601985632148
0.7047624186857211,-0.42956095730243954,-2.52768951369063,-3.465905114753583,-3.8078830496637432,-3.722076887067528,-2.519509248694686,7.3587758325391155,7.562116887761025,6.749284274211842,7.1027445673007925,8.53587181393092,7.575213849470285,7.090592111964986,4.306527309667869,3.647967618500983,4.12156099294939,4.462289635536564,5.35365170944176,5.087740401816902,6.096814253472395,4.284910397000255,5.590253368510909,6.020780969960695,4.140711813962698,4.628236659405255,4.552005857011725,4.075267033504106,5.220802706237864,4.498954106325973,3.209738719124291,2.68622506535416,1.1393963839291457,1.381098734893654
0.4151251766596468,-1.8282156261642828,-3.0530542538105423,-3.9648516843086155,-4.139575579673964,-3.740537139169729,2.5515971765020957,6.156548637967949,6.76599589903966,7.31332382445247,7.004927647165217,8.585565493393124,8.263081464851854,4.094546481316589,4.251795510297593,4.264265198618878,3.631846619768611,4.533245842903244,5.229658375120922,6.573914739785799,2.7677874589562776,4.737975593409334,5.183262831306013,4.647361793992233,3.5600942371199182,4.550678580366845,3.857318342276994,4.053562919809872,4.926716308484546,4.179514466225429,2.767886459308363,2.0575497719023197,1.2066132243607552,1.2793017302032075
-1.6667647351547727,-2.641723391124148,-3.3651516859492645,-4.224528036833611,-3.945672655259927,-3.3985427156975083,5.914165678050567,5.927552463304875,7.476913078607035,7.627416497591394,6.978497213558364,6.909606175540349,6.808939588692886,5.19562843650882,3.5391814607112937,2.6991706837664102,2.755653288249218,3.3025475568506732,5.049291796656897,6.445311748302067,4.755351778471693,3.8545749143317867,4.041600151203944,3.1942849482043454,3.881313488485795,4.503067963253133,4.182394171919778,4.0534123964732265,5.23377383220451,5.563836713522522,2.9520421363623295,2.4054485382326365,0.8680993298779525,0.859895225483431
-2.8195192932338253,-3.0606308654949483,-3.5504507288250213,-3.8805768811355317,-2.3138841566441557,-3.9439985203323267,5.334523142381058,6.120381058084709,6.49030838447043,5.227191922308897,6.0724334807652935,6.884705378870013,4.912857690474897,4.137166500156836,3.089643988914296,1.5243124711573535,3.046901547760623,2.6671752760252145,4.121406458889145,5.802296688338435,2.4797540919727448,3.7853392983452565,2.353087556274665,2.845769978941669,4.557344244860321,3.611205775303786,3.7259275428953877,5.214414595956376,5.7289862583811,6.144143687684154,4.193635279480581,0.6046358969284421,-0.013718654935898774,0.9382257587124448
