script/wind10m.json
[{"header": {"parameterCategory": 2, "parameterNumber": 2, "lo1": 6.000027932988019, "la1": 58.9999434238085, "dx": 0.5, "dy": 0.25, "nx": 22, "ny": 24, "refTime": "2024-09-25T05:00:00.000Z"}, "data": [2.5675323835570203, 6.8581825753521395, 5.786568705492609, 2.2646015632495766, 1.7425459338184448, -0.2072136171597496, 1.3471283762969732, -1.853116053409386, -1.3277264541946847, -0.45287540173152435, -1.870699877350269, -0.953163637251548, -0.6863273313583634, 0.23949010412530713, 1.752325410505696, 3.469328184142194, 0.8858291348108142, 0.7753130223629884, 1.2209061376631243, 1.0426728492557635, 1.7587950903798186, 4.247523173517813, 2.521543059381324, 4.301919042348871, 3.201812016243361, 0.29159617932610093, 3.483793957809013, 1.270270667745884, 1.5071031584079544, 0.9525329707432295, -0.8379458740439647, 1.788130070210141, 1.8934941010608088, -0.7031393001616938, -1.2104208918594677, -0.28248877891007124, -1.0803446239779853, -0.03616015209856761, 0.158483928865538, 1.5129404086860603, 2.466273496277867, 2.210096766870647, 1.7739402884701763, 3.33115053833695, -0.3894905904098301, 1.261934901771835, 2.2207216674445287, 2.375988117904322, 3.1946057447261325, 2.7368716416265944, 5.54797113380806, 10.52664218158738, 10.369164307196002, 5.070517453692882, 4.7898774267158855, 1.9782103914422307, -0.1178156360031609, -2.3908125229947346, -1.3409877609097989, -0.35107817843253325, -0.7575652667521124, 2.9441577988733054, 2.9526566480029035, 3.075148965722109, 3.172811830232302, 4.412442418302313, 7.962179302902095, 1.3331149961775157, 2.5558119088595648, 2.0977471900808426, 2.893166042782926, 8.07814877953947, 12.284789349364184, 12.258398070263919, 11.7759726124007, 11.549742279622405, 6.339424166149471, 2.596396855799403, 2.239633927969594, 1.3564852622815546, -0.40305607377936387, -0.646390130455401, -0.4212078954316976, 2.5599200529029713, 1.2076023044036275, 2.883607014216128, 2.302586589636944, 3.2781358641365284, 9.621792026188295, 10.146982723876269, 8.38687081383185, 4.477164942559243, 11.47191944030651, 13.182836175367985, 12.85823694933368, 12.852179447160946, 12.454475996258019, 12.869151571415264, 9.21318466204199, 6.4753838639260834, 2.333190728762998, 2.5578444748936793, 1.0092140935437355, -0.20537588654581168, -0.16858443460058073, 0.35192260240726286, 0.2376496843384649, 1.2153840227316954, 2.105482477793653, 2.801789808720644, 10.561834486205722, 10.946254475014868, 11.761744072589087, 11.781401596636975, 12.175840826310077, 12.491828204143182, 12.002754235908037, 11.877249981847681, 12.51649822168063, 11.821516089184822, 9.93985333488607, 9.22151367251064, 3.790410968945171, 3.2056250964375748, 2.870104046299503, 0.41582138686136927, 0.4706051620492435, 0.41345990242557706, 0.3983972056255244, 0.855960705847518, 1.8947438461906414, 2.1259383314819846, 10.170487017123381, 10.870425145521649, 11.445794846250928, 11.462555638985453, 11.644969561991084, 12.147344062031824, 12.447747130898486, 12.555244635298212, 5.639752196497166, 6.586054680654802, 10.083829877593859, 9.541977986956246, 3.9659351345495346, 3.350615314405088, 3.6738747470607294, 1.522245574297868, 0.46321212276908474, 0.7176269142504743, 0.8552338511005337, 0.33802952241044015, 1.1668126867422133, 1.2389013180239634, 9.856368530384595, 11.127605911572902, 10.990959232553747, 10.807668766292757, 11.429795694621493, 11.779886981788422, 12.33359095423168, 11.348119202354143, 4.4077001739020885, 4.020247444297351, 5.334440337695595, 10.965175141266384, 9.833197936869473, 3.3140985898989808, 3.6574320349140743, 2.5558866187290996, 1.6856651109512115, 0.19827630457473633, 0.7591416869244519, 0.3089306714673127, 0.8883974110688094, 2.1659932920111675, 9.265466510072125, 9.673667521645873, 10.811801071599524, 10.86968240989873, 11.415374605564391, 4.182957407572849, 8.821621042456464, 6.585627412674363, 4.153194977717766, 8.95865749516842, 10.35776667379413, 9.613663063560141, 9.042218389780995, 3.557291376235896, 4.032115112948676, 1.1772327872532828, 2.8363182519138803, 0.8648889313815313, 0.7393283010231981, 1.029617347771277, 0.733848036329941, 1.727412743597397, 8.739712697437273, 9.400866498808657, 10.503011844524535, 10.579126856715915, 11.133762338399167, 6.379601351438327, 4.550218280668179, 3.648382885471171, 4.549631670535286, 8.94712344579799, 9.876680316579977, 9.309626716331445, 9.692969842368026, 10.697113760376142, 3.0767306370828096, 3.141726167289701, 2.223784437216611, 2.2989438656114456, 0.6622648956368264, 1.1049037933725785, 0.4005933361613466, 1.9592192150093382, 8.554975515347369, 7.983676319339104, 9.420150224973323, 10.099430448343277, 11.063732180358016, 3.169316088642563, 3.081693981707533, 3.601641592315621, 4.982647985280687, 3.488116198713577, 8.21705065616257, 10.03669066603635, 11.56863080850331, 11.717569205152824, 5.4755362637160125, 2.814254127647318, 2.2732515939681552, 1.2681759182767063, 1.1405708905543301, 1.2071890837422914, 0.2022865443527718, 2.6543441753143266, 9.118025018903085, 11.475157373381315, 10.265571457670465, 12.721841313684454, 11.25671158380132, 3.610815050589733, 3.9075941684249584, 3.1000307321958123, 3.4099306200383306, 5.521640211493909, 11.715263443824027, 11.555639371021462, 10.478122691253684, 7.8067091206705586, 3.2977307740487407, 2.8256210307863006, 1.63655494466293, 0.8623877939512496, 1.5505741922652811, 2.6120269626739825, 2.6856017606300684, 5.21342681803979, 10.30436420924593, 11.428474246284937, 11.716098182714097, 12.196840231481849, 11.739034786612386, 5.600161619034523, 3.9848194169554523, 3.17917311329975, 2.739263057863577, 8.408015315601844, 9.844281092439934, 9.49717677340314, 3.975193525268985, 3.2948271637683764, 4.277892691836092, 2.8676190770798566, 3.4309634333169186, 5.809399728902057, 6.871718354876237, 6.9951202025998445, 7.233174089580801, 6.643111941632965, 10.581392047423584, 11.165107217557486, 11.086216211966994, 11.467892367686382, 11.535684762150648, 5.237891902875158, 3.9921437999478893, 2.3622439673405853, 3.5118349922178, 7.447073809542883, 7.553662079895002, 3.870506321157273, 4.069469003163298, 3.5306876721305755, 6.915599901233388, 4.322645376227399, 3.8703161565117585, 6.472237516085732, 7.5499326134693945, 7.448131932431802, 7.85764047209364, 8.465883576211615, 10.920514835471113, 11.022063274302704, 10.297232227471781, 10.56758652182897, 10.568912881093734, 6.301451886407332, 4.244044077070576, 2.4963928546892658, 2.651925578958562, 3.213345260653188, 7.29888050588931, 3.3919444364062716, 3.5390395341318266, 8.996878528549582, 6.293457278631967, 5.60500752817614, 5.293391494597595, 8.363987473875818, 7.453488032382948, 6.294793582707975, 9.672703612604206, 8.17804109020985, 10.186422066011911, 10.170664481589125, 9.9660409554323, 10.219700138044972, 10.46429272449823, 9.044830964728517, 3.355932845853723, 1.4975149454793175, 4.23933568076561, 2.520445387413371, 6.299732464487177, 4.759949265016989, 4.083941520568659, 9.126426802918377, 10.44664177325977, 11.66817503427753, 12.570840528627055, 9.423420083410171, 6.88031646925067, 7.778878426089424, 9.271608603033288, 7.145382878265445, 10.243313273415282, 9.7961497268396, 10.40021268628883, 10.134005911771807, 10.06766292402309, 9.687933223924256, 1.8055172392164727, 1.1962336558444362, 2.4553672410187195, 4.014315009248273, 6.144570545718301, 5.711570681427619, 3.5863180408309323, 4.42639744924047, 11.139180200572167, 11.536112482150697, 9.5738910182188, 9.634593833084768, 5.959015415512204, 8.462255509655959, 8.063076960815952, 6.553727209889827, 10.377065086633245, 10.12873813429659, 9.728651154405616, 10.10471203181642, 10.29286805506555, 5.3539800634133154, 2.2319572774342955, 1.912852024626642, 4.206741518729352, 6.672091101272817, 7.5382083382404055, 5.125283871709159, 5.85911663213643, 9.273001139376909, 10.935719112747023, 7.97045672048559, 8.547080887981034, 10.286583137777138, 8.309260752362981, 7.376138047264525, 7.820935281711284, 6.011007187113238, 10.434615478903423, 9.686030333960128, 9.162310791546302, 9.117091691039596, 10.455910036421866, 9.236989746807325, 5.117856872972394, 2.625112347610064, 4.060995085757816, 5.721931909140556, 6.138110241072129, 8.595938399702128, 9.21142561454388, 8.244825072866275, 6.814206456201041, 4.373256655634989, 8.103711483667755, 9.52968845662639, 8.127143303131238, 6.798324564147841, 5.4987881057415295, 1.091450010320461, 9.887445341531016, 8.985372378334894, 8.285386235280347, 10.624470734153954, 10.962782109697956, 11.806603278472366, 5.4017338555073104, 2.913322271336643, 1.94923833768918, 3.2949112009305974, 3.042383755515501, 7.724866478564958, 7.035011866275713, 3.5341611242306783, 2.9128113595092437, 7.064871301977265, 7.45576450393425, 8.369157923541447, 5.744573753730086, 3.525274312678745, 1.6714455144821803, 1.3520304755798749, 10.020896660548933, 8.827703446993105, 9.470937060373677, 9.281178909617692, 9.654272035515092, 9.434605930943007, 4.642855668217378, 3.510326025295534, 2.2965448945211118, 2.5316546395138046, 3.737695831970499, 2.6440107812314584, 2.588632821185996, 3.6267506357862573, 2.726859815382262, 2.741974960299439, 4.8123288652295555, 6.6053570707097125, 1.457299269615558, 1.88334531156985, 1.3076903133427111, 0.7462662598520368, 8.443607314010803, 10.741105004765659, 8.817442103904495, 4.222083654216052, 5.008779298757239, 7.1760189972115285, 2.744673163330322, 3.619950297359848, 2.9773160805569394, 2.72967831935978, 2.988540556187197, 3.6211082039725784, 2.8100659875357596, 3.3499870801774665, 2.9295930234100096, 2.7115611897129095, 2.107453473260335, 5.319238096609749, 1.6381829891107602, 1.837092410096314, 1.8818592425084975, 0.6260405872510676, 9.202729038990597, 6.612887975440687, 6.506540084829515, 1.8750393314648384, 3.025479970135843, 2.568330801036934, 1.7610510433382733, 2.605224708195133, 3.4347145761132105, 2.253043438830995, 1.693944990233921, 1.6307038736208914, 3.240851064988791, 3.3351425232747656, 3.630757450604659, 3.2895661070013, 2.058445122892327, 1.2447796059607963, 1.1683877001293004, 1.2983503089918058, 0.8795776352016677, 0.1297534645142052, 1.2715876273655875, 1.7112741213496305, 2.0918714005299806, 2.265419086913822, 2.1614980432397926, 2.465503032933896, 1.8004202804480416, 3.0671771003893498, 2.6318815571666065, 1.685730145815855, 1.3854781242983472, 1.31028424158629, 2.3406800518440467, 3.0169277436736857, 2.2678959048064646, 2.4540338284845884, 2.6045783194622283, 1.318919036074469, 1.4525088317388732, 1.0033528838562393, 0.6924050379292831, 1.0762717420469035]}, {"header": {"parameterCategory": 2, "parameterNumber": 3, "lo1": 6.000027932988019, "la1": 58.9999434238085, "dx": 0.5, "dy": 0.25, "nx": 22, "ny": 24, "refTime": "2024-09-25T05:00:00.000Z"}, "data": [-0.4285584909846112, -0.7883639761254323, -1.7568541014935146, -1.090988260236256, 2.0690869431534327, -0.09869646632326372, 1.6105007578164907, 3.5112350127105962, 5.5524713095099925, 8.273773917855594, 4.595267452035185, 1.702542555963627, 1.2991118104022097, 1.6655124193311979, 7.783731658222167, 8.767784557762676, 3.859637471071242, 3.3023231157955646, 2.919577474116548, 1.0708996225869898, 0.467433260001731, -0.41851667934882714, -1.449984947943154, -0.6620533455101452, -0.242248806795544, 0.9284568385253622, 0.24234829025114643, 1.595708222080928, 1.3843569590510314, 7.177821280287608, 10.185341312576456, 9.819005108285694, 9.411537690748357, 1.62439388345937, 1.3227662460088636, 2.5734348748781066, 6.977925045395863, 6.605884031656112, 2.427964225581749, 3.2387846348840017, 3.3497084528921373, 1.7497198422305997, 2.173083364379884, 0.9353844424162385, -0.1883532821657536, -0.4370512319112129, 0.9810272059909455, 1.23494113897363, 1.1434897522337624, 1.6792314578444478, 4.623099088579183, 5.3789676249304845, 10.247787403273621, 10.87398769840783, 10.028093872381064, 4.336752179257568, 3.144792267466284, 7.555078531216969, 4.082291936002448, 3.81986358190744, 2.535256640398767, 5.923440171666925, 4.16268585657364, 2.402487576065378, 2.6749144837026004, 2.7128915826882345, -2.2498849852251324, -1.8204464636989968, 0.0660951391600595, 0.7076573619746567, 1.004317635037977, 4.063302481438095, 6.632679588908038, 7.492293639238577, 7.72031624989473, 7.420437483404306, 10.483260525506559, 5.028451961248525, 3.9548183972760684, 2.650630089509282, 5.343733618365142, 3.477074975780662, 2.365652027633574, 8.506995843243974, 2.737172838902222, 3.3219850822837533, 2.5792856566840747, 2.6329864412915645, -1.4666838053497946, -0.6608994799858147, -0.6577413566322989, -0.8682260748153383, 0.0793695707031371, 1.9923821296212751, 3.9314127573582334, 6.22818323507504, 6.120177597510861, 5.7414643859619146, 10.314504594692382, 9.129042832525581, 3.780372361628991, 3.6357204725659424, 3.8817195755511107, 3.1701379759333004, 2.5212512543028796, 2.3458452453499357, 2.3910767939475863, 2.1236022692814966, 2.5459025351789863, 2.7121217932779453, -1.2435561505925288, 0.10958507665709698, 0.9593863779335706, 1.4326584711157588, 2.435412939253783, 3.139881366514012, 3.781994270804186, 5.4181606086446195, 5.748526357166211, 5.855887001678344, 8.120882597142952, 10.920319471733855, 5.505459512353545, 3.818108768021791, 3.585569050766729, 4.01566328051216, 3.131364099307951, 2.8944727564154826, 2.736805338521588, 2.468633798098598, 2.626735759954698, 2.7031541868017728, -1.0170893744473672, 0.12286715952973012, 0.6859998083758388, 1.2836289203612543, 1.95912694741342, 3.2087228123820792, 3.0189940147321894, 4.516206073931576, 2.9533311501645536, 4.650613856696875, 8.78233035321272, 9.765475569175239, 4.184983453128107, 3.283734341492638, 2.872596265211918, 3.899994992423908, 3.753780359873903, 3.792592082502987, 3.0894006558930793, 2.706537599993396, 3.020267883504228, 2.8795903607479394, -0.5394437658593229, 0.943173863486371, 0.1957355592260211, 0.42301353315939094, 1.4701156680737637, 2.5455373261745025, 3.5151544340161647, 4.702115896620387, 4.165343289384983, 3.9767446400720283, 4.880962712221468, 9.718892225242751, 9.429190455975897, 3.6190987375705674, 2.5846709619404655, 3.498946094316186, 4.068979073255674, 3.1681437640588572, 3.597061444008927, 3.0125473167973236, 2.8961259390566902, 5.496350794468179, -0.30648164037652653, -0.38126650565945747, 0.4651642279543513, 0.8179689975751856, 1.7763688333889358, 1.0690576905786635, 2.743231380969957, 2.913204156196017, 3.1342859926896285, 7.649699367534889, 8.523756589848379, 9.138715048787518, 9.087730223438987, 3.073586982469097, 2.726135002193605, 2.772134177469791, 4.233409124488348, 3.3168518868839656, 3.1783531268429948, 3.115036875756801, 3.1219675944544476, 5.300861666946075, 0.9620726200706912, 0.3842715936236278, 0.462931605594551, 0.0017411608325692894, 1.815348873195809, 1.466222224119616, 2.041807561215621, 3.5728627730213844, 4.294538366657105, 7.43909127484506, 7.648958854736419, 8.133760104125754, 7.984546940691437, 7.255910955822185, 2.6093182627316986, 4.302736850386439, 3.5902576731476095, 3.7630115108231057, 3.327336236436341, 2.999789497314751, 1.9036453691279693, 6.811247736114301, -0.14344301827205078, 0.2067912989949838, -0.4853078449644736, 3.86982835227891, 2.4604090963517544, 1.852328267995996, 2.376536396778484, 3.9740709375590164, 4.013390481301727, 4.893339139082937, 7.6524644071527215, 9.170355408727612, 6.993253358560094, 7.348288636740817, 6.801882871853343, 3.1932253639929007, 2.910914063902137, 3.1371854329959636, 3.412613009326166, 2.569437288890789, 2.3369904206626577, 5.166673736046738, 2.01678647820794, 0.20990407347514253, 2.7440774681968243, 0.36502404490720325, 1.3948238145064005, 1.508130580258736, 3.1491041656565475, 3.4880236381686958, 3.4648428362396193, 5.377522099105272, 7.417892624052293, 6.903964340454525, 7.078566798375194, 6.78147393277856, 4.096979349191413, 3.0059493599483944, 2.2915555491126556, 3.3376796265306616, 3.544346081009143, 3.7705879793295014, 3.8805922080265884, 8.495143870686624, 2.7216762236336, 2.708940843291148, 2.677233402874583, 2.2592736567389977, 2.207827846822369, 1.8721599254373618, 1.678118041673711, 2.8028743357348316, 3.8752356687026004, 7.2529139449951305, 7.658846260772809, 7.659821536428634, 3.7371981172963924, 3.158889441296583, 4.321253659252064, 2.6632735099436693, 2.534613543255199, 9.061929983862639, 9.140668284627006, 8.530422633309296, 8.21081648273166, 7.699802600301808, 1.3906938218177052, 1.940865012686546, 2.176656796247214, 2.0374979897731063, 1.940627217341168, 1.7078957695374304, 2.9893565192699567, 2.3354182943472916, 4.337680649690427, 7.096210127795643, 6.914124243196408, 3.5629848116018668, 3.946727027694482, 3.1688104065649205, 4.636814762448976, 3.723298081297801, 2.4142042432331716, 7.5852033589391255, 8.84287885070016, 8.388345791721434, 9.258726771414956, 8.875528701313035, 1.6855559193201854, 1.9141363631247827, 2.6108788590904637, 1.5024228156463524, 1.417901784980521, 0.8195139630399677, 1.3646074346166832, 3.058895701863727, 3.1882419063282916, 4.972521962337994, 7.353494926271794, 3.2431458790719763, 2.6964746979403005, 4.990132790524468, 3.835544723045646, 3.6397981499321914, 3.4248233559084604, 9.03360041636608, 9.32657612681123, 9.456941330748938, 8.925679614198717, 9.547006619394807, 2.4191966506610485, 1.75988669344092, 1.5696463423634763, 2.020435682836641, 1.616446169854841, 1.1658216581077852, 1.0735490933694527, 3.112626606689496, 4.038456171091076, 4.622136667748225, 6.688941611338097, 3.081676073918253, 2.759323669760806, 6.018334217621852, 5.357366939904709, 5.708578455399085, 6.147925859305025, 9.613003894719164, 7.623978374786159, 9.049235652544446, 9.042721025629572, 10.506568064282028, 3.047506033143053, 2.3528058888547165, 1.0699419286918763, 1.5313162914875103, 1.626909170198156, 2.498430296619374, 2.367085124313103, 3.2533826273559563, 5.423207074106853, 6.35202851450779, 6.79756385282515, 6.147289977573651, 3.8355375196464805, 3.867475314174174, 5.347994019538734, 5.07251944432901, 7.759869375112274, 8.194258555361184, 6.554525996703645, 9.64114566678143, 9.984291504580735, 9.521047442594222, 2.1439064575830646, 1.8149659806924814, 0.6227264942197983, 0.8052228339687826, 0.7723240070204261, 3.6269397596932205, 1.4120842499755766, 3.4254627078900035, 6.049260258138896, 8.270762438215542, 8.221577502986383, 6.356079899483878, 5.7615060845011055, 5.215719376242414, 4.919330470426689, 6.675270769561792, 7.093857157218021, 7.326399580300207, 9.546596667787751, 9.40959279002533, 9.222632847511855, 10.006761032743261, 1.4090573607054078, 2.0086750177816843, 1.0054267898933218, 0.4451983593880114, 0.3828270279231613, 3.6451244393271853, 1.3503080407075583, 5.92179309767322, 8.070564700631975, 9.147374872939672, 7.197618014346792, 8.336769542919573, 8.249931014695145, 8.390914738754029, 6.0895313044167905, 3.9791634415002135, 6.769388594632114, 7.896230963165002, 9.334188299121143, 9.266941215773631, 9.639037505985309, 4.48484895699666, 1.476601859491114, 2.5612682770505195, 2.023211390780251, 2.589860702322639, 3.9317430734200363, 5.063787947948708, 5.6340431139518605, 5.7613824273865095, 5.390345751409571, 4.748065910752804, 4.255241970847768, 7.940520604289396, 8.33782716140032, 3.8677897808962562, 2.4393710534920166, 5.845217860711358, 6.488557206043503, 7.339996405848399, 8.456540500515292, 9.118155492718492, 5.469574992064136, 4.22756623368677, 1.640702808837797, 2.92083243646431, 5.438620346391575, 7.467173381266351, 9.089394304790186, 8.796804149315536, 6.158363167213002, 5.593243264658423, 4.215322190416612, 3.924173208839538, 5.815560441122356, 5.109923815263932, 3.2235758736049056, 3.2114752883246633, 2.4011032886687036, 3.278450051692589, 5.358432720409432, 6.524936830503511, 2.932274687440111, 4.931962849845752, 4.155572838758893, 3.4180426767563117, 3.810721212839806, 5.250223171167305, 7.976030502108695, 7.408781290221213, 7.776574498904832, 8.822721699606943, 4.766240859121035, 5.2321322578283995, 4.175106650236162, 4.397480457496789, 4.258676136187226, 4.283395243002767, 3.088173471854255, 2.644654208608009, 2.6954978707250428, 2.567009636152339, 3.14071207195092, 6.882265053846699, 3.5612281141389825, 3.6671674681074706, 3.9728598283691494, 2.7449703627732482, 4.173838101191179, 6.974800236393008, 7.792029001804071, 3.676984000719733, 4.32282246232202, 5.164197207433212, 2.926551130352275, 3.1114677297009825, 3.5457371321118054, 3.6157680214544596, 2.930984308605812, 2.6841184206305635, 2.9310009504933823, 2.0449022935329793, 2.8555732464371704, 3.290568704013383, 2.6684578910842487, 2.86907211823961, 3.679830616135738, 2.9063053369448855, 2.54209888098966, 2.41255468020116, 3.420741989650023, 3.6898988605316827, 4.781181219171182, 4.117131918147242, 3.183762061912391, 4.250830228552182, 3.8082852399650156, 3.8368600304249023, 3.056163548550254, 2.6799500036384294, 2.3364336918575765, 2.1153786735475144, 2.3328836724435256, 1.5052860679860303, 2.2077779220657834, 2.6707103754803674, 3.4003268143265752, 2.590314561588301, 3.7536999745457247, 2.6650658084897954, 2.5264928281477936, 3.747460731832099]}]