script/wind150m.json
{"header": {"parameterCategory": 2, "parameterNumber": 2, "lo1": 6.000198445256149, "la1": 58.999992894266676, "dx": 0.5, "dy": 0.25, "nx": 22, "ny": 24, "refTime": "2024-02-10T14:00:00.000Z"}, "data":
[rows 0 to 23 of 24, columns 0 to 21 of 22]
-5.419677012298031,-17.53022983647811,-3.321142239140037,-5.168662750479825,-7.369757241657314,-14.378079139007182,-5.336894767368159,-14.290653977711619,-11.689914934491819,-14.816758224913759,-9.783706539468167,-13.867644541619313,-23.619069862565226,-6.222275188216327,-10.342357976130451,-9.366431571543412,-8.133044242960638,-26.873561761514917,-9.225504684221585,-9.278691563664069,-13.62562015995329,-12.221400958335982
-5.176632169778862,-11.72621559971092,-27.337857817017277,-11.755680826123054,-4.256511511622476,-5.163883868904203,-9.653625748040042,-13.560261793315915,-5.724034369738566,-6.726607370346582,-13.963621320618202,-5.7647670014195995,-4.799737383741615,-3.006802244763937,-12.81591646787158,-2.3017896407324465,-13.253766798393386,-10.189824358192164,-7.726882674926602,-16.950342618826262,-5.354839320379781,-8.463749388890035
-12.038071212198403,-14.026869829268728,-3.262213318085663,-9.042684289648077,-13.060115374922551,-3.7844386856679684,-9.022378264420254,-9.808431700431669,-15.572398984356566,-15.711588845255596,-12.027799508897957,-4.32205216596577,-8.5385962471971,-12.891727202754945,-5.9662985886016315,-9.547167799718387,-13.210399365265244,-14.286228345072635,-13.420444256221876,-15.819826687719562,-14.114608865399022,-9.207545974570388
-10.260202258618499,-13.005206192769869,-13.00404515080678,-10.20916776023458,-12.005031986281812,-5.753789052421119,-12.434238144512541,-10.823901258712624,-12.153612361199015,-4.980638928959179,-2.30006094114801,-6.237073212658517,-4.412318496042439,-9.180398660176909,-13.243502931182823,-12.776141898544104,-6.2163679648003916,-12.323031531075895,-10.87398575131057,-14.702406696285662,-13.759084045348036,-14.325323912909699
-12.829228376001685,-4.665084349930759,-9.222523204644947,-7.617376434602379,-1.784207997292122,-10.64775824136906,-13.333401702432525,-10.236690495291986,-12.789040942392111,-15.252079926381839,-12.053313791481203,-10.748453486023717,-8.252938245592501,-3.557239806567675,-9.029870145935485,-2.2800749968374765,-13.467882596424595,-10.958441046719734,-14.122291584479463,-8.697692495976439,-4.667141182308103,-14.785349270712798
-13.756269286424104,-14.980773273697974,-4.410906857344242,-6.63973775181389,-10.207791320936785,-6.10335196608654,-14.27400003626807,-11.382876280672216,-8.790040360939768,-10.59192983775197,-11.22365119808415,-12.305917062167387,-10.98785246875282,-12.393862242484888,-9.324483547155934,-9.76143539105367,-12.014612600625904,-22.86699444827686,-2.9649733955882795,-11.448268326360203,-6.739480559677186,-13.333709101689907
-12.60196191144604,-14.386073098332917,-11.908231476637795,-4.266285673790012,-11.306679481615461,-9.981257525857476,-5.519051356182989,-4.52243209393871,-12.840895052987364,-12.08818816471629,-5.700285832290473,-11.509420526331393,-17.110229063545958,-12.311957544138124,-14.377231779843134,-12.097566331190556,-9.182187487360398,-10.340930245046753,-2.1249330311711185,-16.788269907993666,-3.3939980809200203,-11.97953684640691
-14.055785737428497,-12.086576164818206,-11.949311188076422,-9.528423385134404,-5.995562608589693,-13.480687804255442,-3.6316010720594005,-12.771575145268924,-15.484563608815575,-8.49262492017537,-13.914545444938073,-13.033906219344855,-4.252308705455703,-11.420941564366952,-17.762591160971905,-10.716048760668714,-13.640590602653221,-13.45509103125086,-4.54116287711832,-7.244829157421041,-5.614830229486909,-10.516364608425885
-11.615505692164326,-6.567831387251374,-11.193760517805117,-9.660798759606699,-13.773257250501112,-2.3790843008680636,-25.2161788566957,-11.950473401559899,-4.4854840373186855,-4.089836433101816,-7.337478741318704,-17.256612351402573,-15.0097030469936,-8.804136225107062,-9.803393297334448,-17.851591100117954,-15.039303934785963,-11.60315039439353,-20.284252617730594,-14.727653450804215,-12.333508144762412,-17.339247139892628
-7.988119063108575,-4.7926692984194235,-5.889474792116815,-12.947966330137422,-8.216586350795408,-9.158332204642834,-14.44768434621106,-12.403077593191153,-12.338782680012667,-8.342901336612233,-12.96261630275945,-10.854572076142334,-9.04357171783724,-11.717747943304701,-4.938035150460199,-3.377438725634493,-13.701574531802752,-16.511634730818347,-13.289450632420914,-10.334719503618375,-13.67564431648482,-5.614838120341711
-4.986555321411021,-14.318043019379315,-12.34559601819627,-26.415507230630567,-10.12120486897266,-17.289698029969003,-2.1844358125035317,-14.233958079597507,-6.0585765889700385,-4.524260264169174,-16.699073423333093,-19.344066970071637,-11.690681594471824,-3.124799679588493,-25.348078467376244,-17.986498733930098,-6.1297245742448645,-12.468807641889462,-13.672859858740434,-6.768580073962781,-14.031185570859261,-14.187502789593976
-6.86626770064066,-11.827360952616356,-13.600752821881521,-8.947964487971843,-2.088604751614253,-11.32946614607172,-12.083515703373035,-12.869615641421895,-10.54570493787219,-10.761872247261573,-5.895990825449765,-9.895475501659181,-12.2969780583649,-4.994628965816441,-9.282165102431534,-8.403405410896754,-12.138038503316453,-12.48722016474776,-8.572985156589262,-14.516652880891538,-6.677852033969753,-6.221518395140655
-12.692881471438627,-2.3132874433523023,-3.6999246418886864,-15.121797556930723,-11.125464816591844,-8.653657466989412,-16.75453446150349,-12.877195178247737,-12.983531262025226,-18.427505017899435,-12.530590720178953,-12.665927193181671,-12.513557222649487,-12.706435931571079,-11.322680363277344,-9.361180078319824,-14.20856414722425,-24.11862380884907,-12.075127760132814,-13.510717616595587,-2.1089066863868164,-8.84643708314849
-11.586771600209419,-8.585923267534321,-25.41323152252339,-15.078986317193928,-7.975057494602597,-7.046032921420219,-3.9454504498640106,-12.441150379151328,-11.067403522167865,-24.437245479823424,-8.787350425409935,-12.167911759346179,-6.3151142910073474,-12.818617878618252,-12.543102905520989,-4.12797646202366,-16.63960242516023,-9.971585299153803,-6.9161995882172755,-13.502186583746626,-4.829875009048519,-11.959128412607528
-10.854334106365545,-9.662004321368858,-4.581755438810699,-12.04763377431027,-8.706925988544473,-3.141431477063695,-12.965516423979249,-10.644131671690461,-4.145021368352632,-12.062723854368457,-9.793318836536681,-26.747363917213892,-12.511755417454108,-14.543409192173803,-8.333907193247127,-11.84917050938268,-9.188315619399333,-4.232872551201235,-9.31585097919682,-18.038642721296913,-19.844938295379222,-7.594349914780849
-13.249680389807283,-4.727688486807822,-11.695509484520205,-14.177333173719028,-13.421501648760062,-12.137988297054688,-9.417425797429912,-18.729088590826965,-9.773152123382971,-11.632322175633279,-5.8306382070422655,-15.088951546976775,-11.777042150361742,-9.907152305909959,-11.361479584522767,-5.310500396588747,-7.558488731905457,-10.188480520558048,-8.975400960695973,-8.69158324679452,-12.602509427777166,-10.001221392010033
-3.874372661565421,-9.39982135013113,-5.2565787992483575,-17.134803164396445,-9.025249627552311,-12.174409282848005,-13.668278501729835,-13.529546462369423,-5.468822699595821,-12.937276044322672,-10.384535950501586,-6.483026953518088,-4.380772770753241,-6.224629574175559,-3.4370610451186887,-7.941664336455915,-5.275889104418534,-16.71601288153159,-7.164305540352987,-21.726240170878565,-10.066309275316236,-7.140091442933169
-4.89449978465923,-12.900695939546571,-13.577162447571922,-3.685966624884295,-15.456256915204964,-11.27235952350013,-11.948058970151653,-12.099315258226854,-12.370180182626935,-17.565182736105896,-13.282500422631863,-12.970692296712793,-14.666058682395853,-8.026750131359712,-4.388371691002911,-8.91179882029699,-15.617694604309827,-13.7608724889341,-12.689050111267482,-7.3670302630578846,-1.9356008721784328,-20.35251575482848
-2.5351305679187623,-6.479432139446251,-5.298633458573961,-16.60672611496297,-8.011815993418915,-9.663627594636727,-12.482831823285718,-9.355806027353772,-8.72202813099772,-14.17867911139558,-13.263111322171245,-5.797274592775197,-9.068077845288832,-18.300013039028528,-9.019618418291078,-7.925036998823305,-17.520288668550307,-10.544739677470972,-14.676339597489992,-3.7405926467974298,-7.486154916248658,-9.683134993550302
-6.2212710912632385,-13.681429632972147,-14.460255337158667,-6.907012507628352,-15.248676770016509,-10.883850412967577,-12.962820897466115,-3.652261266785483,-10.619709746747253,-7.059355791043261,-7.5415279353325095,-13.762664886300087,-9.08183477555913,-12.880726928003027,-10.712069236155287,-8.871808232341836,-15.73850970835607,-15.57955231212611,-3.7756554285402464,-5.80602856730244,-4.929132931014608,-14.745942792368073
-11.91018321837448,-9.754336919726283,-3.6418177571700525,-5.309890251322326,-8.383286282398347,-12.218451855238094,-9.712630642154771,-15.232794535105395,-4.446952631055589,-18.246928539088003,-8.844328336909458,-8.793401708206922,-11.841962015137883,-13.35972861308257,-9.828190892287262,-25.794522864035343,-13.711849793079624,-13.536492533284674,-8.56923189034507,-7.9522876210351265,-4.344161465603146,-8.426534353095512
-12.146915122308336,-10.462354762445738,-11.937256606267148,-8.055524951586309,-12.078486508711254,-10.496226918333953,-10.135062994174204,-11.268698907834347,-14.262269903659249,-25.724376913688324,-14.037472360473911,-15.158532047187471,-7.73060468807194,-13.16104571241118,-12.607164336767614,-4.055323169065582,-13.04935565756339,-20.055127752220734,-5.081988171582546,-13.853021826928758,-17.097360744168828,-3.7854458336773447
-18.139512424182076,-7.667881615103873,-11.588330034144459,-12.821170335277591,-14.891842728289248,-14.7473368708796,-9.161466979543048,-9.667418212977227,-13.223933942786411,-14.72008903293781,-9.331190912261318,-11.748944716924786,-17.892642655283908,-9.325892512565837,-15.544343583944995,-3.001585811317459,-3.973711776438694,-12.984285405202202,-19.32521132572653,-15.579023732769175,-9.605475582330442,-18.075951621695772
-4.548175816737671,-13.341013304764292,-9.97453962502598,-10.790837103283865,-11.323308564440685,-13.92871774413016,-14.299116169418507,-18.494482909360336,-12.151053369709036,-12.152293446764585,-11.280421641162935,-8.378899164124933,-12.67082179315943,-11.400857414213775,-14.167056640123123,-11.919995306975048,-10.844812914188983,-12.046452035023856,-5.714379162723683,-1.7945804429875751,-4.211207754580164,-10.523372414594341
