script/wind250m.json
{"header": {"parameterCategory": 2, "parameterNumber": 3, "lo1": 6.000198445256149, "la1": 58.999992894266676, "dx": 0.5, "dy": 0.25, "nx": 22, "ny": 24, "refTime": "2024-02-04T13:00:00.000Z"}, "data":
[rows 0 to 23 of 24, columns 0 to 21 of 22]
-2.1307671852898413,-1.2775267757315938,-1.2662496421891056,-2.1201468397318632,0.01630050606710777,-0.8909724852738456,-0.6017960785479649,-2.8365073258032094,-2.7681208012559106,-0.8493410062783407,-3.9710332280096314,-0.4546772230569305,0.67186037437099,-3.8103436642466577,-2.135741274222734,-3.545168396508802,-0.9224427652764873,-0.7501820151484151,-2.0930329046121607,-0.7336810353994373,-1.2314072378168197,-2.619508550089833
-0.3691702932367104,-1.9276573141963116,-1.9334219338368375,-1.6621783293999888,-1.3435318221235857,-2.406520014489318,-0.7601245584418062,-2.8752509741792,-1.5684472313035216,-2.740321336089724,-0.20439122668289064,-1.320679667557567,-1.0463738082666028,-1.128579524799492,-2.028151842660836,-0.7202388632119056,-2.194632410119806,-3.2816882414991744,-3.1120166952548467,-1.9372787394437925,-1.3490677005157767,-2.264894404706705
-0.772200438422783,-0.27636941349949623,-4.7567480673440645,-4.278239157038253,-1.9648213484188881,-4.360083743160545,-2.376625140480614,-3.4330263901748173,-2.0289070431744953,-2.2220439633097673,-2.407209635407817,-0.4685810217132312,-2.498707511373655,-0.5389051398118694,-1.969589448711518,-2.1948217018291145,-1.312296377808996,-1.3120032649288411,-1.00082576270459,-1.1451099469057895,-3.246636602472057,-3.211652000340704
-4.262700662350062,-2.5996965074337903,-0.9092865815947645,-1.572260641105601,-1.499722637914386,-1.6611030613815094,-1.1871662404029144,-1.3470026732877143,-3.4270039674312396,-1.450790649957327,-5.3547915482922,-4.019345590295066,-2.1394731797661373,-1.930033577090409,-2.2854117372539346,-0.01440220939024565,-1.201592699246817,-0.9275395178619297,-1.7513182713165802,-1.7737236145673403,-1.2375328169982007,-2.0015955426880634
-3.7278256930905087,-1.3418199902291026,-2.7379363675290684,-1.8052544300140134,-3.380931758178398,0.05715084822059596,0.6970194710581668,-1.3197781427243962,-0.1982635255657222,-0.37509706043698304,-3.6346698846664243,-0.4053091888558676,-1.2300380049475967,-3.0441805117177325,-1.6274928246804385,-2.3262897133064175,0.7134692266516618,-1.585302053355913,0.9283712443018708,-2.789718910897452,-0.856816958376496,-0.9749992238332127
-1.5717048707121741,-2.208986717692763,-3.72897723682801,-3.9550115288674106,-0.5896732356460396,-1.5677648427113708,-2.3890784905883597,0.12267623774614134,-4.1452402704389355,-2.7002191882389286,-2.0229866956899203,-2.2248381436510587,-0.47710851764939793,-1.9547246668534297,-4.015318875722337,-3.305234194873802,-2.6786515611858275,-1.22817407902726,-1.7611507700776134,-2.7854892785358754,-3.6917058411849344,-1.1398818384322393
-1.791713157870322,-0.7560902160701918,-1.8338959034254858,-0.6455379794885281,-0.3350961736376947,-2.97100688072012,-1.1850468140769186,-2.559555496345924,-1.236899890194054,-2.2681744773685044,-2.3790710906297163,-1.2061645798409544,-1.6007705788489641,-2.685351785155987,-1.3703305784091833,-1.1763512718251723,-3.2962888950413047,-0.5497794911498582,-1.9881656401204681,-0.9605835534984721,-2.443539213950572,-0.6309501340699504
-2.7086744652782038,-2.2110639970070913,-3.4625954122661438,-1.6542534831176199,-2.4807596934480687,0.16121643099548477,-1.4532803818239637,-2.508713224528463,-0.28754586383151526,-2.673874241976557,-0.056740602633616036,-0.8097527763231928,-2.165601059239348,-2.4330395208938667,-1.2513704976232636,-1.962519741868849,-3.401125013591476,-1.5326516027502746,-2.556357058780803,-0.6679368498335759,-1.0022770905509553,-1.073444107874743
-0.24144356596724273,-0.7288284720664487,-1.2374756127552764,-5.49072149536974,-1.9690689083076431,-1.1526779355032033,-2.0633467554327987,-1.2284135535020733,-1.723456217767732,-1.0296902151261684,-2.89952254879952,-1.183455638162142,-0.32385097404096813,-1.8018126622144282,-1.4021457431344597,-1.3521279055533144,-2.6488209919228987,-2.0122804169699853,-0.9614578521037341,-2.0569866138044057,-1.699113400943157,-1.9692857445536458
-2.996847964925844,-1.944286595266555,-1.0947785663905591,0.3962720366237717,-2.0817710256845467,-4.561041374133569,-0.009835356310963793,-0.6267735738085461,-2.406192099918527,-2.476523595328726,-0.8123840828316017,-2.5310634604004525,-3.053489222508962,-2.5199442199523774,-0.5763902274914217,-2.309637103329479,0.39735061443020936,-1.296423567044916,-1.9107608816952815,-3.2087618738998813,-1.7729906755930256,-1.3948975056267796
-1.3635066315320017,-2.7139106953807244,-1.8731159370596457,-0.9458968053224878,-1.3184025071070755,-3.724819230174146,-1.1228175161614373,-1.684158610663777,-1.661297145839147,-1.9646064268044436,-1.6862095141631956,1.2548281185065409,-1.0824371072128363,-1.5734179533424917,-0.255862109666594,-3.2085095886779276,-2.1966233349895408,-1.9480451312002396,-1.75333023164174,-0.632920870867782,-1.0379649595595377,0.7259583987520489
-0.8051445758125407,-1.7945553304613506,-2.3694852691254487,-3.175404326122313,-0.21726197728933402,-2.2545739677877092,-1.604533209113212,-3.8345485438597002,-1.1848190382951045,-2.988792286900255,-0.9039857096746741,-2.9486724898605168,-4.587679565273893,-0.09105986635684696,-2.2799705315352896,-1.245549084976084,-0.5518901664033689,-2.136131464136567,-0.9833832848445073,-1.5516339703099828,-1.7134379230231547,-2.538713551362067
-2.0124658080970597,-4.905775223593796,-0.36517658986514273,-0.39952931442038053,-2.116759078104809,-1.6295526364005575,-1.2932045199467632,-1.3537500061321384,-0.8872763074088075,-2.4305543449146536,0.4143005779174999,-0.7119828843539943,-1.3585376666696078,-2.491724114843889,-1.0804639670744405,-1.3361637160062163,-2.1669360304272427,-1.331779839388865,-2.337073558060322,-1.2028939421346159,-4.777621257689652,-3.450926550554023
-1.7810160346038204,-2.3361940480719774,-0.5000082431484094,-0.6771580859568641,-1.0707619860660005,-2.315556327608257,-0.9156977976769792,-1.2876587751116284,-1.8520124248311454,-1.3282871912227434,-1.8102551316651883,-2.3529096947302626,-2.0551158192974968,-0.11470699136363431,-2.509940659246946,-3.796746534336754,-1.0521746010692081,-3.907435081116405,-0.9664238183066951,-0.7371817639039746,0.24642725430347245,-3.0769195034393757
-1.6912917711756015,-4.188996179720125,-2.4292781356853377,-2.119326806442162,-3.4870691421758733,-1.6351144399559407,-1.122300317375208,-1.2560394009016413,-1.195175871839508,-2.830705801058105,-2.908678219638894,-1.114227549733014,-1.9726974443643408,-1.31613513491278,-2.2648387400340924,-3.8518485172406174,-2.8316367882133684,-4.10857178312775,-2.949815673108639,-1.7207623060008779,-1.7608207874000399,-2.5917760066894227
-2.359800202155706,-1.852459857204842,-0.36565441484316025,-1.234895273470606,-2.371495567562647,-2.6021538004409592,-5.089626758277809,-2.210907616767763,-2.333186368932814,-3.0144121977242877,-0.9611812677250112,-3.4685677698377906,-1.3658619856537615,-1.2000839496568136,-1.8781130813628282,-1.7048801952222539,-0.7975732383024241,-3.3134769078323747,-3.1724910468682115,-0.9054797967866873,-1.3133481359228638,-1.1378517453417638
-0.7922944568358858,-0.9134169201334041,-1.556956420924019,-1.5552966075454557,-2.8592796210610443,-1.2028416576350924,0.9230506258854441,-2.2725580363103477,-2.55723279582721,-3.045849427419448,-2.57601251985434,-0.8152526306587194,-1.8658936220025646,-3.1682756960745233,-2.2454782426794826,-0.27366316266580104,-1.6793672034083689,-3.1277592381175365,-0.33472777456528113,-1.306330606485932,-0.7623800457999961,-0.586490561053467
-1.8155692203761387,-6.0226515885902545,-1.5589106057557502,-1.5324824809254503,-1.0801553737394873,-4.948198049815528,-3.0392670175614778,-2.676153193175985,-0.10730352871446817,-1.7425956878549589,-0.8740335861073801,-2.7495808719444366,-1.7201158178944502,-2.7750674827569433,-2.18992511470394,-3.0027269181690674,-2.4576743717186984,0.02237821498366753,-0.4041654991459203,-2.221473436779405,-1.0198611072970976,-1.0573404314216146
-3.9813715132798833,-1.7940463945413976,-0.837889928938487,-3.922033305614854,0.28610862424606465,-2.489600768797656,-1.103637516901413,-4.483489157426744,-0.9126088117049513,-3.668980513772411,-1.5066529894917458,-1.9080229134792355,-1.6824160953637697,-1.0541025095352194,-3.092754755889391,-1.4528310375140459,-1.7851230592260339,-0.6510725439441788,-1.9915842613382395,-2.846078482283582,-0.7656723275631544,-1.854461327260512
-1.3982574647437949,-0.7493862304162925,-2.9375824587858315,-2.3407185677619378,-1.496076874594525,-1.8044118020367779,-0.7105690741378288,-2.5577425072244835,-2.040501794416673,-2.093843307317057,-3.307762758021665,-1.1083642271213499,-3.9506053678427033,-3.617604167828985,-3.5560473851079824,-3.683421660059374,-5.028894246095326,-1.5795066690549964,-3.464460226553142,-2.9813911035855765,1.562063796464025,-2.4458055884341867
-2.154449845418567,-3.564595438192378,-1.9210408848248097,-3.059896967255974,-1.8685883182780894,-0.1493966805138123,-2.362465524230639,-1.4934835627841423,1.4445825178115776,-1.5241882634262787,-3.952341202074892,-2.33190371960083,-1.1184797875367694,-2.368792209272646,-1.188352812266631,-1.2640314031045246,-1.6456144746693657,-2.9955666037613136,-2.0612753698478112,-3.909388272276505,-2.997632861286078,-0.6399941185965663
0.04351275822313339,-5.305107039056819,-2.055731627063865,-3.094139831940531,-1.3604695312086685,-4.551788654855554,-0.30554400425982725,-5.860580866438857,-1.466332987073604,-0.6970619935278897,-0.4349366242567712,-1.4665383099750877,-0.8662130417956965,-3.6997563479478637,-2.6172455712135965,-0.7602401220934413,-1.1915814585722246,-0.6451036660152362,-1.5324469353899899,-1.801935831723289,-1.021563399618669,-3.97842892053107
-3.1378347442379266,-4.267493020454109,-2.5758171961751053,-5.230575230359879,-1.8694789319992486,-0.7651830075999017,-1.896743636999649,-3.8749204796860623,-2.0978239319223433,-1.8219714993249831,-3.8353212751252386,-3.7057023711347696,-0.3833536149816859,-2.594981940245036,-1.2133852870197082,-0.5207045978265078,-2.263159255493255,-2.7995975031331177,-0.559227474509354,-1.9542890493980707,-2.4999197255822967,-0.41959761074656277
0.47594577893600765,1.4749214650332827,-1.8672259664357689,-1.3746233356423196,-2.4137626305077857,-1.1657346791612206,-2.5294317443704837,-1.2296228593580303,-1.3099645262858635,-0.45386608688481295,-3.912872311439659,-1.868534534125518,0.9368847860991247,-2.76652871879833,-3.373183127151873,-3.0052460075800314,-4.205685992837831,-0.8350507628512727,-1.5570563015346066,-2.0983253641369086,-1.897800540105001,-0.9178921667094775
