script/wind50m.json
{"header": {"parameterCategory": 2, "parameterNumber": 3, "lo1": 6.000198445256149, "la1": 58.999992894266676, "dx": 0.5, "dy": 0.25, "nx": 22, "ny": 24, "refTime": "2024-03-08T15:00:00.000Z"}, "data":
[rows 0 to 23 of 24, columns 0 to 21 of 22]
1.5849222148564863,1.2505478096625726,1.2513019792061182,1.3022827488718656,1.0831309258466475,-2.8752549737777153,-0.3873968516948821,-0.7886303231873871,1.6475462758291999,1.0410902145175043,2.3905343462248485,0.1431194517279993,1.5989658071748232,0.4618017295185063,-0.5164077383498973,-1.0497794266738507,-2.411111619640731,-0.846292859854029,-1.1097053194826985,-3.341971887290679,-5.241533719329462,-0.48447188477172176
1.5785627772870396,1.2318815644492818,0.3605256610652353,1.228972308241499,1.247285595412714,2.1024948546032913,-1.37161149804269,-0.9742913955884676,1.6317414198097566,0.17940391010545995,-0.6939886646859245,1.5477626314884394,-1.95094069556219,0.8791613298708632,-0.5793624557847428,-0.5012071937061341,-0.09232791516447306,0.5788908264052885,-1.2000643748571413,-1.724872087644556,-2.116376029653106,-7.829807513700593
0.9263863524903755,0.49223518591244286,0.45224496689049215,1.41098245064102,1.0515984467903638,-2.510795849417555,0.6409939572926203,-0.4097116355496838,0.27567187386541775,-0.9266477124464108,1.4352081608696217,-0.026458882464858998,0.29948851457679565,-0.022675147018622933,-3.0159786707857053,0.382391796660328,-0.622554545079376,-0.8374753540284899,-2.933295165070568,-3.6609775388475425,-6.416412209442494,-3.1378722964157175
1.0928952898059654,1.3171779157018364,1.1872128342614436,0.979147525675125,-3.265009424533906,-1.2706811148725166,-1.2846423044260422,0.4550954862887551,1.3314920942641464,1.1475133087130702,1.8947454373152768,0.7296525432842791,0.160267108940186,0.27492506121414717,-0.04062659458090598,0.5189126395395803,-1.7849782781604104,-0.669872324642161,-2.89432888674975,-3.6786869433271625,2.139742044749088,-1.6135760242552537
0.9585703110957049,1.727681831896906,1.5932559180414414,-1.9847971135168643,-2.1599083547583393,-5.063625177754905,-2.0791252524498707,1.7777973638046822,-0.26835777459339777,0.04278783961511249,0.4309682568083368,1.4947722278877167,-2.3222901301855057,-5.2812654706464475,0.196652816013702,0.23552322166228887,-0.7325988661578038,0.09241649567043682,-4.273249865361424,-2.1387609311607836,-3.3875113455454553,-7.5658320044607885
1.5455018421410514,1.5724797328167857,1.3315631736675961,-3.65667843566729,1.357508149488521,0.7640431037460731,0.49078766118747247,-0.7306173781182681,1.3196949215334508,1.3685518170046371,2.3636945701816128,2.578045032419934,0.37646687910572163,-0.7639037203906902,0.16980688619595624,0.20300956195561584,-2.3126822165249847,-2.6506899544600393,-0.9950234990838094,-2.7903970016374107,-4.316505989964664,-2.7930329028503547
1.5320907751379984,1.0737540592711265,0.9968002333639936,-2.8831005183702536,1.155406441378663,-2.779193405302376,-0.139563797379589,-1.0036094623176581,-0.1589256870971585,-0.4490370713585144,0.7180926457798381,0.42546900183098474,0.40872302360924506,0.7943360437903223,-0.956663775411087,-1.412146990157145,-1.14684307919443,-3.6829546335861063,-1.8198868818336753,-4.426998633952894,-2.3720473069318553,-1.0152761395556051
1.751914463587212,1.9107733732967356,0.8268368003890288,0.6633845459647162,1.5164708870874894,-1.3449828351000905,-1.8443463450030348,1.7715264849522006,2.0517695506337152,2.7751815172543943,1.594347561059856,0.08299018518813435,0.13245756044090595,2.1904911824053923,-0.4637545356909802,-0.1843360395868732,-3.173430747741515,-0.8419879033845191,-4.342294999424445,-1.1947881581210986,-0.8623493565114954,-0.45825983662134206
1.7919799493645152,1.3510639089410754,1.2645087467235636,1.1000038738522318,-3.449486715823364,-4.3233861202556785,0.4631691900830845,-0.0842722083064447,0.012307009851752612,-0.4400120807608745,2.112052976174005,2.2403940992379927,-1.4308779442076616,1.119967794226547,-0.4057431100782576,0.5255914222151383,0.4877074294110598,0.06001510480407487,-3.6946200865910823,-2.902771875713396,0.6483013898918716,-2.377278795378162
0.9223623298396966,1.4480659054555434,1.39686800575495,1.084403629496491,-2.1070018354208813,2.1562793400932185,-0.43972210164356207,-0.6543477914173935,-0.3666869308475638,2.2561172564476037,-0.8863188446468506,2.7258978677096066,0.5318584696804929,0.25752656225928156,0.4630484176062898,0.29605365698576985,-0.6552794456613896,-1.010662871281639,-0.2299831542535679,-4.4984908990968675,-2.0234203706966647,-0.5242516475876181
1.5902787177909028,1.396918886838525,1.5507171466465304,1.793492648793388,-0.14433375692608658,-2.5826217700427256,-1.4422505759312005,-0.06477519094805989,-0.07973191597605357,1.1636132589475399,3.0034221141824076,-0.27861374283672896,-3.927537388137745,0.31042718042853185,-0.024162050518316634,0.31506237560429945,-1.1412928753128966,-0.6214960623125594,-1.1298525719314636,-0.24747457690720687,-6.264763877669768,-7.822066028491225
0.8636934612994502,1.016912644950977,1.6067238208402634,1.3369612720591662,-0.12638842798243896,0.7325208275745113,0.8838515371146733,0.08485214475475662,-0.11386907619897135,1.4954716034381579,1.8004655735157582,2.4269585658189903,-0.3567305024693478,-6.163263472417467,-0.1235837672842945,-1.221335303324695,-1.1453483690871904,0.24489921911168125,-2.6312495396208955,-0.533515936405823,-2.218093830853674,-0.8101945803942836
1.1668792996294066,1.0904057759572512,1.0132711362982518,0.9664169399162538,1.3676895839656977,-1.0906472049169718,-1.1722407412122509,2.1065137545848454,-0.6531154566784368,0.7858853866460691,-0.8201835735651511,2.838617769351483,1.3830811977852884,-0.5193773320499724,1.0229667315632733,-0.415644937855062,0.1199990852735392,-3.2622563178754302,-3.188137937210433,-3.4599880405662398,-1.2115286622573627,-7.3270076123701555
0.8334170785687126,1.42105450806032,1.3852240954336208,0.6828281038790539,1.0517775676917756,1.5957429858765957,-0.935005094720133,-0.6247139100836617,0.17474027953466953,0.0752461290302882,3.065156964673552,-0.2159125833126964,1.7969465104342914,1.8247058689780233,0.2155785878729633,0.26360622573641024,0.27435249339669,-2.8909092833507435,-2.2954790373665044,-3.5617631957938216,-5.136085828360258,-0.9660394046142042
1.5983782078192468,1.2168087489066663,1.2652070018983854,-3.680579311922479,-2.8294305004076272,-1.5236284740359252,0.4934634475366588,1.7870691152675675,-0.280716869231318,1.301882120951175,1.7195669054021847,0.11082502217552295,-0.2745935731740324,0.8212921587860986,-0.2778511878192349,-1.1589299314748518,-0.38910942152928346,-2.4447379771373434,-1.4388757226697375,-0.24471368474495997,-1.7894588726440992,-0.9826464240200014
0.8641672712745282,2.411100062558416,0.8800907237997544,-1.1100468702705364,-1.137573710698172,-0.679150803858289,-3.611189417734881,0.3078459570034672,0.32115812650080167,-0.07001378826768082,1.2731905991985086,1.7796671941006086,0.390064576516116,2.2321000618951548,-0.576630508724606,-0.7734188375962747,-2.056160013232643,-0.5838613451565223,-3.198499868396624,-4.749900518190405,-5.178716100656711,-4.469121901498966
1.7587299595004637,1.4561679371864564,1.550687875403607,1.254659883159134,1.3215702351721463,0.556166276683707,1.0468620822013024,-0.6934371856099617,0.17055298838074653,0.6816734264488317,2.164007107239282,2.662840475188221,0.8257593873702763,0.9724744461736179,-3.8124358789321513,-0.2670007380008851,-4.053406098525746,-6.03509993175938,-4.035946889469632,-0.919062384655523,-2.0167726750237573,-1.1088279674571737
1.3129203894819126,1.6223813781269307,1.032440776670804,1.4749440599889854,1.3181939209566362,-2.5824054838717045,0.8544166231029452,0.07665590360902852,0.532241340144302,0.1209893496931946,0.2541189680304953,-0.23528020421152346,0.5467969152529151,0.16336767618277337,-2.7380458081799373,-0.4414750671103699,0.7453480951673577,-1.2457861039731566,-2.9159157299757203,-0.7847680734284439,-3.5996306752915164,-3.3422955771471172
1.005744621325046,1.2586925705556995,1.0018093481031394,1.6630741938401323,-3.1152750865505983,0.9462949104944258,-1.1895765191683674,-0.9875957433036685,-0.7212159288874654,0.03445948466635141,-1.4751406758543992,1.769698794305235,2.0831211655898407,-1.6319217916134896,-0.34730775110878953,-0.027962102236629986,-0.5115502089945182,-4.57882516065046,-1.619407342627851,-4.600572086733144,-4.122827534077444,-2.550146319133045
0.9443071320526338,1.046647100645628,1.4126514474830865,1.2917369254135094,-2.0738437508087246,-0.9685058129309898,-1.4331850959536712,1.7410756667887444,0.3331096511644832,0.48400484191196985,0.41251798319140864,2.519198241137422,1.3940741862398889,-3.432898994488183,-1.5702390635561734,-1.0664674139674333,-1.9370592122933052,-1.8700213165339885,-2.23755174142355,-3.22425381480803,-1.9500726489383422,-6.859862199062657
1.7479540527772743,1.3260007567716192,0.15425153190160965,1.4614867745717655,-0.34556956645436976,-0.2217680094847696,0.9104180057766735,0.9360339374673237,0.11638028640758273,0.581404345904522,1.3546915890637468,0.7124343265176107,0.2616672866387409,0.5628823357629017,0.2032652268160072,-0.45843341509121693,0.15020340220862483,-1.6615718662981822,-4.091166540892998,-0.730940930428446,-4.787624167856365,-1.4928646901569897
0.8947535329887074,1.1218535913155185,0.6951398136131002,0.5322663726772467,1.6177351601324386,-1.3172519205402595,-3.656729367497256,-1.3144793504763168,-0.5940248432566285,-0.2702709262474436,-0.371714377632147,0.010995506026125035,0.5484009993548771,-0.6762272276894317,0.27479344315012405,0.20903382775468118,-0.9530936241885299,-1.0519342761067465,-3.176309754573261,-1.9621789144294348,2.069034262655489,-5.940418130036368
1.8242854733269864,1.0534615343246931,0.9277129001236961,-2.0219794342250723,1.3415398508757976,-4.640689521346477,1.0087430863385312,0.33933707608280184,-0.22077970997922472,0.4027539267309217,1.7815759619619298,2.5881232116157804,0.8859223148466691,0.9304387841687962,0.09210063833424685,-1.3001574278443488,-1.5062021370746983,-0.2469125136508387,-1.5408061568881295,-4.625499506672091,-2.0614533697712396,-4.078379159162118
1.0526534782224202,1.5389301229089944,1.5631896839978736,1.2413699018273618,-3.5996356419479016,-4.063975909912246,-0.7731140143714659,-0.8473583714310824,0.2124802476247407,0.6797572204325598,0.7032990440609709,2.397775134548465,1.4991515900469594,0.8951401975103742,-0.2243363960139639,-1.4427029098562223,0.3034861661174912,-1.1156468000586859,-2.5039579929028135,-1.3131701835508893,-1.7377684268033147,-0.7580353603587713
