script/wind250m.json
{"header": {"parameterCategory": 2, "parameterNumber": 3, "lo1": 3.000054539987559, "la1": 64.9999836372058, "dx": 0.5, "dy": 0.25, "nx": 34, "ny": 52, "refTime": "2026-05-27T06:00:00.000Z"}, "data":
[rows 24 to 47 of 52, columns 0 to 33 of 34]
-6.6847550907498,-6.14542301805344,-7.048891465400657,-6.913265779006811,-8.060703876467217,-7.254303240148776,-5.4328884762420415,-10.032635132644634,-7.211417284208101,-6.321703657908614,-4.621529305217329,-7.158897382784487,-6.586972249831179,-5.93810201892027,-6.396657099398018,-7.39745259986889,-7.125857030092842,-6.051800011617142,-7.355069149007596,-7.96108197337335,-8.220506722476337,-10.317386780090708,-8.507053515634052,-7.396723076649109,-8.050385012955763,-8.414420494758247,-9.082556247993441,-9.141090362148743,-9.372317509858375,-9.349000270115488,-9.377615484330148,-9.693422416363454,-10.253713937562075,-11.62418673681766
-5.953155577074537,-6.693138758810344,-6.763047728082795,-7.713555715489239,-9.128370674425945,-9.69418799315861,-8.756386324730517,-9.59805314790376,-8.788215967134684,-5.73091600056822,-6.759531950661124,-4.885440117679008,-7.008023161329947,-7.428251519179257,-9.113868342665432,-9.21336957572285,-10.434929315264371,-7.050172079024011,-7.193536423134583,-7.706944765580385,-9.847452710483196,-10.615728379022915,-9.8999492734041,-9.070607802472544,-8.22574192153581,-8.31372180032531,-8.897513029102285,-9.28058943255098,-9.756457633453827,-9.060827821871522,-9.767754973992279,-10.38055912956949,-10.684294159041151,-11.445224013355045
-6.568235119405252,-6.908101620224551,-7.396761524722206,-8.553563454873647,-9.310788432238958,-11.124497996306834,-9.67161838591676,-7.083076588852758,-5.149120590484167,-5.733686910229476,-5.657575932338106,-7.188507004149455,-8.322256171987956,-9.661535219670322,-10.716248474294305,-11.03874555904579,-10.60485954726078,-6.798090883429827,-6.699339196364474,-8.228935390334879,-10.190778021679428,-9.17862813417646,-9.684870515203134,-7.990443907229925,-8.172004031349122,-8.227734525283536,-8.946687667784184,-8.67392526136332,-10.225152182198643,-10.967176796919214,-10.792664804684994,-10.848586213278656,-11.185449397082765,-12.168485439507764
-6.477146099417094,-6.987344571654032,-7.941910687032155,-8.36652422681792,-9.017494716018572,-10.506284572193884,-10.470241278704652,-6.371488531762942,-6.587141143892138,-6.063887815794087,-7.832670824202109,-6.818588946335974,-7.723689143167241,-10.82927596497703,-10.177166886718854,-10.455233015111249,-10.766085892888647,-7.1078421244334615,-6.509733018439839,-7.479214791798413,-9.833488310650157,-9.041506062151923,-9.571470042658612,-9.435547903839797,-9.20098620065151,-8.375087895820823,-8.475774000958582,-8.581401370669756,-9.424308222909213,-11.694199987746751,-11.303776866508779,-11.296587642208316,-11.296903680965295,-12.865263494191534
-6.633818327964805,-7.315391770158485,-8.154268946010156,-8.625542660463518,-9.477277667038438,-10.564004317946658,-10.758269447498684,-10.141967864314514,-5.1753134463058235,-5.686550624751359,-6.7573408444179375,-9.928948849850695,-8.909236502253684,-10.543996522608179,-10.077156472534647,-10.500107891738729,-11.409159870266585,-10.17006213594092,-7.872644953742081,-7.33462627042143,-7.8787095781411915,-7.860444417420735,-7.925842987874464,-9.770935806617242,-7.8786555969669205,-7.742377549068716,-8.197135814533707,-8.323535508904342,-9.87019425875905,-12.140206503514365,-12.132834213685245,-12.377660151912867,-11.072433481826264,-12.627362601624101
-6.463324918666351,-7.275817485693956,-8.266379040209772,-9.37921944700098,-9.548245230884785,-10.259674019837933,-9.913898082929585,-12.04461934813997,-8.994413774065901,-8.25645708184084,-9.6579079323087,-10.42689454022779,-9.808525151781476,-10.231066946020567,-10.498557102882435,-10.823689910195188,-12.004158063074652,-13.765174412996249,-7.479284536962742,-8.476997609371272,-7.978531775331687,-8.572416782048874,-8.61946986548068,-8.493644402642945,-7.961903658487824,-8.0347513438089,-8.904946297324242,-7.599727727175998,-10.30350923141828,-12.768737689457833,-12.748968427055859,-11.70036412776115,-10.241831989575816,-14.343077884219124
-6.748303402569035,-7.41288919589496,-8.035790071515764,-8.9111212492055,-9.711654233169973,-10.14266192895001,-9.92336111435295,-11.87444583419905,-11.795835883417842,-9.88710199778935,-10.587592662655242,-10.937348085813007,-10.814943719334872,-11.075653568940297,-9.474118433529918,-9.487743879507972,-12.425742973354483,-12.737104621820322,-7.664333560547425,-7.534761236012465,-6.957393200941233,-7.81435006266929,-8.665101072448095,-9.046468728865145,-7.875892763666048,-7.58842506768703,-8.421497862183337,-7.655197771369203,-9.688087822843114,-14.56018335074881,-13.798261811095818,-9.975328727461923,-11.246003567224399,-14.999877259227906
-6.9876531827092485,-7.88844441298913,-8.210344480079321,-8.971796907097279,-9.951957405078447,-10.394921050318292,-11.380180651202881,-12.623998613142982,-14.076286936267188,-11.895680273016874,-11.508857088903408,-11.494870313986631,-11.581893967256187,-11.11367885191048,-8.2216513964575,-8.45831297380581,-10.745186258032877,-12.170604987283948,-10.234704957502679,-6.2841003776442514,-6.5313257347786156,-7.752645569978928,-8.030410496797757,-8.279339039785022,-8.07848624013495,-7.7275109341485,-7.461744775847955,-7.6402605083384305,-9.54861685390239,-15.637277904345018,-16.28813926384662,-9.83505516367175,-10.543552027224438,-13.010126821740757
-7.1328958011235875,-7.960992386474336,-8.667961419604891,-9.234116353540317,-10.290345654431695,-10.59799137182882,-11.861968728251005,-12.70831941272054,-13.732359548911248,-14.02077604863297,-12.974854730670245,-10.518468021621828,-9.369078726074466,-8.727064543080461,-7.8254548510438,-9.108411548055608,-11.998006452943235,-13.056299839432642,-12.932893685732353,-7.296175494824516,-6.655479716449274,-7.333360596023616,-8.020285278549986,-7.94673291380073,-7.7109626528274395,-7.526699036623465,-7.169204769825734,-8.554021054492075,-12.136381673006547,-10.2179909536383,-14.148977351774143,-9.046432708042072,-12.211684838141036,-14.093641873420967
-7.094506488900917,-7.832681001989986,-8.70472008629429,-9.606119851449657,-10.487219031110538,-11.406617493479358,-12.27140678571456,-12.96016505049729,-13.722660814731404,-14.139316864358445,-14.012826450443317,-10.503854314748061,-9.022246923769456,-7.736473162224963,-8.049612032166705,-9.527382143052545,-11.322553589189376,-11.393731134397358,-12.468981023353093,-9.402378522010139,-6.170204578179855,-7.760970253093772,-7.775840726481481,-7.96048542285489,-7.3528730541774765,-7.164770271273961,-7.2134817203780335,-8.532668162897458,-11.64278941899824,-6.354519394189484,-13.323270828891474,-10.800671706165598,-12.283632082946227,-13.769205338587017
-6.980914919568984,-7.53568465629762,-8.548083276135994,-9.492294984976958,-10.304619386186522,-11.405920162839672,-12.095918854365143,-12.852105262484288,-14.059515495115901,-14.399693403427193,-14.63771229535672,-11.369098784393548,-8.506340914224678,-8.181910006418182,-8.360638462984445,-8.929510791148486,-11.034341898535882,-11.477389925045705,-12.746287871341591,-12.701935232952309,-6.699063968641806,-5.574846424776136,-7.285406936171262,-7.552532417022162,-7.859925710519093,-7.061991749939542,-7.075370327240592,-8.774595759587537,-10.92275607392419,-5.788994481799785,-9.832334368837907,-14.018873930432942,-15.957262702212976,-12.022293706528242
-6.896376493514149,-7.501905407870986,-8.268273767486265,-9.136159231572838,-10.058629953612536,-10.897333755815454,-11.755080202667813,-12.639135237344718,-13.731773405402363,-14.320258356234222,-14.41549380268554,-9.001663238259948,-8.628117352202672,-8.758449284670979,-8.508534259185648,-8.776725366217066,-10.100364775512679,-12.224493318915902,-12.151224996607871,-12.21956371170724,-7.185718257676057,-5.224759439717169,-6.0827091923956775,-7.093362262238138,-7.201420674600365,-6.955327440018291,-7.201108884449318,-8.703262870141685,-11.97360782293618,-6.605181120066852,-8.528146191577596,-13.402449580733256,-12.556325846236733,-13.74246949609605
-7.239152136626231,-7.731418503073592,-8.420408709960611,-9.022677291171734,-9.919893219847681,-10.596926072577128,-11.24640042928801,-11.994570932258949,-12.950768650192256,-13.753889965238276,-13.940767535611307,-9.955299698287357,-8.170473279468016,-7.4589002471278825,-8.633413801070247,-11.29146475133542,-11.237696572766117,-12.573756050913744,-11.27361206251383,-10.073806402194855,-8.38857446752353,-6.288216207038887,-6.7805086895726445,-8.421129989202141,-9.78103906924655,-9.02327810887243,-7.768052069454472,-10.979155965916707,-11.918784604990588,-11.880386486074451,-9.328623409355174,-12.929315120540338,-13.08158797883978,-13.282116330791133
-6.549240650029082,-7.5080840593615585,-8.403448565350715,-9.176710147923671,-10.037617290356062,-10.490293816848478,-11.075059147508105,-11.7743324806333,-12.655862220657069,-13.091197279723412,-13.720830440187882,-10.20535019064111,-8.595700368915987,-8.878512194910988,-9.302562801465237,-10.543322484591746,-10.520631564243397,-8.43151263245758,-9.911141459523078,-8.203516655975287,-8.314611916241102,-8.224993852764698,-6.6978451057057615,-9.432182871689797,-10.444549149209957,-11.745491553199493,-11.570782261328242,-11.70686221193568,-13.411388917485887,-14.268754366106293,-10.071176449593755,-12.069300544548513,-13.260629280165784,-13.204417308691358
-6.015839740556325,-7.163420057275607,-8.222448580170509,-8.76469191818755,-9.963351446258931,-10.671612040770091,-10.850499601491146,-11.373532401036329,-12.079682011881308,-12.784285163949825,-13.418391592057562,-10.39916003592031,-8.689598879394394,-8.92005136924644,-8.02733620926507,-9.171774696967505,-10.885196717938857,-8.17811370601695,-8.758181022474597,-9.46005165224816,-10.617038580572697,-7.8121500198450855,-7.7012512268189175,-9.663632076604609,-12.752441944823255,-13.362466879838673,-12.743815397841189,-12.306259713023055,-14.214393351900743,-14.924829212408653,-9.756137347838889,-12.357008318325418,-12.374241644922252,-12.435944585100971
-5.087475159415405,-6.55808887631432,-7.4486874177603,-8.649424108988114,-9.276259248761404,-10.091211507900852,-10.984251253468893,-11.3301011580449,-11.654599702890449,-12.283676000697259,-13.246409443440756,-10.63479237592001,-9.07041195699136,-8.52012067179963,-8.29146197478555,-7.312569700277454,-10.439791367782252,-7.73947638229011,-7.592991373032465,-9.076553757489203,-9.300432864333052,-8.27455155004001,-8.73788566393001,-8.818678484761937,-11.753477033102872,-12.40526570318086,-13.155682674352198,-13.22155139840851,-14.356511677691353,-15.700727112834263,-15.484291578357778,-11.917553941204416,-12.169640595393929,-11.665351435876783
-5.095361363045919,-5.94578908892379,-6.895577535326237,-8.016026301453422,-8.878611549748157,-9.663118589580641,-9.911258117040074,-10.36428747104427,-11.201111956976915,-12.245038156798243,-12.419735156436658,-11.099988230521669,-8.359580756795053,-7.51523208345059,-9.734604303526512,-7.194723605502704,-7.992754367282447,-8.969043931061965,-7.051937496049203,-8.425909965119171,-10.865310765807012,-10.8918911716846,-10.880594753070335,-11.088623683560913,-7.222582151648568,-13.654687075532033,-12.837394444249647,-13.33004763767267,-13.914948215416644,-15.371566063758054,-15.986062498587994,-15.719533076537273,-14.740757699888183,-12.448173872422892
-7.373714301782046,-6.149686235641108,-6.574286984596797,-7.697321553009644,-8.604017708077638,-9.449606428612343,-9.938058389741943,-10.287219459332096,-10.503349405455445,-11.257910549799554,-11.668265569513702,-11.50896310034736,-8.026987641492905,-7.965478259104985,-8.383225170721518,-8.120489381298349,-7.443816088920618,-8.16391100074915,-7.4633966374071665,-8.938225144172263,-10.044979728943742,-10.521614386332178,-11.288040004238713,-11.596730373453871,-11.417078834068104,-10.693525334505532,-13.434752974016776,-13.964504267081276,-13.73401781289309,-13.70942804618884,-9.642040933531634,-13.379602749787534,-13.378098994004132,-14.43396153553206
-6.488514670994537,-7.858202942985643,-7.989019061756,-7.640089843140572,-8.41749245258384,-9.389840863557643,-9.590195949424778,-10.3049169114616,-11.295808639351163,-11.61993628481678,-11.43396395715466,-10.828077833446345,-7.921847236166938,-8.016491305256887,-7.1784798861556025,-9.198668210943007,-8.16648083600341,-7.981792343093491,-8.715908083006799,-9.06105499121346,-9.232100740486617,-8.07314919479932,-11.056070616228023,-12.218826182450497,-12.568945705478038,-12.185889106442914,-12.819036751867895,-11.504173230964017,-8.452844961632541,-6.5938625146372924,-6.391932554163795,-6.31488467389625,-9.520652482295397,-11.978902163907994
-6.565132367243578,-7.636752971021211,-8.30413224438179,-8.688645058247591,-8.436378501778837,-8.801453526510741,-9.520685228786721,-9.967498714690402,-10.255179682383172,-10.824078737804435,-11.524535898808978,-11.38138807726566,-8.642213694150156,-8.378054085997135,-7.298984648862161,-8.049810395241918,-8.497133819047303,-8.595327853366356,-7.391626452204556,-7.223955151341486,-7.35528685445107,-7.383119296452261,-9.315681363455457,-11.177047518686871,-11.67501067397483,-13.390568613700196,-12.616503556128034,-6.967689026444623,-6.1822712525803745,-5.722149250051972,-5.671604356993193,-6.170633823086778,-8.471251496216668,-8.289735127994236
-6.439271073942465,-6.623208632986085,-7.704965315414739,-8.504425348666013,-8.15825928590453,-8.459365196286281,-9.03798773426425,-9.536080830595038,-10.11226618829635,-10.837777910033756,-10.841708149766506,-10.607443275426899,-7.201755811686787,-7.790921727161714,-6.72675947766037,-6.851970507507585,-7.679280889071379,-7.777599281440203,-7.0948905796750275,-6.0632034250170435,-6.223183888326664,-7.2074149741462925,-7.091350626081212,-9.911646507561922,-8.214198799563666,-7.062006622540775,-6.569902255992453,-5.642738790534937,-6.094504455796862,-6.689124614281163,-5.950368964956656,-6.061347592265091,-6.754450487660141,-7.783024719330875
-5.44067070906322,-6.773461811247289,-7.0400093564118595,-8.261200009107931,-8.305783233515076,-8.070018021771185,-8.314849417178396,-8.549861221451861,-8.935953264904457,-9.396702114807287,-9.863392392032619,-9.97734403065584,-6.295029905765876,-7.194198467628527,-6.252438998001447,-5.8803496341429256,-7.084866839640359,-7.989231653818678,-5.914849458798268,-6.266596612966074,-6.657558654266373,-6.680160082683239,-6.543595635715837,-8.573817179477503,-7.719669460272913,-6.918347903567914,-6.726245592171457,-5.973401165648697,-5.227422050399599,-5.488908476104707,-5.603627642621816,-5.575600281018103,-6.389220814260885,-6.964487460111984
-5.83686251474497,-5.631874855064207,-6.936198236367472,-7.03638305621104,-8.194888194959454,-8.113305833286592,-7.725434387654251,-8.061214668740636,-8.503280859471158,-7.786431760916547,-8.609489477843729,-8.398196471820993,-6.908347208848628,-7.78550818863578,-6.374911602279557,-6.358001805080787,-6.121725904981185,-7.126724718376843,-6.292829047923447,-5.9827609043696395,-6.189541453305684,-6.684550620843124,-7.105452760305228,-6.576893539280565,-7.399194406819676,-7.412110926459874,-6.770963458276867,-6.212386607848166,-5.945250511487628,-5.680383820788998,-5.983355456764698,-5.6486789626764145,-5.980907781552926,-6.702578731921312
-5.472719482778578,-6.876860729692575,-7.489313661362663,-5.36250552334597,-7.093871039304154,-6.686423998850097,-6.281701600986763,-6.862997591204474,-6.508061686855004,-6.797133338625032,-7.197040749716663,-7.1715698478554915,-6.837921107838133,-6.578363976869797,-6.370857431942474,-5.9693534006036595,-5.614008257653473,-6.246366275142593,-6.687466378231046,-5.889102593466615,-5.7863926189517,-6.333281121298164,-7.164742230992507,-6.412725564378969,-7.372522075224515,-6.519197220559979,-6.128531877148088,-6.8234546306974755,-6.301940294177876,-6.236836036371545,-5.980766529970092,-6.4952574106620355,-6.224215696889792,-6.481882883410177
