script/wind50m.json
{"header": {"parameterCategory": 2, "parameterNumber": 2, "lo1": 3.000054539987559, "la1": 64.9999836372058, "dx": 0.5, "dy": 0.25, "nx": 34, "ny": 52, "refTime": "2026-07-06T07:00:00.000Z"}, "data":
[rows 0 to 24 of 52, columns 0 to 33 of 34]
4.322501359153567,6.804910194885173,5.406050040812665,3.6935555869077286,4.310733772128332,3.371770096700224,0.36334310377660023,-1.9938054700098493,-0.42037650380337666,-0.4210632481116225,1.3477645935192322,2.985674586502535,1.829824809078754,2.6840768924754257,3.876373240851631,3.122222863755968,2.351859939951964,2.6623436732222743,1.4108334339999298,2.1375539415863343,4.00357817368028,4.0815690952214,4.557199585446895,3.570257343341928,4.927762513927933,2.3075542344930597,2.544384706615065,3.382240621472268,2.628295084982223,2.6666345051429707,-4.474052586532142,-4.6023229736038616,-4.670840213870713,-4.660561109139305
9.939073805327832,9.057908977796751,8.007862859234905,6.2388853767471755,5.583246285411986,5.737087968466569,3.191758580681351,1.5080355062707347,1.239075316350167,0.6209175559784276,2.8466945137970083,3.8685240545958837,2.9936203309524894,2.905523664749458,3.608080176488118,3.9166912640820555,3.337878024695021,2.2479264207718557,2.6680744723398084,6.231299795638018,2.4360203499217095,4.827963792790371,2.792197146744798,6.760608273896953,5.9995107915725185,5.41969836638578,3.6078746756984588,3.9100118416032736,1.7135509963106883,2.5439262187693887,2.231397665959567,-4.082120873898861,-4.423889982413111,-5.42278196278938
10.791568407499115,9.826494189582991,9.552063559542065,8.446018177150838,6.583704777644216,7.02738885853694,6.018421462503793,4.722251645325354,3.130891918363173,3.80081822988485,2.627865680698033,5.246699633197243,3.73116177846308,3.853487916356801,4.49251064887938,4.848462234200633,4.819306151338882,2.10770251565018,2.534607844140397,3.270464121141056,5.873689116917147,5.207068024829568,5.098486255221751,6.63353423710967,4.498902393320397,5.876642158496435,2.61494782388492,3.3081971889021204,4.643898322717192,3.108680746669244,1.9444243700027888,1.420683920435711,-4.6251018448457035,-6.17412995372309
11.383688541236948,11.616509708628373,10.749823073835355,9.177920082052616,8.068020713984264,7.7889780965255975,7.730076576926921,6.003563737040278,5.084131467199098,4.882485845121934,5.077137783934324,6.135591962883811,3.011788520105472,4.931848482365473,3.3954062932310216,4.781118026910584,3.855370667670044,3.8574959506425275,4.470944988063476,4.071946220967641,5.660109008415473,6.436395935639944,7.075776954406741,6.232325306047782,5.6330309010011925,4.713322259394726,7.1548160430751455,5.16417754042296,4.131182553172579,2.924868492590234,3.025762907903699,1.5247965969296882,0.8862490927055117,-4.73350474806956
12.814221994302299,12.307105939315585,11.4912491346591,10.932275267947007,9.91510656390633,9.078777269085485,8.729396854702063,6.833867282249278,6.6655335300157805,6.466584552016657,6.9372674796475335,7.050011254368818,6.939338573929297,7.083653508452333,4.751762893706937,4.121047373165414,4.358388909850757,2.4874143794691705,4.849320627607412,8.415206793229105,6.416502827410218,9.236954539618603,3.965915827459158,6.240290517469769,5.120791996073376,4.846136113915845,5.490906234871329,4.6997069784782015,5.417075027792411,5.065487708147557,3.3197152525272,4.569736256547995,2.635868088816164,-3.931637909186292
13.842766210140319,13.766697545532713,11.525333017421595,11.016826313593858,10.219363225734096,9.16667103560844,9.722634251700034,8.471205376129795,8.17686776857987,7.642813588622346,7.434070116451767,7.33301271349923,6.125675076566121,6.243124210209413,4.04351385077633,4.594944989668645,3.726805326853667,4.587013377351125,6.49981657385718,5.632343033777398,5.2264201539559565,7.603959392545764,5.9979031052803204,4.937898995935686,5.221636585579897,4.5882744094971555,6.101357902086284,6.152463341997748,6.218706290406404,3.3934816799001597,4.477598704791645,3.382769454653948,4.389089024866881,3.1181217789702202
14.515512264622854,13.091442011506828,11.619475981491208,10.77182292459541,10.647357970214697,9.682577577715096,9.8298349515733,9.842418570995351,9.113899840963594,8.12498969994953,7.71241295270847,6.560665644907277,4.50455743492507,3.8816802520344713,2.9107089497451706,5.930657099457851,2.8778365304208653,3.890963922174617,7.308404894042786,6.242006869000077,6.12104171821256,6.1213359926879045,5.032521321755174,5.646748046776027,4.834705196683712,5.2764440580609655,5.7562535126126395,5.408998783771583,5.8624815664453,5.236740273382918,5.880394130115504,4.330598481760394,3.9883053730925613,4.484171817628319
13.093279591337522,12.273281929177205,10.788695909823497,10.769049368180774,10.369312780634479,10.085784755839134,10.207696228907835,9.974858894789616,9.723359993509504,9.564655241191023,3.8637112081625866,0.7543235568440528,2.6872281995097103,6.323964126531792,3.52303311667937,4.2690277025266585,2.552997771521577,4.6522859271198795,7.548184933303432,6.851831505778326,7.47949015141601,6.448091645628953,6.155057809061421,5.584205698187422,5.56306299274465,4.728127098419882,5.791865517043745,5.666047545149648,5.636373014337257,6.383516985621971,7.751295156062418,3.8662164851198875,4.633946000982311,5.668874461373786
11.854982723971558,11.279863959704638,11.057550502367345,10.563126285673343,10.043638944011608,9.906710272493033,9.851655588983117,10.13975967665878,10.511478251588473,3.5374395717494322,3.621861335984317,1.720961496305612,4.145261724000061,4.725723522984028,3.784556294365289,1.9431440607531152,4.75976872520989,4.982863487513495,3.4982268129477445,7.855444192464526,8.128905798522991,7.1372572438188175,4.575664405346831,4.660681009151923,5.8347238180254,5.37463852217239,5.492112677457635,5.56613566124013,5.2629512628569035,7.608689184119478,7.78706871290021,6.993866140268379,10.51074585276514,9.08219407547164
11.852801498063352,11.081251245539054,10.521497106192951,9.620468004119147,9.184835572499017,9.517381148044606,10.210811519197899,9.215356177010307,2.914210484736741,3.58254656681215,3.8618140638770257,2.488218324642882,6.159910348740033,4.9423923099379365,1.2634797240437885,5.027668013451173,4.557383419095011,4.633082842593197,5.057568164659678,6.202165473640588,5.9493749644380385,6.739416380055209,5.274543800956728,3.108791623426457,5.4570081389883995,5.984155000002907,5.5920261263427555,5.977120642620217,6.5731068029143795,7.245717660541797,7.820302161606464,9.278801423558013,9.284366326801125,9.839797287687066
10.552240128312215,9.873079337018158,8.990867234431523,8.669708782423976,9.000549428428105,8.700115470339247,7.4074030404673925,3.7777701666442,6.368471404236774,-0.47561142316566357,7.126366564268455,1.7770382196659102,4.265248321884525,8.368369345152423,4.273620580350854,4.354664338495136,2.24337874490226,3.313661498801023,6.192915590694345,3.96843980821751,4.468187848251287,4.998427764903795,6.309036255322759,4.296054000679483,4.43862274579927,4.800475675668888,6.11100879559938,6.305145252884481,6.560803366943504,7.517606741026365,9.112979965602271,10.186281872052136,8.682708415843337,8.610826270196148
9.160775494080903,8.615346126865155,8.431418786082556,8.299621193580967,7.38719537319859,4.218696419727658,-0.14476985290467642,-2.4804050695466766,-2.333975482007327,4.869449943829165,4.662673358819813,6.854529356345358,5.194358549813693,6.392607847410369,4.351304211280995,1.7802055069400058,2.563908283870995,4.559537409935195,2.080044920745511,5.622574722584249,4.262777303158694,5.531397773230863,3.4798728126764082,4.184329584869689,3.6800451518440953,4.815742199940225,5.553879156720381,6.079022248756268,6.095434910819245,7.445385924133413,10.623885367879842,9.43175678153592,10.35825624106408,9.955892033419602
8.03899295234996,7.903553026642383,7.363727688736165,7.241304146640862,5.576818002386071,2.3834762471893627,1.75381494375851,1.267691357647186,0.46954409674775016,6.51327708832091,5.055870478031692,5.977801387832131,4.996377442452067,7.464853703502884,4.210104469075477,4.181203043640549,2.785792134156638,2.1665383737848445,3.5728374523308464,3.1483593397785525,3.3720268724402245,4.061816108083155,4.038536833757151,4.623238083312502,3.6634753610195294,5.1454283148687034,5.336298625095702,6.104142644565897,6.646582001302198,7.855334456654293,9.688476276562113,10.539998772254965,10.414407095780309,10.375895070941228
7.003600038068635,6.78856167724456,6.226380087759994,5.529137467303876,4.101892788728184,3.3185297698039085,6.755828747397315,0.8843253102073448,4.435503655553653,5.370877412055389,4.597437308419768,7.810364730028131,0.9416062835300358,2.3162679191448903,3.853802254753061,1.7953789334763133,3.067245613571004,3.616508580932248,3.131766135723097,2.8926538448025254,3.3011598493042738,4.489804940344584,4.111822753681506,4.418522666916131,4.663291022344366,4.074310469486494,5.927023798342583,5.883561683501036,6.505721949164326,8.325953924602848,9.955496937185718,10.11469911929527,10.225847329597133,10.278430949708618
5.990973334188072,5.703367806953588,5.182403503678158,5.496714408014343,1.679830362287422,0.5106090692139374,-0.415602644981786,2.5876429963831202,2.190044658877305,3.6789876859171233,1.6123962620194165,4.334018425426587,6.793832127312991,1.2196811430069212,2.116127207712624,4.845584662545914,-1.4801126042128006,2.7288731086520808,1.2603476646231717,1.7460123020105383,2.2151258794869837,3.6091107870744015,3.659111047237708,4.385881772128359,3.7187778220963987,4.559207927051376,4.863336267482211,5.821424555893293,5.301205974693956,8.152596977183165,8.933996645296347,10.01747274806778,10.411646754418712,9.897385366889214
4.969551052568657,4.189283736962857,3.070609925129334,3.987860759473793,-0.12556555590720922,1.3567379117074774,2.8368001945474526,-1.5372374426356998,0.3889994460582511,3.3815736880957945,4.794697172753116,8.332463078805954,5.963871447223952,1.160326468394836,0.8556976135925436,2.5481544613343856,2.934843662610458,2.0643502839157684,2.5897514433311972,1.9696253745400671,1.9077269384013211,3.6054079238874035,3.8982645277962633,3.206696080998025,3.0055989196448585,4.342366005578212,5.4487208542014525,5.834572446675177,5.6705757313915255,8.684381595072994,9.9645908031775,9.490528156376218,10.31417811884323,10.152713192455922
2.39377297782651,3.9671614500416474,2.1605950683926314,1.7751822893238474,-2.2916844635278153,-1.0353573533114222,0.6533806386649904,3.2138121083547193,-1.6439155578824176,1.576963178805957,5.2824997866366985,7.061233204016334,1.9658189495491865,2.179820356876642,-0.03205352061007743,1.2239229789668884,1.924640539204431,0.8472801004640355,1.9899869414824307,1.4063460614601786,2.398917230293339,3.158725932969022,3.232157098580967,3.8224257234803116,4.047789262598979,4.130571809647526,5.193962518174718,5.05396102878743,5.424055065304365,8.079554891344298,9.806245564373013,9.666972858349633,9.861941759098364,10.036868379966391
3.5546598547046067,1.8076206925631977,-0.00013713990729324606,1.0278189777842925,-0.4608619705831985,-1.5106131547097783,1.5161381536559788,0.33925086765538537,4.821118013843543,4.574164230167361,3.5440227102568493,1.7945556476666362,1.8562132696852152,2.298443132617161,2.3288021110810813,1.522940776648075,1.9339824635838425,1.4910731029637376,2.0416341022233175,2.086125922834485,2.009697855287652,1.8611821097040995,2.512032264101655,3.2692486251539745,3.960237500547199,4.159192696956644,4.98293042023857,4.672313830709404,4.660663291514319,7.245509827060649,9.395201259992009,9.46263540060902,9.483916798779216,9.934694189059385
2.7824189680644458,1.5089915290570082,1.1680113266990266,2.9390025256699017,-2.7773293365184215,-2.3183169627512137,2.203002934666378,-0.9072145928975208,1.2724857712524724,5.2787408269930305,6.104749736076227,2.255196413013687,2.3954810468293304,1.5178837130545557,-0.7463722274097876,1.2829673365263563,1.9532010493789502,1.2834819155412251,0.6306914978076802,1.2991524962668823,1.0509699750917336,1.4690349204041055,1.977008495955671,2.954641555773574,2.394922555328062,3.841886767209765,4.36197217580299,4.909135234345849,4.394971375212841,4.67478713061876,5.750137653822092,9.356015080973393,9.545307599776898,9.152286675010789
2.288665531868688,2.8218605299072084,2.2095742677924917,1.7177212563376283,-1.1382787432816754,-2.3319976138611307,0.2112576351220968,1.4147811787992786,2.7373038341986087,3.071388884753798,3.837883869272298,4.230707755556467,1.760784693304236,-0.30393298152223297,0.14359246519324537,1.404221796124704,0.6244701560287879,1.2520468546187924,-0.4887347786549861,1.2303775247412911,-0.34295052074546645,0.5336435686572822,0.504790653806368,1.6724229890616802,1.9680394743491216,2.475056981861759,4.170344595077803,4.105686717589766,4.197274297418124,4.738000624279528,4.618143545388073,4.467643594926985,9.24032869232321,7.20987715604453
3.068868507311453,4.441009767164128,1.8284188905265468,0.4975534360699286,-1.1334775171064346,-0.8170475169566002,1.0129448998861095,0.039046064715750985,0.866659880257999,2.363012478720963,2.938656134231763,3.929045064678807,-0.601739619239526,-0.3134284367227962,-1.6760100876950732,-0.30561920607503423,-0.6982038862358456,-0.5714612380357857,-0.4808498778788144,0.15954346480665735,-0.30735485801537754,0.4607385617548634,0.38724475719236107,0.7410492306893144,1.3925555970886556,2.2340258782589726,2.9579115082461307,3.465518963103037,3.911202202395944,5.059464868158347,4.735095715938449,4.401601058295402,7.27319927083913,9.171077163626336
1.7726312917666252,1.541037375193569,1.1229652684520672,0.12133230446984997,-1.3915528712824066,-1.2874236318085044,-0.41201725568848063,0.1419533377616437,1.9065141674582127,1.6848314991047066,0.8179413658438549,1.1577415036787826,-0.43420212799155194,0.6575167110775809,1.6195278634314743,-0.34007442580906877,-0.3686799449253879,0.6096500511658693,-0.23694834197304154,-0.6082576637801725,-1.1915421106086106,0.019985267586398115,-0.9087807986728363,0.11949418761163456,0.842314552137419,1.3472778509479792,1.8145287855512227,3.36333279553057,4.120276822181149,5.114442426860087,4.968662369102405,5.023905861035242,4.8209343744830395,8.800366175560866
0.4797971521584169,0.13464893723818824,0.349703062716344,-1.0461457109702454,-1.6220849136918742,-1.2614476903312648,0.05109462515463025,0.016432464515649815,2.9742616034166582,2.8562655409550715,1.128859424971816,1.2695861059356743,-0.14243756793666276,-0.13036727541404983,0.9215576228493881,-0.33630940298740924,-0.4476455235012921,-0.5140702642767061,-0.4419500940708813,0.024880865427461075,-0.4060382552990766,-0.41739067826511894,-1.4511156786055202,-1.6967994824235781,-0.03813326355514433,1.0798401309912733,2.0505160914774145,3.055579833369303,4.276076643741878,4.88966145367759,5.214280919650418,5.084010468679543,7.126271498442942,7.5947082393567005
0.46881900961096207,-0.15636203948743035,-0.6969007495689628,-1.3759948953691163,-2.368633334964101,-2.4206407270632124,-0.8170845652458271,0.4876902824933877,2.4993846884465936,2.503868306145875,-0.9057686442486543,0.8386604003839614,0.49296733050007985,0.43825878420708453,-0.33307669952238667,-0.5970843684512742,-0.9694503260371939,-1.188027079154313,-0.833205547299147,-1.7616617637821932,-1.7340405554963938,-2.8665078074463635,-2.4742787646405753,-1.0502524286860475,-0.7611486964902944,-0.9580642346702423,1.2621353463599816,2.9685003441714723,3.7335405918247497,4.398136537936285,5.2774516512556415,5.278123098011948,6.168624450161269,7.6391444654511735
-1.0520145157663248,-0.6734541495506124,-0.3788719252121176,0.07446586126794015,-1.4692389912512838,-0.9060904616339975,1.2723993343883788,1.7516695998946519,4.098361806758567,-0.7597627361946497,-0.2137944557429521,1.40187414644276,0.07371597110457037,1.0899805671868399,-0.3588397346798407,-1.724675915541945,-1.645399781542385,-1.25331593180429,-1.618261095629297,-1.6941700345176205,-3.858129228889682,-5.268143103787166,-3.523900000827546,-2.5677636449233088,-1.419814402194511,-1.311762346947544,0.5000972879193241,1.8147552578850787,2.826874275972017,4.008673705498852,5.343296721382074,6.501824378690687,7.549589088978851,7.410241169096093
