script/wind450m.json
{"header": {"parameterCategory": 2, "parameterNumber": 3, "lo1": 3.000054539987559, "la1": 64.9999836372058, "dx": 0.5, "dy": 0.25, "nx": 34, "ny": 52, "refTime": "2026-01-05T10:00:00.000Z"}, "data":
[rows 25 to 49 of 52, columns 0 to 33 of 34]
1.2486137004648312,6.460875044581332,11.178250444434074,9.767927676482264,8.483903875685776,9.64054696093441,5.7012214831691725,2.5926243059503373,1.969063537810496,-2.127521707192482,-2.2479776108494995,-5.139128399025139,-4.415250617487602,-6.628340280283632,-4.211160497863207,-2.3074103889518853,-2.0970673892038407,0.7659080907029675,1.0476366781513218,0.42398646552043,2.815568898423912,5.2683565328102855,4.2455424146291865,6.059052243645238,5.114577783854685,3.346552424390338,3.2516008444177613,1.352980861033797,1.5365233946381363,-0.07097584675700315,-0.08915683125928123,-0.24928791443228682,-0.2463886610635473,-0.5677429920187911
0.7631238497105706,3.3662359795211363,6.340165260891755,7.7211714606864605,8.010466121810698,7.671859525757945,4.125035521466691,1.8324551773228264,1.619948293656608,-0.7727142319509069,-3.5143010442508027,-4.532482374311417,-7.257428908899749,-4.370997255109374,-2.9064833734425966,-2.2893369293743207,-1.757249726254493,-0.8775287198854431,1.3040798640078974,4.39767105027603,6.566015498620961,5.793416566623144,1.232401739630755,-0.6074123764141309,4.193030590453442,2.479827232753718,2.2043646374656096,1.9691454710474714,-0.20202540765589613,-0.07822748000062557,-0.15442697774325542,-0.08910589568873484,0.32853381707049756,0.6045222890488179
2.37351978710042,5.949591104942114,6.8383302103395875,7.168247119717076,6.584228838170064,5.703954376189216,4.155297442861437,1.8048842530775198,1.5729849094388795,-4.363818308561159,-4.953004744837108,-7.674043899363438,-4.748478773959635,-3.997448930759091,-2.7452655186294517,-2.1424988976584562,-1.0147073938656799,1.7058279947398245,3.8205226835649313,5.5919022514469265,7.06263730218969,6.392170891545914,4.6240231520122865,3.2244652365061794,3.8640639352227373,2.50615758219041,1.2284842842598604,-0.4677635916444009,-0.23179291562287252,-0.2309829632588639,-0.32429130288292113,-0.1765640945554224,-0.018684283575679576,-0.6938682856709493
4.518271732463175,4.892356903332299,5.237852707663521,6.015058229999915,4.867792753328446,4.692023649319759,2.3198024957351118,1.3378630667895939,0.4902245731742997,-2.614762387619809,-4.543415193565519,-4.443181053171409,-4.041061339981077,-3.6902406111965926,-2.3123517536410576,-1.3057261614788886,-0.005887438996516136,3.824887087796878,4.167926932678926,5.615219106461536,7.0249879241078,6.225334813513711,6.115137733144954,7.029350173304221,3.393778740322708,1.1998352222466653,-0.2758426163600708,-1.0452505429481596,-0.20563501754235358,0.022561883285028447,0.1626947985824561,0.012953706706722036,-0.0045452717590189345,-0.15731702033859865
2.4463468900591465,2.981840127482991,4.138447570244091,2.975942013250908,2.8600050732257456,2.494233315593002,1.7218962457450746,-0.5928032707248625,-3.0107944910683084,-4.771298325440357,-4.300181320540965,-3.9164708209972385,-3.281445819214592,-2.675574663922608,-1.958949431082559,-0.7725269306550216,0.19679937750437346,1.648445851328,4.725480804510325,5.176688327953623,7.168485481507753,6.145270583342675,4.880366787507532,4.492071882733287,5.610213839331065,2.389150680106256,-0.8278158861554374,-3.99700406624707,-0.30280479876630206,-0.4513742640409981,-0.5530802158103146,-0.9916543710106679,0.3387231300346206,1.0430895352710607
0.28376198435950967,1.213158462179298,0.6288412636864907,0.04593859569886319,0.9274558664734058,-0.1215076701150002,0.6670126185967852,-1.6457758836440843,-2.1728708983551486,-3.3000972765481986,-3.3029387333861466,-3.360461855234887,-2.6814689593089924,-3.360316733069412,-1.303347445890958,-1.2806811526240691,0.38120738324651715,1.7540505033040599,6.35423908540603,7.100797133239291,5.495768214635729,7.382483566288338,4.795752936524235,4.1321864990663935,3.5881104025001895,3.3822186749637417,-0.4877675172834958,0.9601515709100822,-1.8067288848201335,-1.3513039421623636,2.8521477420817636,1.6015963268316713,1.3780015664197756,1.1375400263169297
-1.7363215683800857,-1.4909592756883059,-2.073256426897541,-1.9520900267717411,-0.7603588166714393,-0.42400126277434924,-0.8608459941309836,-0.6118178936114651,-0.8502296063144213,-2.2982157999890527,-2.8171249534096967,-3.2242817186611297,-3.8225928259088624,-2.554170369115966,-3.8237384019842438,-2.089851054947304,-0.06743733516522558,3.1828416350537094,7.563779651321032,6.022712150260704,5.108286262541477,5.164594136802165,4.980538859265866,4.264940317085848,4.494494722986652,3.494096582623819,2.8475909950241944,0.16487194034480285,-1.87097173757804,-3.3006463906639048,6.395178907002992,4.7002482690649465,4.932870697292934,3.542161005240703
-3.4753831017979206,-3.7578951247966548,-3.8155113607242663,-1.5816517639516339,-1.4983842144956325,0.5488125479742959,-0.4963530606340838,-0.8127902607825179,-2.0076180635499714,-0.7550039514515157,-1.2207675444348374,-3.1500566630089653,-2.2930082321720433,-2.0018602558448917,1.572933221796152,2.246928176270879,4.356226423705321,3.852529718153592,7.251262889439363,5.364042395721016,3.9749036034557923,2.9278984355246584,5.695487485331013,3.894665088115067,3.5002859365650623,3.651202139660497,2.0793495091718657,-0.6318886213101544,-2.5686004171415306,-1.430424052557711,5.69708025750989,4.599752539608055,3.201027480079549,1.8388444993938025
-5.748186946118103,-5.9015121884868105,-2.8495896707186885,-2.897219178236234,-1.9553048138290972,-1.9991103698794794,-1.065424126582177,-1.053338828643503,-2.2586893342012067,-2.1811141050032767,-2.6301919398450226,-4.435873175679882,-1.557495754345185,1.152496521244979,2.624330527326004,3.4533311068609542,2.7329753740918052,4.045712704616134,5.237955768264328,4.9777508459897515,3.779281858686209,4.079902919373544,2.4614948194391264,3.63557166771446,5.346333302476765,4.8130544848973615,3.6446997831094206,0.5212067993282969,-1.9731228527677862,-1.880184491644976,1.1647455576514676,2.91582693187045,2.692517896394001,0.8169729441575182
-6.183885829530605,-4.480035698898463,-3.765982590679648,-4.16406210107442,-3.2145256629571186,-2.009302134979146,-1.7563893832190844,-2.275718958760341,-2.2526540575219225,-2.3256842637408077,-2.5752451026629064,-2.6135709530695426,-0.6974816758492971,1.7478416219358832,3.243065027916803,2.8580772402417822,2.025437684964153,3.187617526008699,4.682563310633352,4.981392945689527,5.729813601271142,4.657884736634093,4.4214681009198245,3.641229806979194,3.4068218443921974,3.059017153096963,3.5324263720469222,3.8062402364405243,0.7015840035692652,-2.4401393616840585,-2.465813991290316,-0.355486886372871,3.068696676868046,1.4665662370983499
-6.3600536804325705,-5.717727731470077,-5.359223852330439,-3.8085575539367347,-3.656709921802543,-4.130627045204133,-4.060532504551076,-3.6272191544465655,-3.1540786423519926,-1.8372052639940704,-0.75614881096398,-0.34348314546173214,0.8684571356541891,2.4614736156721326,3.5477470937503712,2.8867326922222625,3.2669631950275253,3.6721418011620868,4.224040663676746,3.0215956092311513,4.52705227661091,4.61017403742256,3.9520056948552114,3.065869214307618,3.1221937272619256,2.8224795868680097,2.136496365003084,1.9100504877164441,3.0130751956398982,-1.481104678848968,-1.9059650983678882,-1.488799615032258,2.079801501239119,1.666095846466169
-7.206506070800691,-6.510212113181209,-5.394860556820154,-5.85884332102806,-5.273043754242532,-4.596083270585794,-3.683242180674697,-2.7479283473938825,-2.8988487084903554,-1.343843531838749,1.1202980287459872,2.6476233973205128,3.8495781041302717,2.984830648623455,2.169047783391875,3.4781673429750066,4.816342704420972,5.856772328983976,7.70085838954169,6.706951326767494,7.724918325429737,5.799732956152653,4.093014530300005,3.139724100962576,2.021313494162669,2.559640994859027,2.811656867385726,0.9548301460343089,1.5902570239571931,-0.4508729127312654,-1.859469873546151,-3.109338317060141,-1.7135180887518557,1.0743542268526713
-8.446896535362443,-7.654241498458734,-7.8641661630394415,-5.3971198308200075,-4.22442057832931,-2.857360036877268,-3.6405598412275952,-3.047364868415916,-1.5341829443470711,0.47177515113228474,1.0002284285773353,3.0929037059012856,1.7804591121808895,2.31485361342217,2.6096114115584435,4.680124385333933,5.251006222067144,4.611304541263183,7.165159474905879,7.427902737547505,7.638743500724693,7.2859466750485575,5.949747812101567,2.7122314598339607,2.9361774838303996,2.284406756726388,1.6021694279164924,1.1953141006852728,0.2086067398313052,0.43531350821194825,-2.3817068059768842,-3.6547857753037274,-2.825064050945588,-0.6026553322247694
-10.639133859785487,-9.785958303854207,-8.04831046268688,-2.649294419532103,-7.795074514222737,-5.563993191912535,-3.8571533912757654,-4.019769290084749,-2.125711531890029,1.0400785637069938,4.464878675619459,3.004383635578004,4.797812894815295,2.9748919459925154,4.203807624183905,5.259141080861719,4.231205560167788,5.346604620832793,6.484179957478905,7.9761633720140415,7.934109041144128,7.065542682980877,4.7168929269565805,3.4270009093946356,3.5197898039335658,3.3366083953336134,2.6268214440501976,1.3683871089500779,0.6350794158025288,0.0581096145568338,-1.3406354045883084,-4.693108021183335,-3.297006662177231,-4.670371643090286
-12.603774904728713,-8.826067795601913,-4.394413292168,-4.887450230985213,-4.484622965972666,-2.736339654262588,-4.030678763487742,-1.6368302544371442,1.1725253847797092,1.3222315720867144,3.5357478009415195,4.734615974909344,3.7211244855323775,4.932175495166348,5.865809637094485,8.263803832150913,6.704084995773629,8.867679893030788,5.089600944442058,8.302800291198759,7.696516941862125,6.383625612584351,4.161787398900205,4.69006242787593,5.466779750487833,4.1630603989096295,3.6287085480242953,2.3542640515682156,2.250692720178678,0.7923772288415812,-0.27073693204612437,-0.6445348180062903,-1.9228445200174797,-3.5226290565365015
-15.688148341279799,-7.2529944557689,-2.1481530840482392,-4.142537259437598,-4.787422930932551,-3.859849019187271,-2.4871187369668335,-1.3243184197411346,-1.5235489294108113,1.6845174090190491,3.599047831584271,3.378706885394617,3.6420609988831374,4.828849316534523,5.837475205306626,7.349206256626356,7.330244865067186,6.891902100998188,5.550829628149352,9.9189551604164,7.141885762820925,5.83609986784755,6.465470733298279,5.636473678850517,4.982384224942311,5.849829313704672,6.227482040181335,5.18038865367338,4.448499526765925,2.921627404745194,0.4532071120151901,-0.4855173514029301,0.245290312892885,-0.6598676848470836
-9.519712015750255,-7.289510073974165,-2.6800387936535106,-3.4569628131647265,-3.217549570303177,-3.751575215105133,-4.491257203454173,0.2786988100031715,2.4355542625827344,3.0763400220770896,2.6655237865681416,2.7568348434310836,7.050575294066121,7.964018016399303,5.023280593295053,7.035831261172405,6.565558835702046,5.990553621139959,7.066640324658614,7.3783565701374805,7.231975082641707,5.707468553381893,6.1255905176644845,6.3761984375897836,7.204530286438398,6.985010203019191,6.337683043304384,5.860252280125339,4.472546453672542,3.5264417631425142,1.1655852569442726,-0.2245067555468671,-0.42010433514586537,0.4665998569439875
-9.403635128019436,-6.612504012077649,-5.827803715200529,-4.253177644827164,-2.9827011777191377,-1.067823094196856,-2.9380776652479423,2.657594859355242,4.448344863905195,2.777134859240777,2.3967660707947593,8.785247310005106,9.861227471517378,6.723467969667183,8.027559096458718,6.5284960558392,6.388836304717156,6.010425615891419,6.963396777930897,7.226435079148677,6.0529259681275,5.73544298660588,5.922033610319208,6.731023968013016,7.023352120662956,6.99931638605321,5.914441974973671,4.459718594098719,4.523691752141032,3.055287901196196,2.3697026620405937,1.3210569460974901,0.5413039118151075,-0.6925305736299916
-9.023997551781765,-7.464350691612016,-6.479059027042231,-3.6474506770590036,-3.3295614020919575,-3.595439918363776,0.6085963476946523,3.4293336734071205,6.660900902225411,10.215384852021266,9.818621042948543,8.804526367311851,8.401599903906892,5.220514648699956,5.8822525229681215,6.052601026047577,6.909001434548225,7.540425694069183,6.715755389203319,5.942758636029171,6.218169650568878,5.810352063160747,6.0331634014883555,6.252117155736068,6.750668530809595,6.835692801168974,6.933656007725833,5.896310746331104,4.76555173143495,2.5675803000546855,3.1716900013581006,1.6739075768596055,2.359375057444058,2.29414122015474
-5.6949317715449626,-7.45859188642564,-7.548776594161653,-1.0331065705282714,-1.994555708929713,1.006034627375302,1.0455725687500366,5.156803932698428,8.90012398040847,8.800306606915841,8.21016172043706,8.154285001878508,6.630502225493957,6.101781750112772,3.4397453683709602,6.533892165121015,6.535785727792668,6.682539165658449,5.40125701618391,5.4945153433184375,6.164527091623951,6.309106637403422,5.639515148851138,4.0256232160806835,4.513204393127844,5.386603013253777,5.6304339758852295,5.346168498174601,5.482903942044299,3.951094221211968,4.394269189612068,3.2371472351113244,2.897513504063806,2.733336358717546
-5.6361570706718815,-7.0780037348260745,-6.8841579808792845,2.05722745881413,4.410332071202107,4.954559313492993,5.338008719790859,8.929627195638137,6.733500138376722,7.422520661918208,6.848957723983409,6.983993366944712,7.27843396511891,5.4024873348621885,3.4413429686985677,4.551170693383026,5.882184175204974,6.192856843322822,6.230888330668695,6.333717380113848,6.940430231123139,5.061878143724954,4.894314292143388,3.07250619417849,4.689768536559411,5.275283215947473,6.5297949448207,4.493681519236891,4.530871951827959,3.427199940437286,5.49532407270679,5.042554920332393,2.5066233432552254,2.9486331238535
-4.829650054139986,-3.0982628600959154,-0.1917881697641358,2.8358362653257294,3.407472669899358,4.129245779493613,4.935692120022157,5.435561210471539,7.720471807104039,6.813937248803233,6.149848738822462,6.080011608741939,5.507677765169605,6.39322038786412,1.8996118524141614,3.8411598043705153,5.427344630710197,5.27927203571264,5.712970801855178,6.418092078833118,6.510297137145334,3.23036681557316,3.507263757933922,5.000097810890022,5.02323752809925,4.651546423667276,4.671593607711425,5.084314487578182,4.627619179389424,3.6203446861783295,4.129783294559626,2.7341063486487722,2.805855498305106,3.270821762008837
-5.5908444745641575,0.0059736536041712345,-0.23050892810726026,1.6847464969470372,3.2607482279233273,4.952987828704272,2.8101797897761296,4.57972454159028,7.2961524007374425,6.601074582191928,6.7586874671319945,5.741383221085125,4.885059160506337,5.8560553014678876,2.9805592852566902,2.8713797229614753,4.620162583766865,4.137238968909215,6.154978762178078,4.543746255434601,6.19023760281561,5.786962262523619,5.234333052119206,4.114794952569665,3.8198727891378685,3.278387175612337,3.5811801993916927,4.180067086602942,3.1446314884012954,1.3735315126608185,3.1132387244502167,2.1672891193190638,1.2164761507924768,1.8283908659035386
-4.332674589190544,0.21484464348098492,0.2144182591127762,0.5945643802087515,1.770010362620706,2.3851922608418215,3.0165987240068497,6.563807197791838,7.837080240907515,7.730972989817491,6.140258231610462,6.311900175578702,5.5822999034121,4.727543034013962,2.15794927877983,2.0407513433662605,2.2205862713875097,3.0570275233203943,4.986047063633024,4.333968220803459,4.293792577629182,5.943399980146099,4.20449795510806,3.981729889269891,3.300986141011863,4.17547754831771,5.364475712701183,4.276177864374992,3.456152293995031,2.0727145069097968,1.0798663153290216,1.0672356381198673,-0.7384742757621025,1.6101208634678106
-2.5502479046240367,-0.3129334236859121,-0.37761017213926085,-0.17361280954175953,0.6441482991283295,1.6819438627036545,1.4295155906687056,5.700533341193796,7.514532900734649,7.152243207287269,6.438040643411543,5.3318870700944565,4.921014635281978,3.9753707249770747,1.8515989330714566,1.6126047772544931,2.0367595817922775,2.7335059645137,3.2509597050927272,2.89553051057842,3.7403099126409423,5.443664229000444,3.5787207178847114,3.235211589201454,2.4481490865435998,2.2665580935036607,3.6749737668332276,4.313830092436121,4.6727283262974435,3.585519611206493,2.868412651060532,2.2091450256015324,2.066647046741563,0.7820136252412663
