script/wind150m.json
{"header": {"parameterCategory": 2, "parameterNumber": 2, "lo1": 6.000198445256149, "la1": 58.999992894266676, "dx": 0.5, "dy": 0.25, "nx": 22, "ny": 24, "refTime": "2024-02-06T10:00:00.000Z"}, "data":
[rows 0 to 23 of 24, columns 0 to 21 of 22]
15.796757890387099,-6.970935196879652,19.979362463821424,14.898307630597344,16.912063543385912,18.02151202752847,17.55059974618443,19.624134025532097,18.500977995929755,12.944798715171903,-4.848615061644805,-6.949505623534618,-11.655598367336507,-3.84347796593472,-5.220656685256027,-7.039774583021143,-5.250167734048664,-14.567096741707259,-5.060737602010908,-7.571491751692937,-8.112041256559962,-7.577892583042005
14.770427268822601,19.521140474087957,-10.65250548572684,-2.023711664878775,17.331917341466816,15.06106721994316,17.773454501250654,21.81715043012369,16.16367504258598,15.762653831080874,21.19442063694801,18.73017747352826,19.051040429814357,19.710289455213562,7.285171201993588,15.648747881340736,19.153633177664034,-8.778133796398016,16.602439848913356,-7.942428990208949,15.4421641530192,-6.804910448957763
-9.360547091874906,-6.69513717303789,14.597235820859984,-6.852579696200774,10.787541801307347,14.774746827972985,-4.887957531786535,-3.5431202209136146,-8.920723104595941,13.573182372213347,9.391689594459686,17.82403702133534,-5.216620938846842,-6.883434448094615,16.733531108871393,-5.772852203804677,18.51149995376813,10.357281805502305,-6.176657398516424,-7.340192592940385,-10.194607285570669,-5.317747400817153
18.08845249280977,21.991261603633028,13.354995208198984,-8.380281612922722,13.259543245255418,17.37927492295149,11.932084865948,18.625548337339964,-6.743881076095067,15.359680605754217,13.984788643031951,12.553493080708277,14.90953052777131,21.358993574189885,9.174485365592899,-8.010084695525661,16.532544178640823,13.01641796809436,14.659291405283195,-5.619826290232435,-6.7450786191896315,17.47278885575266
0.6823577990115964,15.673379638101059,-7.232861907556186,14.590087020468848,13.615494722937205,12.801716338857778,-6.222527498048192,-5.745117059675769,7.942763089008313,13.119066917263764,13.088574133648965,-10.829490205541264,14.710619954921597,15.045545699295912,-5.697774917849966,14.163961212331778,14.558228028954343,19.68802870176976,-7.469194575386826,-6.066787200220282,16.61127009988527,17.931859904529862
8.067595316191245,19.386727449808653,12.847508000692638,14.913028748838949,19.624619287834037,20.401154690857872,-7.438403764879218,19.992604076784293,-5.229921268655385,15.384039491686563,17.982400386181663,-8.477820121419452,14.940251951722587,-9.000038810790416,-5.5058545693578305,16.164235696283782,-4.020612212705658,-9.340188087856708,13.641591654134546,-9.089491322216107,17.07332515351135,15.283526597499845
21.788138408462608,19.267212515020884,12.54874388116637,14.248130980704556,13.751559512498499,16.179680000777,20.347548341068105,20.745487975883197,18.520289896775292,-5.85321995587375,16.390721150540795,-8.424612131420295,13.281289875229223,-10.045397460996,14.402785762512558,19.579041245874457,-7.654467040477519,19.555979542276496,13.792616615127324,13.245361904253377,15.069938518986074,10.29479755999514
10.96836550411307,-3.6285127844894993,16.542050104402882,21.663450395050905,16.207097061725708,-7.479015759876891,12.425470540013064,-9.70500196334096,19.438033813083727,-5.211509568909256,16.07332890360634,19.61025991150147,14.295618503021613,-10.817486821435054,2.7096857068062863,6.495387577408514,20.323249145242215,18.20327744671173,14.659197807385523,15.56612950643723,14.213680015788306,-6.714739055233194
19.264908189675026,17.212011041209312,-9.511225361090757,16.077853891183857,19.40875086717252,18.820505116294278,-11.058017373245173,-9.251902362379951,19.549040599855278,15.210537574112017,16.334126075600366,-6.425493567036436,-2.453462895701388,18.08771736687603,-6.408880900906623,-6.149359376218564,19.984868821005634,-9.383429535023545,13.926117022348464,20.14886592442666,18.042959308999446,17.23639563284833
-5.6406461038696865,16.829750462248004,14.314239514521807,2.6479915598348427,19.232558815812506,-6.800954732087482,-7.893002166440141,-4.889136167280534,16.316188004126193,19.074717966694163,-7.529969920282836,21.46891794233244,-4.56642991518536,14.743514624996397,14.834901971604019,14.400460736215013,14.446401067534815,-8.74931778874453,-2.620844968696388,-6.815252196627421,10.697056900828306,20.438396881820104
14.023344420986799,-10.422882362982664,14.59614416381725,-11.719568863533521,-5.954138565429297,18.36645695321851,13.411699502220465,17.63173561146822,19.928710090247804,14.626106894714564,-10.483108321559746,-3.674696915682601,-9.801116597669619,18.803796632109,-6.3992403514840515,16.527594642048275,16.418396843303636,18.111387648870632,15.656220549381116,-6.204709596822398,-8.588506007794214,-7.34691160581223
17.34144425767965,10.321252153954367,21.167771654968966,-6.5992576782255705,13.73487231875795,12.586883321853438,18.120750915286102,-9.463979354514082,20.739274530042458,-6.2163247813771125,-4.3348596453504715,-6.461028601403772,9.80064851075204,14.731808752797448,-7.385133211392927,-5.004307840837349,9.823212068939247,-6.474601583215118,19.796544347631976,15.397154011333447,19.826688409092213,15.596393099784795
17.793767742775945,12.723702254865342,18.440165167856684,12.447720574907214,19.17281601823935,-7.171178869692342,-9.860455265309099,-4.4060422536846,-9.16568320774096,-9.85508003442726,-7.024854560741471,21.843085949893712,20.00562387716626,18.18604549634376,9.290151418672066,21.601581051391655,-9.237709196507659,-7.1072151067398766,-0.3276154744490623,13.114810569767736,13.21423974769926,-5.619206505350175
12.441666881643442,-7.061340742161589,-12.848570851095626,15.11299342053299,-4.637897816543165,15.563993695522004,16.633714942250904,13.86328163334249,10.279317336880972,6.26172414177035,-4.270297059843844,5.023681939893458,15.834309848201658,9.50063150727958,11.005302139500124,12.175139212748304,-10.884227926701044,-6.366542518862121,19.47958709053381,-6.650022985464359,16.318928142758438,-10.490379881079004
17.79111195139349,-6.50575500432043,16.359459295889106,-8.609223398672343,-6.760311672988642,17.77300158590064,-8.71331739741426,13.131244091776665,14.927914642141957,-8.76799367142987,-7.9257167021312345,-11.354381682023345,19.170770706740008,19.838521992013654,-6.038097905403537,-6.8516178690499725,-4.808320895648958,11.30786232278417,-5.100203759128594,-9.824775970747284,13.513815813303498,16.964327352182636
-9.794360597403799,16.48671990890966,17.197832582688502,10.707751124115909,13.991589262236989,19.556020214489273,-5.211886610668688,-10.393311555423349,-7.752903173014018,19.917621292903853,14.919367347373132,18.079306285409032,-8.539296878091816,-5.911762092476423,12.634713287932193,13.476899649161144,16.22472844884012,12.44797872409012,16.215140582691863,-5.166107403163193,20.854442710474345,-6.5605037631965555
13.746129324781698,16.757196246007634,14.688941662424252,-10.17830713515218,-3.378659126538752,18.10539413219495,15.062492325108726,6.203644079452595,17.130605536664223,-10.682051409274568,-5.578644332783653,20.003383605996074,12.053157493238789,13.790012985105518,12.320820351950658,-4.237222240057998,14.057494163080689,18.263643118264948,15.72649394591839,10.920946941320977,-7.18307530244199,15.915876755979726
13.689203834892515,18.7595002982837,18.803005545768816,13.49849107781032,14.811839713289956,16.634427913679133,15.22956844703871,9.669780001050615,-8.164839045347163,13.236278147852948,19.13583660346618,-2.243680127859,14.520827765271827,-3.747588752176184,15.571715920380537,-6.588787314532403,-10.053775081671326,-7.197362731430291,-6.842405657042889,16.00516514180396,18.25641655211168,12.808907172209839
13.575682207985105,15.45092612317278,14.441019728012161,17.629011127593603,17.750871065328916,18.618205031585198,19.461349036311866,17.60339990621417,-6.853480603324525,-8.32159800185151,11.629345116300035,17.610436860119865,-4.862943774157005,13.527708481606021,18.8270589185955,-5.614409422442693,13.649822226918893,14.171644187527077,-9.620913703641907,14.434747529601246,17.71727231556638,20.068032945578725
17.21532747364328,19.91637069921645,18.83844818987384,15.981620834322026,19.54695892232925,-9.316492386863079,14.238871090323553,14.681287024726341,16.28419057838764,18.566999434676138,15.562362005883246,20.02403648875226,-7.755633903821303,15.570577308693293,-4.57344540541649,-5.430341353250379,19.151763586101737,-7.437512363880736,12.247225822174508,14.949530686340905,16.54601667875229,8.59938784075089
16.098019645534936,-7.3576562590946475,17.836638006580703,12.986466568021902,-3.7084444967833217,-9.4704856136139,-7.4956700800277165,14.517088790869398,16.403892189593197,-10.695504385606199,-5.571695784989886,-7.442175071189551,13.568264199189016,-9.98541354773673,19.596253328114763,-7.463566505890507,-9.899406228366379,-10.141877899276638,21.381773503646937,-4.71483743275911,12.834863300440091,21.32425244904692
-6.63670659819396,18.69658326327339,19.09054714418471,-5.267122315875017,-9.854079165329072,-5.743662038748104,14.923217803335044,17.70681330700593,-8.300332646903724,-13.022334574560182,16.384599072163397,6.55538030061471,-3.287991740709512,10.30740528253694,-9.848231502409144,19.08448824960109,19.700202775049686,-10.287708313165645,17.521508131187257,0.06934732029292044,12.95796737086978,12.71721317518859
18.81248858953838,-4.915095611815546,-6.9078520014865745,21.23474357610203,-8.482931349943327,-7.440728477047699,-5.098171490461146,-5.281181135519071,-10.398182940710038,-10.30815157853259,-4.4489050845790885,-0.12495443990040225,-6.413435512807865,-4.9172414990402284,13.866413929276884,13.70329299633256,14.393208931141539,16.956225730612964,-10.755301998928811,14.701974066760638,-8.600223150605116,-8.722113715364268
15.050126044271922,14.811368581229415,-3.989853140601725,10.401416864018575,-7.228225353034417,-9.99441166111353,15.661480250192291,-10.533770622063116,-6.756693690786077,15.544259224493267,16.604557249968103,-4.517449759587299,-10.502588168238894,-7.272073612353573,18.28673062393935,-8.915563121623903,16.641427169779828,-9.110762067774786,14.699490599577222,13.593645139840543,18.820484314168553,19.5631165621936
