script/wind100m.json
{"header": {"parameterCategory": 2, "parameterNumber": 2, "lo1": 3.000054539987559, "la1": 64.9999836372058, "dx": 0.5, "dy": 0.25, "nx": 34, "ny": 52, "refTime": "2025-12-12T12:00:00.000Z"}, "data":
[rows 0 to 24 of 52, columns 0 to 33 of 34]
2.1861455995938033,2.516579824850931,4.49073800262898,4.111648695551899,4.348004921050247,4.394505137512668,6.106821624773829,6.328823283449,7.302684369548592,5.540103338014006,5.095620729632359,3.697703626424727,-6.396498849390606,-7.103019330957203,-9.650405578737411,-11.445796709890462,-9.487699582186465,-10.27453911464244,-11.609083370981205,-18.326256091077674,-6.924396740721048,-5.224728945270754,-9.658594036425141,-8.635464954036948,-5.963222571010552,-3.8213142502219224,-2.5556780249551543,-5.008841647217661,-3.350590905469171,-2.8877263282037937,-1.1867929483116522,-0.6587240814022447,-2.1537939042480403,-1.817293432520035
4.157130491342808,3.5307207511022205,4.16982469721684,5.406812166340622,4.677721451819303,3.3129417918826216,4.6626022701268095,7.0269354955932535,8.342190730695346,7.794725813292893,6.3443475255812025,5.0260213184941405,-0.01365592314505452,-4.302894831867197,-7.855746089793847,-11.03072224884235,-11.726307047963626,-10.349829540215085,-18.838317228556292,-10.985050033548358,-16.301058502739437,-9.57471523316142,-4.306858696694562,-9.651735750917334,-4.648438963627103,-4.830428631367135,-3.2449274155128007,-3.159219028322562,-3.609471567974799,-3.0998210656103162,-1.5298865772145331,-1.154854153919563,0.6480511213657515,-4.463786333279764
3.9653705699748802,5.797430519894686,5.053438149716776,4.989390824329513,4.687433881499923,3.5528154509394483,5.131084498197107,6.813792701210403,7.160312622256466,7.621140717659895,5.343334532523135,1.733846450349354,-1.7311703244080197,-2.6893013788300344,-6.8038658733897455,-9.72037267004308,-10.539347878401275,-8.000707914111315,-7.797999768559094,-10.415917653091315,-11.427889941184594,-6.171244288582918,-9.209178507845161,-7.278460254602493,-5.590067039974775,-3.91678147406322,-4.8679482197952915,-2.6746882986835345,-2.3038193687574196,-4.829101738832316,-3.416061991443129,-1.7058534245656594,0.2692132677441441,0.13091337902729178
3.2382174261391943,4.313862959545621,5.483169711094536,5.88425441283846,5.471248612880331,4.746668480900893,5.365814444077072,5.363518359399022,5.672804844562927,5.5501383988872135,5.0892451506938325,-0.5754816182872174,-4.709604218851059,-4.652435966593488,-7.502100492561894,-8.38531956261067,-6.387260185253115,-7.801846392578193,-13.53666754924517,-7.719738748809371,-12.998602263762859,-9.836146782878922,-10.514113978598425,-5.60441456385766,-4.812904691590825,-5.009444894842571,-4.299499449390915,-4.178829572657112,-4.191284868320124,-2.6938455921612476,-2.475349381444844,-2.0432913090756366,-1.0753251818237166,-1.1193031607178934
1.9322656324275083,4.03106551030588,4.30779393807955,5.665168976746806,5.9283471705446145,5.569483989994656,5.725409051552374,4.7853338017548905,5.205758400795522,3.09191035486345,-0.19186636687771816,-3.402890461543013,-5.687447867382136,-7.8487051427331185,-12.675561010366195,-10.745286044400254,-7.3243312014250685,-7.5165440709429685,-5.767470407363951,-8.507337255216116,-13.638964149268899,-8.790562445558129,-5.6357752656074664,-6.807482886874094,-4.704033783436594,-4.905578362853592,-4.879020695825679,-4.684229545913926,-3.977089263319019,-3.048262491395774,-0.734916212023684,-5.6352967425937495,-0.7241210064867932,-0.2051207864376487
2.625740561480443,3.562755750598856,4.436266478477782,4.293663207422143,5.418290589167245,6.1463574422150025,6.213361378232698,4.998066774312405,3.165962142565622,0.11364078561983582,-0.535423958281618,-1.2110989404968318,-4.559925013545589,-8.57921146809776,-6.60568470244934,-5.783602035818209,-3.6109157657471584,-8.482970117570414,-11.595664781159561,-17.158504904698447,-7.196464262784111,-9.547496875142048,-5.81128211562729,-4.748712658577134,-4.947592169928781,-4.731820345081129,-4.466442336397508,-5.0178062247502675,-4.117248728764452,-4.134920076373086,-3.606536486951586,-0.9801692413040042,-1.9892943404617898,-0.5069953677098273
1.7811063131046816,2.9635211188377637,3.559671593891896,5.6040936634015,4.657833964928309,6.939528908886819,5.64400537369526,4.476837006075962,0.5457250523875423,-2.1491601211185274,-3.506686100259505,-4.059601008090029,-3.8482977297695653,-7.0462280222185285,-8.910385848181285,-5.275423063647115,-3.9882473942464998,-9.461416237606613,-9.462794875983622,-8.21125239430923,-8.274594537994387,-6.170065499025395,-8.619941670120056,-5.9740585134401245,-5.454775068706942,-3.80045910783646,-4.933814565002217,-3.89986854226732,-4.64206499495339,-4.725367799832326,-2.4118474623459076,-2.5446025608942664,-2.4608610162154143,-0.2279275172100304
1.8987919025265467,3.974688836221446,4.1165416645631305,4.516181488797399,4.691988906690878,7.417173808769777,4.818990441439921,4.496945666714166,2.973200998290654,1.6761430550223235,-0.2923150267662005,-3.4552315157907416,0.268802140558962,-3.0594285113915505,-3.589507509446245,-3.3469290244443033,-3.0327886733310483,-2.8417036965397635,-0.12505228876156682,-0.1055437656198927,-3.6045982129529786,-5.071902544590659,-6.184785442499014,-5.4851774670022,-4.678661388242576,-4.730014492566563,-5.0872597140623705,-4.9081547806506185,-4.012346049031556,-2.8245328706458035,-3.8706722340151933,-2.8985875444565967,-3.2629467149650515,-4.811371812861633
2.5388495757072715,2.777007435787146,3.778544621264363,4.091230738648863,5.076830440246647,6.056070608185971,2.743166544449218,2.4292924699993415,1.3906832986133337,3.420146714054103,-3.851231373470534,-6.196878453240311,-4.664705296926709,-5.547284933927236,-3.672385785449355,-7.27759326569023,-7.54445244605799,1.7444737157762416,-11.288922250143722,-8.622948421433694,-5.431841546684912,-3.1264452316358193,-2.2706522297508966,-4.329320126472137,-5.11404518813982,-5.164243064030477,-3.826034540688602,-3.614233416155844,-3.2660837818080983,-2.773847880910786,-5.298061649579075,-4.2779432657467,-7.656638790774236,-7.114449546435899
3.1589449825870712,3.3677450836197265,2.879554113197479,2.998724522857292,3.8827897939011162,3.5740724963299537,2.116849890530583,-0.22020908472951078,-1.2311857351511037,-2.3490117900665064,-1.9842714224663436,0.13045403638374192,-0.8562924982593045,0.9507290864489211,-8.434874931522948,-3.8626049158888844,-3.9342082344786378,-8.670670958728445,-9.081347788182272,-6.608902552783649,-3.984629004087508,-3.5663083378844083,-4.162504457935504,-3.1253392126219106,-3.3765888199612117,-5.311150256321878,-5.25740418117695,-5.730491890201479,-5.686778849179568,-4.977680503741715,-4.156983756134408,-9.201920984367804,-8.722365699027204,-7.572002091052611
3.119165842998309,2.5288939850199124,2.5694862633393782,2.058586141334346,3.5798917554557295,2.887620915005883,1.1133398307736675,-0.8764362581108237,2.6206274675429255,1.9673630101172122,2.924167764945567,-4.947196424979112,2.1859892363034636,6.060867954421164,-0.2552038774426392,-5.066269228849016,-0.9543913482026448,-4.5117121961152575,-8.705396823469256,-4.454377546835966,-5.323531789278389,-4.072793844570168,-5.406200727658852,-4.071759812285256,-4.141772542507377,-3.698453545150008,-3.822475522478915,-5.701279469778684,-4.6296030610022605,-5.42872292647651,-7.521985969942386,-8.929070461845688,-9.176070967602888,-8.808776395595428
2.0045254064801123,2.1769547233841062,1.8970195436232884,0.8344609152255487,1.794486647493215,-0.364306251206573,-4.966938573935248,-2.8147805893421345,-1.7930259515777525,-2.047775841906875,3.12437023999599,-0.33563814554110094,-2.8049390019188127,0.6319326960935074,-0.624707129809687,-2.1498256190999054,-3.1500323459312694,-2.0596589144301607,-6.467423850472381,-4.935155130032595,-4.903026486276363,-6.410678705071053,-3.7547800207192408,-5.123278753091447,-3.6077281759009816,-3.9823325441542363,-4.027737688011933,-4.684497877788488,-4.776779616661197,-6.803312207297929,-8.8951450951297,-9.92575655290444,-9.479332310068509,-8.851765103588361
2.6205559691819476,1.5734592005608297,1.5639922117968827,-0.5673352427394383,1.139668309688154,-0.28231204173996205,1.3074505748600207,2.2979765847979525,-0.6433742571891096,3.4488099620269614,2.5253738914902817,0.8197181326875468,1.5328250809591968,1.8908530438325672,-4.662269946219062,3.6967180221043736,-2.693811756046223,-3.593365036083917,-6.549562258001994,-3.8586554033773575,-3.384412519322521,-4.691627335400992,-6.037866200426198,-4.778916283365454,-5.184087578548399,-4.771566236182322,-4.244769148443031,-5.06217840671386,-4.813130493541286,-8.289909476156485,-8.825965750125187,-9.313929103281023,-9.525152024839162,-8.95680484253498
0.9368653651809529,2.6434308044222834,1.238514581258178,-1.858721789118473,0.029154232275676213,-2.6114892986826246,5.319177354705356,-0.31431490963705255,-5.055760266305204,3.6563871013129994,5.802389761948971,7.092932607213576,-1.058196541358878,-2.839038873388274,-1.5724149744547065,-1.3403726759139978,-2.013055063517863,-2.5199350532057196,-2.086932401130975,-4.637867383359131,-3.820368510248952,-4.505759101442607,-5.716138896415495,-5.943544074525562,-3.9575310557481185,-5.098797464475502,-4.6776953790450015,-4.4726160924219895,-5.229455795719335,-8.083652643008772,-8.792054423971518,-8.854862571359591,-9.488233391530834,-9.062379477742887
1.0277967720020873,2.347117006683856,0.21291539723627684,-1.3963360656501613,-0.8435589141353724,-4.686877468732841,-0.8426757047323836,1.9426204739132056,-1.710676225225827,2.1549383637334714,-1.5671721882817369,6.164210181045282,4.497545448524251,1.585870725160324,-2.8218517517317494,-0.9622618137892746,-0.325071927106545,-4.027183892598187,-2.9456464863597946,-3.019501967494003,-3.084711107642383,-4.785739912254836,-4.572409942026273,-6.273058845612082,-4.464623714686055,-5.929666799141228,-4.620137357010119,-5.008525652474423,-5.727564335108218,-8.285866792732602,-8.821320650919494,-8.857135824093085,-9.046322241915277,-8.866679322247002
1.3230270508950197,1.3452770681789745,0.7175277757624396,-2.042585287422739,-2.0038363593594557,-3.9168855473813635,-3.3761249823368957,-0.40937193205414907,0.28215786523349684,0.7152790911833845,1.8158255555302463,2.971746529236685,-2.394492320320763,-1.077800688641822,-3.7361942440355236,-3.333915334253497,-2.4901286547770556,-3.834467770689338,-5.132758492261749,-4.492438614567876,-4.419276641054985,-5.5922188900387395,-3.790295736848617,-5.2544469752756315,-4.846394666348529,-5.454881125492699,-6.3243687045984895,-4.260330900864687,-5.635519397587388,-8.173117762685711,-8.656294279442124,-8.806009894639502,-8.90450650428495,-8.77857303872786
0.18633507788590145,0.7247610185172068,0.16684750895864828,-3.6989167855686755,-3.476894483631339,-3.987034098824102,-0.021987814420629876,1.6559489827266705,0.23203483143643544,0.11404903320032869,5.864672625250664,2.1296457003402196,-0.25988022738298233,-3.3410674546828045,-1.007165327461523,-1.945307023952086,-3.609239218067292,-2.5729276821088876,-3.8088927605662044,-2.377811893131256,-5.277444300990337,-6.4945219916415775,-5.314928427544338,-4.131022742375293,-4.922895963191589,-5.691869575464801,-6.396198102939418,-4.6971603721345945,-5.329316901362476,-7.9665156522959375,-7.957165831267105,-8.039496529285396,-8.676728314157923,-8.84284016290669
-0.20817563796759314,1.3542263095696976,-0.3224559734190876,-3.6756940279313732,-2.6130959571294468,-3.255054887431926,-1.1360637034174794,-0.20001754398833319,4.112348110143177,9.595430627082784,1.1113051376003484,0.13241150545195346,-1.841181766546258,-2.560600388122868,-3.5822029981227583,-3.7586061758246117,-6.042883390150327,-2.465262606032469,-4.651432864873462,-5.295814773406426,-5.778522758839509,-5.060747992926408,-5.311228834675548,-4.859419624669819,-5.5200184129995815,-4.62634243719344,-5.789676259330027,-4.49350361160895,-4.4207152079946255,-7.89477322721145,-7.672306402980523,-7.751406564222914,-7.937585730500527,-8.558726319253806
0.5058177673164568,1.006349195847112,0.6249569491276684,-2.976600357292242,-4.13582705523438,-2.9458149060194008,0.7095935841210834,0.1128615046721233,-2.4892042065294095,5.968399894307314,6.181924772071024,1.989193942452025,2.9414885548926226,-1.0539987773243091,-1.2401832678036935,-2.6998903546672244,-1.605788018170792,-3.387259675563814,-2.221251032521183,-3.799710571945563,-3.2913317801593354,-5.899802317633916,-5.775784204219408,-6.327383301910013,-5.880803985082992,-4.390443281319724,-6.074009688149007,-3.546094772357089,-3.622013690177296,-4.082506885286355,-6.827286097307647,-7.178255954884316,-6.947627506256258,-6.916949637349844
0.03587031217782065,0.8436035042029897,0.6006065749596816,-0.8872321938772659,-3.5569420430086285,-3.7860863596120526,1.1316227419619658,4.82900546755401,8.492995709272268,3.340069343513498,7.20502868403551,7.137843419589366,-0.7170366754342884,2.6378108820856196,-3.394602861504751,-5.272690231427477,-2.003417499675496,-4.590770542673899,-2.8847262516579066,-4.915248155321657,-3.4900070644548467,-5.183513316574981,-6.559801585369518,-5.407007477437611,-4.4678720382402775,-4.972422688060561,-4.021754426951015,-3.940358171208901,-3.610731769382954,-3.616428933525097,-3.735289307106566,-4.727541135737512,-6.255391771779784,-4.85547244459775
1.4986880949333437,0.5246323556378629,0.614543322745457,-1.100436645527034,-3.4878150662206897,-4.696969843564567,-4.466418936923068,0.8186951937839525,3.2790676401463963,0.5573604262310293,2.483102411985701,2.0008029165528614,1.5384981318491093,-1.2470504379547467,-0.7506336599126494,-3.9781114477820965,-3.1140435427985547,-4.091578949863071,-4.731719089537528,-4.969264560294418,-4.52670020816019,-3.9109486855237234,-5.962433177465074,-5.28829729859777,-4.67963620819281,-4.67595205380855,-4.618370403711021,-4.361788633030908,-3.918422725655526,-3.6908583862486313,-2.666349333648587,-4.13455214594268,-5.5090519227878625,-5.7549553210614635
1.8458310493574905,1.2856740061782403,1.5425903556355833,-0.9480086760162751,-3.219059816326303,-2.8196236149312077,-2.9946394855607417,-0.7411218559387416,4.087747397437489,0.6865888345333095,5.979093678142383,5.111056447079669,-1.6073753385396399,-2.3089563925488084,-5.9906378141584735,-1.7083631898338243,-5.191925489541424,-5.442922409923337,-3.9643787070022474,-4.201780681390127,-5.310867999101622,-6.751222793002431,-6.047597542954648,-5.175852178385782,-5.491081843981618,-4.111004494293944,-4.113632654146566,-4.500796132777285,-4.502856945257297,-4.118880557813605,-3.0211536654666973,-2.893128204303032,-4.153180045061541,-6.143779156674336
2.688502317018647,1.9658184621551802,1.645122715041493,0.4129660970147759,-2.6216323715272907,-3.6238758848489736,-2.6390334472061365,1.613102511113183,7.811305336012315,5.775443401809932,0.23907936888443992,-0.901798300725114,1.9832083533315736,0.11786413836859355,-3.330756790254442,-3.881535565062515,-5.2683776942685725,-4.836946786010353,-3.7432182299091674,-4.299168272549196,-5.036643186867279,-6.321652145167592,-6.867898698216607,-5.9261817246228246,-5.665670657914922,-6.401582454618388,-3.916912494824884,-5.042863975919576,-4.30609594218413,-3.8339154256793617,-2.820449414489768,-1.8081626235862054,-5.592092615172806,-6.567862818913625
4.694910674042918,2.8027706839796105,2.277216586455103,0.8881856121520181,-1.6368344444618008,-1.8852077997340209,0.06619168694787024,0.43412461986987894,4.812564892962159,0.3216038469283053,1.2834565758019283,-0.39177564631143585,-1.5299087339914155,-1.8400484096976828,-3.1417838134757727,-1.808013541929646,-3.209291977966994,-3.1068629611676317,-4.13158758446066,-4.487848430283687,-4.897119073851821,-7.969692390580728,-7.323081267736019,-5.392250267850051,-5.619308609355537,-6.567668594771056,-5.184516743496471,-3.9220878447589396,-3.7069624742902887,-3.0980984001055965,-3.1096065131321127,-1.8279766988238406,-5.4110858926084235,-6.077293074967551
3.818876213214637,3.0045234617151375,2.546576652302564,1.2089153799224397,0.3095864430468254,-2.848815615182536,-1.2857056553979402,3.262478101076588,7.481952674312083,-0.06259511624390546,2.9769162267972584,-0.6451594286219088,-0.7369968512860386,-2.7000289442682197,-2.19998447671774,0.45441118897377447,3.2959926067526664,1.7601200860584323,0.40223353711843896,-1.976203435369478,-1.628389553103426,-6.775775824211819,-6.388397031381569,-5.075260391516999,-3.8661765674198945,-4.268729020268692,-5.37725100280864,-3.2662925738391206,-3.6371379468945606,-2.944309770647397,-3.0625629708423685,-1.9115236290155215,-5.657855567887665,-5.080168813957543
