script/wind10m.json
{"header": {"parameterCategory": 2, "parameterNumber": 2, "lo1": 3.000054539987559, "la1": 64.9999836372058, "dx": 0.5, "dy": 0.25, "nx": 34, "ny": 52, "refTime": "2025-12-07T22:00:00.000Z"}, "data":
[rows 0 to 23 of 52, columns 0 to 33 of 34]
-2.083785348860463,-1.7373166408684593,-1.6882164234075474,-1.4138802171525935,-1.3891902993217111,-1.2454691817050023,-1.1708301280105748,-2.5666372684943615,-2.3227934481090355,-1.5933825200343996,-2.3464565870460543,-2.880958561840762,-2.2073482181432453,-2.9238866170129585,-3.775394599674276,-5.947554812729506,-3.7067658093082194,-4.320501232453888,-3.318909061783151,-6.4764540955795,-3.897556391397386,0.03906676552809424,-3.8122837829156686,-5.179372111999293,-1.8403275285646485,-1.402612835820705,0.034194271357630236,-2.0873337527280937,-1.2858067798619008,-1.5586231903805663,-1.5562419322376118,-2.1523513285176303,-1.70732703780796,-1.6033457663447355
-3.3562826587059074,-2.475653854655598,-1.6326799636726195,-1.2160597038021803,-1.0224258678029943,-0.13239849578160764,0.18923846160359267,-1.1130130182302223,-1.941957222665316,-1.9607633540431846,-2.9250526288464274,-2.3901045153607883,-2.3069797239005485,-2.3023219354677216,-2.6003066574558695,-5.712424579480824,-6.080253620572457,-3.973660697187304,-4.515874693764503,-4.646316363644031,-5.069017738036959,-2.5448545480081695,-0.8930548808730968,-3.752739428767282,0.4322203029809392,-1.755530136732349,0.20453972132186557,-2.0649320351358726,-2.1066588077201898,-1.250188266817229,-1.2307338425751313,-1.5768597043963306,-1.5839457371440318,-2.027520333547205
-2.54690499599102,-2.5855280039548436,-1.6213879620045697,-0.9289260943846167,-0.39705247272136895,0.14381188742890536,-0.5207655185513294,-1.3319797329852234,-2.335799779422981,-1.8207810208911546,-2.6050097221273365,-2.9331808158372645,-2.1750313279492,-1.9837099841079657,-2.5456763774697997,-5.268276393537232,-3.0684683236349475,-3.2883640412323945,-3.0158703920558443,-3.2591916493667252,-4.663678821085086,-1.6493206703424095,-3.303118805626582,-2.555102133372534,-1.6388586296056262,-1.1397529473353145,-1.7392782600900496,-1.2053836082889815,-1.305947630496716,-1.8152012421707586,-1.392053018824191,-1.1275819321082214,-1.3461472070005864,-1.702507141122712
-2.6921368169101823,-2.440676125703005,-1.725817373425709,-1.3286057648059588,-1.2911216993369097,-1.1405298086194027,-1.028064940083083,-1.2609805289319964,-1.799180413376507,-1.6540628627717455,-2.1572505131406334,-2.865430950461897,-3.350249738092183,-3.000193296856822,-3.3837012511210824,-3.619744301401959,-2.7266095167273727,-2.7865024017351616,-6.125708193826991,-1.5573559021544932,-6.247288186266761,-3.3519807147484646,-3.0238204862106177,-1.378334133245886,-1.7339933419432474,-1.6039632381945879,-0.9061378032907396,-1.534663310108988,-1.8052336428647393,-1.6662042191654116,-1.0085709245608832,-1.5380485787235905,-1.3466127028010082,-1.7232566957759563
-3.1725950461685306,-2.9841137147990744,-2.5188809622672332,-2.6218462255265726,-2.2076278625206336,-1.8265219837530633,-1.6627879228297548,-1.9819143483067856,-1.9872181850806128,-1.09990959158166,-1.2265398048074656,-2.342264338873529,-3.497788475404902,-4.57410812601311,-3.807420715621995,-4.873504167999786,-2.1700144785340587,-2.3083802228629797,-2.4569849394225045,-3.713653571890061,-4.49384676570861,-3.3259920150286133,-1.8184271831754169,-1.7181038449929342,-1.2029555152312665,-1.4746788664492372,-1.4807374248258967,-1.3154538335136896,-1.241979611018183,-1.039642579717605,-1.4169696725503367,-2.4215739774572698,-1.4336518393784783,-1.5088085034846048
-3.706326712203773,-3.325296607077695,-2.5605923721937773,-2.074089573150341,-1.8697763857375427,-1.8380630342331612,-1.9071506656363086,-1.980510293935702,-2.4671967700398203,-1.3472792769212933,-1.072121772085181,-2.785620157289052,-3.0691767857484344,-5.536631723237875,-2.395534442798928,-1.279999816065693,0.661105687387847,-2.523900362514382,-4.880910982039415,-5.870295886055226,-2.3953198707584966,-2.933139695119235,-1.2920781962400973,-1.2550096943494582,-1.4442847913281447,-1.2949158225855195,-1.2152049423194475,-1.3703218640391148,-1.1665286148146288,-1.2774997168736943,-1.6753936800944247,-1.323748355313796,-1.1395885957531688,-1.3424113995040987
-3.1109360583290235,-2.5946511478251635,-2.358246557599116,-2.0150643845812857,-1.9520280490698052,-2.176673357653928,-2.4421359391416866,-1.4016130960554063,-0.531712216361243,-0.46665204544549743,-1.1863649663519842,0.4682976563708458,-2.867758229494814,-2.5062933469477033,-3.1281156888115276,-3.638724033042851,-1.6495090531878804,-4.472066270365501,-4.913255657442911,-2.8524384836986796,-2.5144827868319553,-1.6323118583452167,-1.6317532138280644,-1.2255339567338712,-1.1276144372720294,-1.1835615496027159,-0.8060154442650368,-1.0291553113954077,-1.1091194927552321,-0.8999812834061636,-1.6867492017362664,-1.7115769337975577,-1.9739523598904658,-3.1433080524214123
-3.2808386349391716,-3.1471105336318614,-2.9698602584398768,-2.7244294581350523,-2.9233620770360877,-3.042262872225478,-2.358125011170986,-2.062347862414122,-1.8884448864131311,-3.455941829353338,-1.5482438936728442,-1.5400524331952574,1.138177387061598,0.15667603758784326,-1.0142976055789346,-0.46999066031907316,-0.7184770113430629,-0.5336669653062215,-1.4396888666299996,-1.7030827174079726,-2.3324963451310645,-1.2623577883754142,-1.8156174244647776,-2.13765906830532,-1.1599174108912038,-1.536809833597513,-1.2210030744599187,-0.8327642620341552,-0.6017732667804035,-0.6329033222033004,-1.3429104512436156,-1.4538213043216162,-2.293167407146884,-5.334265483355635
-3.643534475808501,-3.7020498917718156,-3.5923099426957465,-3.4995585249052246,-3.414770297485224,-3.2331586104288568,-3.4399554126917926,-3.4565900663947944,-0.4368280052445406,0.16269980839362935,-1.7460360255597893,-0.9484889323609395,-1.517703075867887,-3.5573013920387133,-1.8852479929973271,-2.5797996812719157,-3.431995664386977,-1.927902274219611,-1.9067241292118564,-2.028894154710426,-1.2549852245449669,-0.25107002361370373,-0.10181845353923719,-1.4440196355721664,-1.1426596402193034,-1.294232486497894,-0.8151611821166952,-0.6018364995507655,0.3629507632171722,0.2522343587932377,-1.0491506433362574,-3.054245875184201,-5.293914498485099,-4.4730185487843395
-3.8978526690697746,-4.037051402980362,-4.6015438808093565,-4.339408137798349,-3.412932877652211,-3.637103790217888,-4.180598628434651,-1.9767981762006896,-3.0035807024190846,-0.951367238318535,-0.41337751521877414,0.7711812682010896,-2.4418722909501143,1.5766628206299071,-1.6681168955332637,-0.6027455129694099,-0.1984198059927053,-2.4267258151625004,-2.5063078223236213,-0.6677502309744853,-0.2484437310027447,-1.0651015837779279,-1.370993073960884,-1.2278723537703788,-1.2922896706934162,-1.40070571839823,-0.9277033908894103,-1.2625116614530931,-1.291737314727391,-0.4342242237883263,0.8656114168282535,-3.820460076117358,-4.504390706885311,-3.999104028948349
-4.975869621732734,-4.332857728905009,-3.586093660536674,-3.4560307139540383,-3.7695495599005775,-1.559508482865049,-2.6016033537273677,-1.032744533892774,0.21211421988996468,1.4081886774213126,-0.019586748552239592,-3.2795399391971034,0.07969339871520151,6.472977552450776,1.1953183027984755,-2.5335234817474603,0.35244410704158186,-1.1523421225195811,-1.6445772842566706,-0.6313526021744184,-0.8716798902061388,-0.9734818023181467,-0.26202459312671367,-1.4438679205398068,-1.2874326879462832,-1.1854453366530993,-0.8629615943354392,-1.6767958079368877,0.3932765439840747,-1.6175087416292149,-0.5487147435842921,-1.8928506702586334,-4.753876458473278,-4.918011151157531
-5.378558283636207,-4.616481748772342,-3.5351741539157358,-3.414149889391365,-2.992234642417459,-1.0478241482574104,-2.1385636156805052,-3.80678630780368,0.18710548326270993,-7.85150947139724,-2.594200094307664,-2.289294224341351,-3.935295676602222,1.5855639909363164,-0.7523635963587296,-0.9559244860764539,-0.8455816312240793,0.4522420067798433,-0.11352541444387605,-1.023980535402561,-0.29755365693297825,-0.8373802215874426,-0.20256218024774664,-0.38644854490744973,-0.05669497996792164,-1.454597649955306,-1.1058529595642825,-1.245794993020697,0.08477007929811875,0.020551864477713858,-1.564818540463911,-2.1699743845900556,-4.933302976192688,-5.64188489968658
-5.518624802466929,-5.477765858097321,-4.153251119660919,-4.922768672034262,-2.3513037481151415,-1.014631906502377,2.5243193906539223,-0.18527044366924172,-3.6496113192144866,-3.9782704714129973,-3.8621281948040256,-4.8057380400365926,-0.11785662979586768,-0.06988715815319683,-1.8159907097636938,1.441031161865242,-0.859850353034384,-0.40863906636748265,-1.4305428429091007,-0.6384698225057215,-0.14724907983038873,-0.6767957039125133,-0.844656401078219,-0.3881437837103727,-0.9443193740127239,-1.5695438914581787,-1.379304876628579,-1.5557648997933204,-0.7672458741397036,-1.2326544700411353,-3.2228291167520413,-3.141228386643894,-6.219758145627675,-5.78367620913761
-6.239563051415088,-5.919494263477305,-6.162618709098586,-4.096441679777413,-1.746706766354195,-3.0248677617811475,-1.35461535455059,-1.0922094894436174,-7.810246961536776,-3.3583008218704693,-1.4858278022932863,3.503925253703266,-0.6800598205198303,-0.9960218948293524,-0.045420280319271686,-0.8705175207416417,-0.6926961427733274,-0.8956707750462672,0.04342380417957411,-0.8416516376346673,-1.2121033220674584,-0.4637544276018149,-0.4292719256730417,-0.7550549829764824,-0.931314902514149,-0.9933170111380812,-0.7773868771149985,0.057805119621400974,-0.7817499143192951,-2.1686788012437206,-2.7788471002506894,-4.009483300054023,-4.5465817253820715,-6.42832430928006
-6.291298595887795,-5.859446122033237,-6.256723721969267,-5.579681233953189,-4.0256630439851,-4.176894756033728,-0.9987588357839073,-5.398511960531132,-3.315022991095962,-2.0258953484893256,-0.8628191393183805,0.53772517247432,0.11095734862640114,0.5489640351080036,-0.5336987263920825,-0.13065081355013108,0.33502060013049045,-0.9200624400477804,-0.18789941359352696,-0.6375579217083736,-0.1741751628641635,-1.1611344314357492,-0.7264807805182939,-0.6862969019863366,-0.8349905014026058,-1.5688087320096396,-1.1267592956757415,-1.2031888397109731,0.04047599020834432,-2.6922729239723973,-2.1560670597572202,-3.9118011421856873,-4.454473014274817,-5.850757070940251
-6.242307776123846,-5.35673661237969,-5.161757971232498,-6.29734872124331,-2.5074447945083027,-2.583760284014281,-5.723043119103845,2.403926032374434,-0.03602965723341809,-2.9951104693029507,-4.641905444498161,-3.164093253271084,-1.5366706739288085,-1.5567095131583266,-1.019182552593336,-0.6275697144938783,-0.7801977646475757,-1.111610462271351,-0.9774450159212512,-0.4413245592098656,-0.16633147748573046,-1.0119321454445358,0.12117381710257315,0.3844226852060032,-0.2215944372422528,-0.27712706336894416,-0.6837702463460571,0.37172502606971497,-0.1661452541948384,-0.1421293827393331,-1.7181661717177064,-2.763472035738641,-3.7165019282941736,-5.089820290517014
-6.699660121611125,-6.741998710559112,-6.0774733521222855,-5.4492506263608185,-4.200033413961366,-2.813382542742492,-6.912878297592377,-2.9391700440930912,2.4597158122506846,-5.122954371775136,-4.6950593983564,-0.2818888231486572,-0.2330527807810983,-0.27168762801815466,-0.16172145023611684,-0.32689487522844235,-0.8061994055582653,0.04564585272295495,-0.8954671809833897,-0.24852094451250456,-0.6305710270053735,-0.9501154965225812,-0.6541223882030568,-0.4247880455601834,-0.8967158280156968,-0.7484233100308022,-0.44159057730147405,0.10041164940728764,-0.09327943990672971,-0.13225019931014567,-0.13654704327605346,-2.6984522688998585,-3.3029879288267447,-5.490241456127274
-7.5542572824692815,-6.5817977213212036,-6.35612475463886,-6.971007941752652,-2.1451938195536435,0.27531311662178076,-3.8174881629941764,0.2829288731302716,-5.812969944603517,-3.96318793976168,-1.83479665825783,-2.5225248910881923,-0.2452630350384191,-1.0249332799654658,-0.9172410936443887,-1.2297552203575153,-3.1676695951103255,-0.5646398911774334,-1.0043369084195042,-1.15572537262339,-1.1003149101241918,0.14755763752651338,-1.0923994273548945,-0.5710436291456179,-1.0777131697430802,-0.9614072853866064,-0.8792535992625804,0.25224872406524795,-0.23980896025378087,-0.43080136163235627,-0.7972432197327171,-0.45206890538863514,-1.991158582311083,-4.219639311532653
-9.041810499575819,-8.256495902059696,-6.495220074792599,-6.589415628148796,-3.819186705097573,-1.8127765121106827,-3.0149205662817455,-2.592612782075107,-9.514675904567717,-3.3117920635408424,-3.278747092025409,-1.5070059862511767,-1.7080598914402172,0.07705030510752506,0.3944307083806674,-1.417877478805823,-0.6714438417366841,-1.1472451080978694,0.4282844185206728,-0.62318595810833,-0.9209846334337687,-0.8130311249143649,-0.6833233069715792,-0.7412096085311305,-0.5535764980243071,-0.9148013900637455,-0.5465179793235048,-0.4425008230332551,-0.10700785272243607,1.050071403799398,-0.1289219501985933,-0.17085656848634734,-1.277872734573172,-2.9405390019737396
-9.256291159627182,-9.00960361101338,-8.528171124476513,-6.612902008961335,-1.8813652141987292,-2.41262463750849,2.767165876745852,-3.6101906678432454,-7.831651498393227,-4.460551910996374,-3.550023408113919,-3.336744592160895,-0.10001475057199996,-1.4597809133129616,-1.159442960316905,-1.9895224222872678,-1.4381968658108115,-1.6886054291546682,-0.5238228791781239,-1.0341862932764287,-0.553240558449084,-1.1531984133651574,-1.1231638341582995,-0.5272682566916386,-0.8147797627968816,-0.7932043089376396,-0.7995953277521282,-0.632867129264527,-0.668161389892184,-0.18832629249550978,0.4725854169051953,0.7477913737560824,1.4551870296531393,-0.8253564514794174
-9.814732779026937,-9.188569512334393,-9.25562062654972,-8.505166629068203,-4.195130556385438,-3.549528327341286,-4.014295800287599,1.2651246528614026,-10.385172193558311,-2.5948479584871857,-3.536369380433963,-3.0380083514302876,-1.7009846787622775,0.09408077815674606,-0.39742778223634406,-1.2940040233354073,-1.358723788112634,-1.1249327802124551,-1.3043219869036256,-1.5294197045882565,-0.670570673808804,-0.3723091345477244,-1.6536312134206632,-0.9446433576595527,-0.6829847502446708,-0.5746839758226963,-0.6689825826735718,-0.7348185631941503,-0.5401792049753354,-0.5275914005738481,-0.36066710126070944,0.21084895302752318,1.5650464387244627,0.7770077012107149
-10.481777497519278,-9.971866050658313,-9.532839871799814,-9.571079354155335,-6.956219649788279,-7.452937975804209,-6.525329111715224,-6.621227454634173,-6.543211585085529,-1.882783435315301,0.07048205301052617,-2.5025870162173933,-0.022470837423018867,0.264465822788872,-0.8806836379609633,-0.012137719752943234,-1.7975253553837531,-1.7166478971881178,-1.5490941205123494,-1.6546564643072716,-1.4612276351909235,-1.5875157357122303,-1.3492723487051228,-1.1104906195393223,-0.75834900238295,-0.19840794411532775,-0.19091346617875746,-0.7755543406834067,-0.5828382504628171,-0.4437702542168328,-0.046497336557242454,-0.7894610032931908,1.002828082992669,2.8634974113941825
-11.072131403003207,-10.281245812296925,-10.637496165799167,-8.890460661291739,-7.8903556814127045,-2.789677352907815,-5.881233706973845,-4.30966089765963,-5.8251520238881085,-9.803566154721747,0.1753812630476508,-2.3753150923125994,-0.22745350599414038,-1.4631178176322588,-1.1608914043053669,-3.797236729809112,-2.0571021678069976,-1.7905640261071942,-1.6063816220950338,-2.0592302589138973,-1.6351791062469654,-1.6726962641550995,-1.5156293720719611,-1.5527987850730351,-1.2009186340574127,-1.0634436518423553,-1.2101203284431166,-1.2566679352347971,-0.7173910750726109,-0.6989696006242949,-0.09235813874642507,0.06876131934560313,0.9841477922184502,2.7924238051654138
-11.263102052275318,-11.111450481443503,-10.726374661531523,-10.81228180668288,-9.012870189311904,-6.402766189594676,-3.457837958387624,-14.303269034397271,-9.35753418291974,-3.3959140165053077,0.11546892413859239,1.4961992375704156,0.2811374244061056,-0.8855253855446528,-1.6440213143238052,-4.89440383604265,-2.060548589962186,-2.4057546274112203,-1.6255678396442474,-1.764739024954164,-1.5964470574156555,-3.4667455160651506,-2.5273230141043546,-1.3798340588755464,-1.0701427231968235,-1.0779393349987472,-1.8521828536339413,-0.9044024431204006,-0.3606802632347854,-0.2868759024600669,-0.01444580128237591,0.3203878028271079,1.9541766899167832,4.129556846131115
