script/wind10m.json
{"header": {"parameterCategory": 2, "parameterNumber": 2, "lo1": 6.000027932988019, "la1": 58.9999434238085, "dx": 0.5, "dy": 0.25, "nx": 22, "ny": 24, "refTime": "2024-09-04T01:00:00.000Z"}, "data":
[rows 0 to 23 of 24, columns 0 to 21 of 22]
-1.0997043642013646,-6.806101119116224,-4.9619333576376246,1.026622078580541,-0.19173013655585397,0.21509799121239614,-0.5468389269754742,-1.009022616899614,-2.387476948231021,-6.043197586160328,-4.237991742669679,-3.1925664675415804,-2.8445095789442476,-2.3231443912747514,-6.00061764633533,-8.687754957190823,-3.6008190964472493,-2.7455141047524223,-2.0279908075070145,-1.7928184840465418,-1.9880969825037709,-2.2757357659805715
-3.144321721466316,-3.565926985630844,-2.9870523241251647,0.15641727009970474,-0.9774814695832879,-0.03890197766518627,-0.6923019180255593,-5.385934754649372,-2.290021395699985,-6.064414117662845,-4.8515042569394335,-1.7896190607327727,-2.3451246276185693,-2.6578315621264506,-7.575810856397103,-8.277116352778865,-3.102223096642915,-3.959065667630095,-2.385576776504965,-1.4552355430016122,-1.7526113732096877,-1.7905385763699366
-2.0055364931920945,-1.0784455613469195,-2.427340149697961,-2.270493911430814,-1.3346770472358465,-1.2824015908911668,-1.886758615404183,-4.007847885329223,-4.4205649474825,-5.739550207497967,-5.014181935786279,-1.9170614373007069,-2.637104549238504,-4.9830200326537195,-3.6668223246925513,-3.283543990913662,-2.0434654809328436,-5.140006648470843,-3.928764824520889,-2.809888919732152,-2.37230235398756,-2.7344896765597504
-7.135528793235109,-3.2595697289747503,-1.5909468913473321,-1.2973948847015895,-1.257362368635804,-3.0530223639321465,-3.6959184319123004,-3.0226524640695533,-4.370876417889045,-5.080800265633641,-5.306716208563371,-3.409052896793557,-2.702014856467739,-1.8199754076515335,-3.8056108755648244,-3.761078801721018,-2.4377625136430203,-4.557007273609469,-1.9990788057332607,-1.8542163448681124,-2.1906974795701184,-1.6324493600527294
-6.58512275903242,-6.519867074722122,-4.294180596825817,-2.270882334934441,-5.613158501475069,-3.455155240769561,-2.682193472944791,-4.37639581513932,-3.8509786662734307,-4.833856550171372,-4.653848354878621,-5.010090951566834,-2.857467370488094,0.12595146434006074,-0.2729951410023478,-3.9812765078199153,-2.3049293955213717,-3.0279671593734676,-1.8297972016417492,-2.0724422200877584,-1.7121086124532678,-1.3193966079192394
-4.057550548471954,-5.199977930175349,-3.669263203625801,-5.053264740603069,-2.240882141756885,-3.2403377334924253,-3.185157081252565,-3.9947861267662,-3.254298890533883,-4.55848420319091,-4.991960788922714,-6.936251163268404,-3.8147832747895265,-2.557133503382651,-4.373631594172906,-3.4347479134047685,-2.266661000842905,-3.2151761307772087,-2.234005047284604,-1.1896342005410214,-1.5660390054133013,-1.565449800380378
-2.6687802793834385,-3.4955999891341043,-3.4643053281431198,-2.078092829196687,-1.084192166088894,0.5569587767070238,-3.408880989789631,-4.08524492772579,-2.563646985786855,-4.295672390179162,-4.539608684916825,-7.082250325769088,-3.068089788079452,-1.7817504750010509,-1.795429075480215,-3.1598107534834305,-2.0883238108303948,-3.3502509239721987,-2.5883482553628387,-2.047716505249012,-1.1430870265073725,-2.0013045559465095
-1.6754683325905706,-1.1436241412639305,-1.4389392900798768,-0.9792357279147194,-1.027626086194939,1.2755216602119455,-1.9978552312857525,-2.3838408771632946,-3.5374631937339176,-2.0922182917880865,-3.534582773879548,-7.732292405226555,-5.127788476700466,-2.160924704345618,-2.1090339683798836,-1.9458631111031468,-2.3990363198274984,-2.8280019377076364,-2.7706531357522177,-1.6306855446620805,-1.6800030115297464,-0.6551061217054052
-0.5353042530501719,-0.4496611659510258,0.4214901342014735,-1.3510810191643903,-0.9718240660496575,-1.190036847517468,-2.0101343772000777,-0.7149044140276483,-1.7771322336090123,-4.287992441396208,-6.22281986108002,-8.621001318669089,-5.702319386115382,-1.781654769586758,-2.8134263292389283,-2.327381766758112,-2.336127994932859,-2.8576029692163187,-2.646197464075558,-1.9939866839882987,-0.6001058650572142,-1.6835527619806772
-1.4263694411334913,-0.13254344711702115,0.15880952512568156,-1.1164053904153424,-1.6728798457450424,-1.9405500097607802,-1.1306528644819773,-0.7837268188995838,-1.4479859194730857,-3.9345242661859463,-5.497472546278507,-5.795832806033041,-6.815816667790812,-3.60644988184286,-3.005732913327075,-2.575239292738417,-2.3481934598179173,-3.412724801630011,-2.9804446243500213,-2.4060175888555486,0.1378365749774909,-5.816190906181241
-0.21643103078314824,-0.0157866206268691,0.5807759333368494,-1.0927669434325022,-1.681690469289918,-1.0025231220086885,-0.1089682941674848,-0.2751439449231559,-2.5549407876735852,-1.5651971000708746,-4.165935281927332,-6.698183315003038,-6.1904017857801374,-2.09390504991891,-3.3164685327002474,-2.7048307979265975,-2.8510245860966084,-3.0676438683512637,-3.2874920741802383,-2.0576501041883017,0.5974543720309147,-2.6626176124430865
-0.13151775276573258,0.23668795436760123,2.1531849158182843,-0.4145706262601816,-1.9929230454902864,-1.2626373454857474,-0.19120298253653284,-1.1192954490708922,-2.0266388792351675,-2.9125749624152837,-5.695117257968863,-8.70812084645636,-5.9217419643179445,-0.7644193546848602,-0.04596277606407239,-3.0738244024823453,-2.0589630882905956,-1.959765441893584,-2.2235408883828054,-2.496290734334717,-0.03252956909281383,-6.5512113527228175
-0.672502012976688,0.6336040465067926,1.8471593314750223,0.27756536670743287,-1.210431189992925,-1.5535724127206048,-0.2023228105637767,-1.6103235552342614,-3.5072469527110948,-2.5005179183437978,-3.269284243851401,-3.2446469748941174,-2.883574805397537,-3.2533539136485228,-2.2054417113475706,-2.9870881010113806,-2.090068409426297,-5.485630847387976,-6.962164733085795,-7.860035412708764,-7.43483234608513,-7.221831870015088
-0.8676086579804062,0.6998091665686429,1.2333964504553676,-0.07835488457414402,0.5958802337441136,-0.7426210631744437,0.9748964940127044,-1.8360082164720581,-4.330369195721289,-1.722003442088888,-3.2256303216792026,-2.2576061970066212,-2.0930924770839856,-2.99909358291103,-2.255761425296435,1.488935003471616,-1.083889341153677,-6.574849488564382,-6.442821111418179,-7.42505180002303,-7.025754905313292,-6.973873704980105
-1.1789023019502722,0.4863466962931262,2.351166190907893,0.050856033964659604,0.2965143273028362,-0.8638028559326281,-0.689559090895672,-1.2962108205250789,-3.1359741110486494,-1.845622096614207,-5.573840514770448,-3.0043844176402437,-3.065221095271418,-1.792862748520081,-1.7175010912672164,0.4180555155742337,-2.669891021140878,-6.834469864834428,-5.195345273615476,-6.748917776860832,-6.452763888622518,-6.412864690019585
-0.6457526326424071,-0.4557605521915039,1.880873286783677,1.9243018687526654,0.31624590025110133,-0.8741160585478789,-0.5777933973787402,-1.3761741894452082,-3.0881275928690806,-3.182146127820829,-7.112040813930483,-2.280428276434663,-2.6052729493863467,-4.465120323012525,-2.6173396709346908,-2.438366384212445,-5.091558866775742,-3.9984589629696554,-4.21397124117206,-6.959630199181653,-5.8423337588167055,-6.009576516811783
-0.33529518913103845,2.1463562430467866,2.1931392795473803,2.4403320419578507,0.8277833192008862,-1.1126928182791613,-1.7820036635380176,0.3425507044214966,-3.2364065412451795,-3.980911012026968,-5.217257644226966,-0.22149657322855,2.5388438550863466,1.1242802233316922,2.558071350674297,-2.0569014016968317,-4.632061426878338,-3.9684105413520396,-4.113377308771611,-7.180868767649923,-5.905875817295622,-5.739417754313349
-0.9436768679943326,1.5382296869703735,2.4574825537149514,1.797133971203567,1.5148494273936606,-1.2195048897524448,-1.7108266598674549,-0.191693059590282,-4.5299567200772515,-5.800245896510133,-5.648836348643344,0.46246476888472987,4.32912770424066,2.5244381438796255,3.2444590887667415,-0.9422115118655279,-3.6424662337155156,-2.667548943507765,-4.962531364387606,-6.613739408407839,-6.020516709212896,-5.0870377568203065
-1.3481507302685474,0.7683373206786223,2.6607623915518874,2.388567402644292,0.36450488419786203,0.07345781867451062,-1.9907859786459943,-1.6957816208436973,-3.5721407299643264,-2.173553267514575,-2.883284902846662,2.1038019294120396,6.198193026656177,5.306027483350446,2.5090759988429903,-1.9336861789238196,-3.533343035634347,-2.1033493215636643,-0.4488652351512209,-5.606446476712783,-5.670880899192706,-2.628611722711641
-1.7429100373310713,2.439119782605325,0.45381607718676664,3.533458319817036,-1.0214297249409294,-3.13558830435026,-2.008834911257708,-1.0992541741301471,-0.16131357236415764,-0.5744032691782108,0.7381944901001407,-0.1528210937123918,4.593070535797457,-0.7072502890057641,-0.3975728824131621,0.9850999292269835,-2.278126989970649,-2.155126016792445,-0.47263384690256843,-4.999789258261085,-2.931267924519522,-2.1830161403387636
-1.514871165138377,3.320658555362956,-0.870252307255088,2.91876553849164,-1.0846453934361087,-2.0573966082421635,-2.1717782237093197,-3.276818402848947,0.24111236053042154,-0.16629298490395636,0.604965391638704,-0.7625162460957873,1.703058419616868,1.8260265648014091,-0.2525181913744287,-1.2557013147135496,-1.2037245450267997,-2.340380782975903,-0.7084599528513741,-2.8441807348157577,-3.20649646237352,-1.9636946642011166
-0.7970622330184425,2.3307742773818934,-0.10875751787504083,1.804900333177792,1.1110054211533924,-3.0275363225955214,-1.5590283752816991,-2.214108745721175,0.4480506027036191,0.08241705696895738,-0.13315058856815745,0.75012033940543,0.5521757279375759,0.21665090654043462,-2.081605915876517,-1.7158725030042752,-2.567635581688573,-2.4963107629572456,-0.11244349421351976,-2.3986273048553732,-2.693825691891266,-2.568186732479415
-1.2497093055347683,0.4480663464355206,-0.2252561886315314,0.10787653117720569,0.20527046064753035,-1.3229605924126568,-1.0889108879262601,-0.8456807312550889,-0.833461908637108,-2.03147658133487,-0.10201790588805794,-0.5008114132436342,1.2609803439312186,0.46520185878080644,-1.6503431631877665,-2.445375004298763,-2.2819305675916906,-1.5131222206543713,1.175339331170723,-2.293918954327615,-2.5867983002471604,-2.402734561524763
-0.8732659566192558,0.49458313054745695,0.7977513758969411,-0.1770030772874127,1.4747084715477852,-0.5654395711441595,0.4823634624368979,-0.5531933402960761,-1.0492866524030655,-1.9630636845208784,-0.867597579627444,-0.618924530813454,-0.9903130827637726,0.15135933350616232,0.0346901375627402,-2.184990274956722,-2.426283718095784,-1.9717178074991402,-1.616525727661689,-2.962662144740495,-2.1165290461008395,-2.929836722646024
