script/wind250m.json
{"header": {"parameterCategory": 2, "parameterNumber": 2, "lo1": 3.000054539987559, "la1": 64.9999836372058, "dx": 0.5, "dy": 0.25, "nx": 34, "ny": 52, "refTime": "2025-11-30T02:00:00.000Z"}, "data":
[rows 0 to 23 of 52, columns 0 to 33 of 34]
9.39339148267717,10.510807277991377,12.037032248092276,11.805232199580539,12.169714739635419,13.002462007936046,11.657325473701986,12.85207157555143,12.517416891555634,12.48843350234135,12.719444669897442,13.256906428030355,13.560340552997216,13.600677006824927,13.703802401597025,13.911119738403878,11.625306674366264,10.52422042494717,13.111430419905123,11.162880079024978,14.153932514394823,13.17935621655264,13.112819659720628,13.116262046437837,14.61994461332895,10.230200259653285,9.024579997495616,11.793114834611833,12.710597633094759,11.439272846653687,12.193490027067,11.796497104330081,9.871795871218977,9.355105727468473
9.379748451619047,9.841333977810445,9.915184302893033,10.557399019746969,10.039975674160049,10.46013464035924,10.680215237865514,11.033047411603642,11.266835947439963,12.132433907059822,11.86779360987403,12.423646875137461,12.609438067174988,12.491082826984423,13.543573577641569,13.232441485831623,13.15689219613364,10.218003352648239,9.029093508810448,12.440661004454512,11.138533958168159,10.907652507768274,10.014209505804715,14.157546086106736,11.947560998867539,11.806121927602298,12.401083277371228,10.708669358560902,11.181845382075492,12.065973398139075,11.592715061102226,12.94689614362308,12.127609434778634,10.887413353369874
9.548172944008149,9.391008725525595,9.525890279193158,9.245534228432614,9.535840717487558,10.015686168913891,10.491974812721741,10.63297541177352,10.12068548469118,11.586361862672838,11.71236604919722,11.664815985352494,11.616224921999688,11.871067737895254,12.320610857036582,11.057150572904138,12.840601410797676,8.541957236698332,7.691381764314203,10.028836808914345,11.104742909135384,11.22403681405195,10.350714188028348,13.60946579785924,12.454977785443448,9.069010625245607,8.593592439600656,10.297276735165973,11.529570143805921,12.725533616415259,12.654594022110913,12.04610906495176,11.703686710481987,12.139888808802029
8.106592580344834,8.17624705266051,8.4402136166585,8.730381919830814,8.613929031091073,8.832073572012058,8.957188312605089,9.52129446924808,9.592835362989632,10.783252955372975,10.708077250042672,10.639103985539345,10.62210622876267,10.988221623166657,11.045337442059616,12.014667294438079,9.937608447110035,10.274917046887612,11.751849264701864,8.44659354569547,11.281038611724163,11.636059776585109,12.73258168867217,13.690297859375105,9.378272172608368,10.252848967458398,12.686751021965435,12.156735885789413,12.358012940794824,11.230817718646582,12.854864244727606,13.376170640971788,13.382812630944787,13.028783587911132
7.658819117691946,7.7509585075904655,7.595064614169793,7.698788672498547,7.847147815602422,8.17129689436388,7.948562624425172,8.812915851193072,9.104298700085486,9.168868500802411,9.630433376047852,9.839072119991503,9.335281496771572,9.824125899983116,8.76081917324371,9.073541960068377,10.290437856364164,6.51328959697538,8.384133211034074,12.076764761237213,10.805481770379481,14.437407475408884,10.22185670110228,12.178147064660754,10.889092186430842,9.096758359971913,11.478528315898872,11.965178084007176,12.974745263730988,12.219260191344922,12.932280934570345,12.242436437617373,13.552247585696168,14.100401792752876
7.000025449644497,6.610986109631347,6.786326923193401,6.679350994885243,6.673314193154652,6.773809643707846,6.880304787330331,7.112070263543524,7.371852307994828,8.067933895596967,8.295666424050184,7.294338954117599,7.522959611532819,9.124316173578672,7.446851015208695,9.43792838857567,6.176032766220842,8.366983282121016,10.522223479995818,8.338924458397207,8.033331403225091,11.392032409189618,11.385070800555916,11.46505258667192,10.571261404636967,10.882637222504213,12.846720382364945,11.373438803981209,10.183937968245518,14.007463201677322,12.375499591510007,9.958092864502568,10.013155649254136,11.885382139723392
5.584067947607881,5.610508786198447,5.497219719883187,5.138800414825731,4.97088687962668,5.126797616159653,5.198548142874697,4.188310598885831,6.559741622409312,6.734574101561338,6.599071772105733,6.9107492766131395,4.889610606536378,7.257220584603914,7.447163165950734,7.682937193146078,6.976344628858059,8.635187173184507,11.568545873236458,8.6094195005863,9.078005204118647,9.077949353656596,9.917580692154388,8.748099976824202,13.582771267049825,8.124832764545124,10.617924827203751,10.61961294731288,11.31910323821346,12.44527798721975,11.762786999010725,12.074098812318832,12.586983683087784,11.023077532888346
4.1911127872915,4.294495151256774,3.19430445209081,3.004700742815207,3.8016800622044475,5.36326729217956,4.485643532858618,3.8430772081053175,3.0097973682900636,6.044424693172184,6.362834277460058,3.4460497493307694,4.431758130310286,7.066614601943109,5.637988413747091,7.2052096320017895,5.932697677962851,8.428374395065084,10.389113511914136,7.089948369928545,9.210033989817882,7.652904570208977,8.73176918025446,8.167451347072804,9.366599089535114,9.066872347143661,10.023197969158074,13.21818537298732,11.211620534325773,12.831930929197963,13.978471913725738,12.59735902647196,13.763524884099533,14.491092542649065
2.7651212222196806,2.041008036380174,0.8060368681547825,2.146693235288879,3.5424978791205115,2.867888012370093,3.106772459017022,4.019860247855681,4.197088237256728,4.457101458937409,3.5887210339450473,2.6840677127906605,5.956681943466933,6.237575479456731,6.464190205107692,4.385362282778886,7.317274765682025,8.28664428870132,6.553204161178866,9.982626503132636,8.639380176341408,8.337272199844337,4.8932764694708695,5.5910958339838945,9.35172110425646,10.494426970379642,13.362295977677332,12.486782473885826,13.755760852301128,13.357077977321763,14.560467351058346,13.711318376906574,12.66088845082612,11.59408156636324
1.4377849204742827,0.5182278084474675,2.5142216594280087,1.6616657512212845,1.5660001297066413,1.784511410260257,2.143832698427578,2.429866096504478,2.23192332201148,1.003618913388616,0.9454790597221082,1.1381927521136268,5.08334386786944,5.658799784495054,3.679423223400358,5.631296859084446,5.020490720367191,5.893488793999017,6.301691046552076,6.714743946341079,7.310196594166709,10.202929533292464,7.666492525597549,10.055651510365193,10.752544208834193,11.938978293665008,11.450714955133863,12.291357266123379,10.893328733277915,9.8413934314646,9.50592761397057,9.690674061566753,11.47291551323376,10.621544164644424
0.30831448564304703,0.48280352926875486,0.25203993883258285,-0.08566625190233325,0.5512720858659523,0.19543026655632662,-0.30253349562472975,-1.1354502928474293,0.5505337145861948,0.287710318820007,3.1947117487698318,1.6954504330858597,3.2824152535540576,3.5032145627900055,4.1198827892500605,2.5949238563410195,2.161558443601647,4.270829935611131,6.273553195466759,6.7321844098433345,7.736872422674747,7.894031351720317,11.1305761368502,9.445687808915848,9.748354880658466,9.97234269868726,6.86381088862477,8.586923177837567,10.749883363047772,9.288213545671404,12.259024788535472,11.27840525898501,11.029852852199218,9.508963318279072
-0.7146088006916482,-0.6364218839502175,-0.6285488371675703,-0.8756358903455674,-1.5360317491711806,-1.5148521647803597,-3.0966584117562768,-1.364416186352227,0.4204016979840994,-0.5407630686468047,0.6893137139161164,0.7969812856499435,1.2672671481007962,4.069767551200791,3.6570455137092353,-1.1836017115138089,2.804324390040521,7.647815243932995,3.7953001573172673,5.492340652877075,7.395431740443359,7.725001659863834,4.156720235649306,10.681416636367674,8.324854819849255,9.011025890236988,8.574893958359766,8.650083049939418,9.17932572767062,10.886912190555016,11.145796798654787,9.982255373453583,9.762338529750986,10.36520608598094
-1.5458301489984676,-1.6070726364035655,-2.1590414156018505,-2.66075123765835,-4.269795515241149,-3.319498962849283,-0.5995667441294956,-0.33658693107826937,0.11063768053293108,0.7818940730603432,2.8172654562146344,2.0605711573408105,2.4711489351835434,3.482654570791356,1.4309454271197375,2.4605274286114427,1.5759302631695626,1.3759335143800582,3.4113401192256596,3.248787733156298,5.4720986111838945,6.30842270129967,6.433008743102813,5.04882302926359,7.664813899934416,6.766169088431833,5.610951737212584,6.803778517789856,8.289075232287956,9.338100463665526,8.82196180283689,7.891052078599425,8.212237575992773,9.910717664190795
-2.6690330891934115,-2.8750293793220227,-3.250498956396367,-4.673563571934223,-6.838160199608004,-4.736153860559745,-4.811295413870889,-0.9282496142931823,-0.43449299748413145,-2.5173138332847445,-0.531613530598531,0.004070560525055649,2.1227595749848156,0.9145506223018974,4.410526902750952,-1.6710358532871763,0.5730004034640032,1.2127282226292464,-0.19421288667605102,0.9892124145663973,3.0232134364483603,3.460533774192786,3.6880705281450856,3.6243932013447573,5.086879345364438,4.206896045670949,5.074667605279509,6.792695907924062,9.514730498282425,8.56451970686434,7.199682919052949,7.621007480417464,8.049956317778658,8.941353491187986
-3.634283063400243,-3.780417513102708,-4.530003389398701,-5.789516832395048,-5.782696096961693,-8.021823101370673,-5.8512007434444016,-1.434124659872573,-0.4878629331581501,-1.7719436044326644,-1.2323080217195417,-2.370947836675126,-1.9894593096005828,-0.019731030623661026,1.5990472213331859,1.1919035673549825,-0.2194744249961089,2.236124875426344,-0.44798352458326685,1.0511095483787616,1.0897974035057532,2.1995433439013885,2.882413723841363,2.574816779734822,2.4916779102642113,4.133026433553262,5.056966250743821,5.346346629171044,6.982990482749516,5.312726810077687,6.164100580842916,6.798879768574587,7.561870274196545,8.656711327695964
-4.941415418777523,-5.048337413569539,-6.297597918024843,-4.870418090300467,-4.542618220594655,-6.952362114166044,-4.052774908646945,0.5277465196723995,-2.345356770390863,-1.8675693210121247,-1.9060408845088173,-1.1072731290021116,0.3689614295400274,-3.1486296151269104,-0.2624723143325114,0.47793195588058407,-0.9860178628590982,-1.0884520488685407,-1.0710681204956192,-1.6319988796914038,-0.4898501870277883,0.8465360954776636,2.325261402870533,1.9555995099735548,2.3011048671837027,3.5336314666800974,4.452754919426493,6.608317171446976,6.810513891127466,6.332929965540372,6.535078907552786,7.696453435902101,8.84246289954795,9.122882503536227
-5.966593106841685,-5.54080647090864,-6.435679003659044,-4.631901392308317,-4.123978882110202,-5.184658679951549,-5.742203784737885,-2.123896503527303,0.6044309754314761,-3.6158184132153135,-3.483491870712672,-1.9507228325498058,-0.2855145814564534,-2.0830768201112506,-0.7996913823119285,0.8110770318914968,-3.054753529320079,-1.0688176695462805,-1.8441694730377522,-1.5724677398290101,-2.466942284778153,-0.42354314046663893,0.6659960111155773,1.8130715687070071,1.6932396284019298,3.264937185211928,2.7005506086143733,2.576745397908792,3.7120901710817,4.980804375112118,4.833281144253146,5.377129295634694,6.870749529559928,8.539637256385888
-6.7270247721232534,-6.731943065834662,-5.79685174764789,-4.456980340761711,-4.07478682597381,-5.973419635654701,-7.550214693177627,-4.356939978027466,-5.842133556387621,-5.458654140778933,-3.1968418088991433,-2.6039765063727134,-3.3534095193996563,-2.854459087833192,-2.8140180045579903,-2.7008905315468543,-1.3392192699901877,-2.066306090636457,-3.0029494998266566,-2.412341518280723,-2.6263345266254245,-1.4800902456358942,-1.1797583608618112,-0.7400782293189491,0.9512567058002583,2.189948348552775,4.032884102973762,4.061194798021794,5.495618016829102,6.606277336919256,7.6098501476914935,8.624509245890133,9.41234339314383,9.804352422474215
-7.114153424864896,-6.878699532463048,-5.018956133788726,-3.912921299623268,-3.7317440065395258,-8.371221835657288,-7.811701972502184,-5.206792547733497,-7.725136536646385,-7.211956598043719,-5.889778872837687,-4.007077944590614,-3.307746365022058,-4.313146601683664,-0.23972411132660942,-5.836218405931044,-2.549048156047433,-2.7756372483707,-1.4498875184325817,-3.032142332931662,-1.881701890952617,-1.2664016173779251,0.07819680546171043,0.019686292805612175,2.43608042160362,2.7924595984676035,3.58257119593431,5.391416705034706,6.512672534205495,6.970849362564808,8.352680933187473,10.346248729901854,10.388655371466623,10.065818733903354
-6.7909881765511555,-6.423980800598306,-5.120362567200453,-4.027569908081397,-3.475565147364019,-5.636299664331502,-5.7385973833403625,-4.479774174460815,-8.559819382728614,-7.310380123114867,-6.598443904202394,-5.5118374691515735,-0.5318818580634648,-4.031018067983048,-5.062695995596525,-6.20330919429915,-4.090673838545897,-4.7903052726886735,-3.0361312947370287,-3.848936327582105,-2.562466093571633,-1.618835780765175,1.5409675978674102,1.5297599191957465,2.2709578534756183,2.74378704298585,3.4111172030880996,5.255493353170112,6.564141404567754,7.695201113313927,9.029177200367707,11.111299252176856,11.543884021437862,9.455189721213902
-7.566247089523269,-6.431347877768515,-4.8498095242601815,-4.1384043724513795,-4.050469188036445,-4.611476230093002,-3.2343901098249948,-0.5414857541719366,-8.474561679549026,-7.577088656587274,-6.404027327368567,-5.082347460487664,-5.478543054848908,-3.070821554955199,-3.118648215703324,-5.469777966584046,-4.836149773571828,-2.961358732930338,-3.9531302892568276,-2.9229675299311966,-1.787040584365682,-0.3859882046798845,0.8747467318491781,0.9608967922307344,2.6682429351286743,3.7329226152054216,4.06850646704237,4.5871479341334265,5.612071524554884,7.55798665745471,9.15154216053107,9.768472295701105,9.360229572636452,9.195311887005337
-7.7846215398488905,-6.888537511078197,-6.24323697578554,-5.292923193366693,-4.1371292498234675,-4.024971270180518,-7.743236341051993,-11.870041458832942,-9.628442084703364,-5.5374476593997555,-4.878468763024192,-6.463662878918626,0.1618501163747827,-2.9789067723807467,-3.169180818128684,-4.059805404784099,-5.418622939680876,-3.9175793317507543,-2.813560102120044,-1.727924635578796,-0.9971013728878558,0.1191709416739569,1.3787667455015986,2.4731872089232,2.6576276570521937,2.6357421626266886,3.752151423783981,5.168144520507553,5.961916721668349,7.516038819387808,8.37354410694736,9.582061832936022,10.673699389274502,10.911568942259402
-8.669357369161244,-7.652556907077196,-6.481107753905185,-5.873234926242105,-5.752485142251903,-4.856895198278045,-8.73821210829112,-4.681160033152978,-8.98600717469886,-8.871828068995834,-3.8730824012388867,-5.762137521568784,-4.786416974330601,-4.677010007600019,-4.11568440685893,-3.332118556084647,-3.183602861155905,-4.308680102875581,-2.9292506054175966,-2.9526867793008877,-3.0188905294874826,-2.166422706355268,-0.21402119218567048,0.834373636682077,2.9786961536846546,2.5705017859845523,3.881364118560355,5.680810008470041,6.632018700821591,7.907100744101267,8.53438139116235,10.165578234559836,11.234707844312073,10.75114441191444
-8.236253560890749,-8.115325328202873,-7.76744678880616,-7.757472256846584,-7.182818534163795,-5.08838451086757,-6.467980739852333,-10.776725079794362,-11.58617186902454,-7.496828376100839,-3.023875395206859,-4.8815445995502795,-4.260559708617022,-6.266276574827421,-5.6331059511157076,-6.2317792049309375,-5.567375847092084,-6.926140749295393,-5.573396390575223,-3.827458839719606,-3.3553380372333033,-0.046402939491277155,0.4125591248298076,2.6089801361909783,3.176166475957687,5.943772717870341,6.210924424700746,7.83405257897283,8.879064825921803,9.223148390041844,10.057430178227209,9.98363055227999,10.511480872530678,9.593896084951377
