script/wind10m.json
[{"header": {"parameterCategory": 2, "parameterNumber": 2, "lo1": 6.000198445256149, "la1": 58.999992894266676, "dx": 0.5, "dy": 0.25, "nx": 22, "ny": 24, "refTime": "2024-04-13T05:00:00.000Z"}, "data": [2.900326589010736, 7.842683222797498, 7.699980568842174, 10.222832823893903, 6.737505727278909, 1.7285962878206882, 0.0011631523680833019, 1.8960669081600152, 6.322439417728572, 7.601150674425321, 5.158944092238138, 1.3634439306532804, 1.4495904381852611, 2.042672811599556, 4.154196463044418, 6.56365153322635, 3.3023501237025097, 2.904791580550509, 2.643115329062737, 2.1301280110967937, 1.4117626978516244, 2.7503767815554223, 3.5049380327565687, 7.837400240593928, 5.722535527683856, 6.096223336286928, 3.831819088004344, 2.3305083920053944, 1.5894498171990452, 7.258978354019283, 8.746897229576772, 8.52228800959991, 6.35474351461155, 3.2597527404622206, 1.9570352703923688, 2.5768722171147522, 5.213206462917145, 5.4667793630451325, 3.000657854696778, 3.195170765211535, 2.7409019420703795, 2.763877247188444, 1.901749757804091, 2.0346797014435642, 1.1191646755236868, 2.828585246130157, 2.5022925336966186, 2.866666184997398, 4.01928390378851, 3.5446145685955024, 4.948216282587865, 8.136769151766094, 9.449707704536298, 8.282747542604524, 8.11340865304844, 3.188941113425629, 1.7584376292388102, 3.2273128517328873, 2.2654597837540473, 3.3470746043076365, 4.2193002645496165, 3.528758572052218, 4.335007658582563, 4.577772386051371, 2.531970710966831, 2.2306876680927448, 5.5723350916693315, 3.021105747032118, 3.9436062459114125, 4.018993898929517, 3.685975698340195, 3.983974287103993, 7.186424379439935, 7.901485999938779, 9.075441951366722, 9.218175533021801, 7.853739395762898, 3.3406174718633674, 2.5495294580436183, 1.736003416586251, 2.8140624171233672, 2.964053985179836, 3.254434520504968, 2.4482552451688537, 3.5221851420465247, 3.6111315558060735, 2.622737296290138, 1.136312618017074, 8.093178947633293, 9.089551702327295, 8.95397401248483, 7.873249102499365, 9.836970102022594, 9.069236962113106, 8.124279762247227, 8.09321042675469, 9.06643440487843, 9.874524631739176, 8.68330268501846, 3.521547955502074, 2.069758992380064, 1.5445975094207167, 1.725719464891742, 2.386201257532311, 3.355973284581549, 3.6216929391547463, 4.199698878320753, 3.630644751516214, 3.2348748192789123, 0.950339958474288, 8.583909174343791, 10.24586996164917, 11.163871180985735, 11.814395178522618, 10.98950915788075, 9.709785683496346, 8.931681979010149, 8.73607207462464, 8.615258695572908, 8.759353922465957, 5.8540297509685555, 5.49043741005799, 1.8413768106362571, 1.4568837954793374, 1.5810783493548122, 1.8484335590291079, 2.441628305440272, 3.035889347289146, 3.6635242194896427, 3.507743747914684, 3.3591340270815215, 2.3641159091817, 9.447254706975027, 11.029886856189917, 10.982739920799885, 11.116077635581492, 10.620795286453923, 9.566363673951717, 8.757493549617879, 9.087831954837773, 6.745262734368488, 6.048619445904979, 4.819116669007946, 5.358547800401112, 1.5829222796400997, 1.922251770709674, 1.989582173157256, 2.267119908468633, 1.875376677653682, 2.9608595366575, 3.7436498495743105, 4.16716783481604, 3.4278619015405725, 2.2823458704830304, 9.204672630381369, 10.913007451023814, 10.73554680070754, 10.234541798874186, 10.136196507170254, 8.702970064494872, 8.977693852863734, 5.090652523788164, 5.019286958524713, 4.916300681472796, 4.0421436027381175, 6.079936601752758, 4.278593304875397, 2.054422654386648, 1.9993508545946623, 2.2191857849190595, 2.1304371520193297, 2.451965350428695, 3.0949105255367813, 3.7850289987954895, 3.48556385936255, 3.2128659861862072, 9.13013492345213, 10.353424984347992, 9.754698784992796, 8.915734728472128, 8.627663995085223, 4.546180614111515, 6.7060507249936085, 5.856314958745542, 5.051341646963836, 4.317623638771598, 4.746668553463983, 5.6421103489941515, 3.780422589579393, 1.3945034883611411, 1.2794968915345786, 2.0070318809589685, 2.486456854936803, 2.5229147139342984, 3.479935825992786, 4.289491533606012, 3.874965449147348, 2.52444631919391, 9.728034554985559, 9.565373197085327, 9.567457137108146, 8.874454305245738, 7.399802114130323, 6.397339255901813, 5.214921314295694, 4.884165659756878, 4.638480082756458, 4.14290693524045, 4.49752580710187, 4.249422952357122, 5.404570918300421, 3.6346801572346945, 2.141151881229768, 2.5342786952898626, 2.768233365630101, 2.8846236705707424, 3.2843152547385253, 3.7550114280547535, 4.443826579066591, 1.697538800229349, 9.5606838804588, 9.406544628073606, 9.127104855162987, 8.036123828914695, 6.594930603255256, 4.647807432282407, 3.7901166288471853, 4.704725712839838, 3.96275564436862, 3.2194819930179484, 4.542301074901739, 5.271843786681378, 7.02356587139924, 4.963842691600492, 4.024080326205282, 2.206311947561727, 2.6663627067732536, 2.609126467822037, 3.1599078786712336, 3.0528916319012787, 3.661511214124364, 3.5573960513639276, 9.263483541959577, 9.025810405237953, 8.510515096436693, 7.327564573217678, 6.780769409209793, 3.2579498707414185, 4.392483665298923, 4.102675804076253, 2.8977038859230437, 1.8129321069713056, 5.041905050764408, 5.544531710003757, 7.135855054177867, 5.673283808527377, 2.6957884240980414, 2.602678383681355, 3.5147399636326706, 2.7795258026417646, 2.7960764060877805, 2.788155165659878, 3.1273248413356987, 5.394177052716069, 8.557603345016734, 8.618351396797202, 7.509850127081442, 6.854668554387887, 6.475017018065404, 4.7499420992542785, 2.9407325981706394, 3.3469777643695244, 2.5312224280113513, 4.515676608814708, 3.924713548585335, 5.296991421341213, 2.767000217333896, 3.722138416610912, 2.4629766797203665, 2.430936133473065, 3.817885346931067, 4.398552730968105, 3.405116253257644, 4.467056808225184, 7.249562327225812, 7.621523411474585, 8.116911654131862, 7.627189225875859, 6.840387312588746, 6.550341033592191, 6.615899079999198, 4.372851227568219, 3.518070696898383, 2.5334066688840453, 1.8728056686861352, 3.0848670814856702, 3.078582555049917, 3.339937469865991, 3.7060423269970637, 3.696904293751603, 1.368378071098073, 3.055452231597313, 3.749883968335187, 3.7435261363867847, 3.6772304358415977, 5.467128138825998, 6.837698339663545, 7.276244868745249, 7.645903770283884, 7.282263817364146, 6.053463759269125, 6.60312534668961, 7.099118677107296, 5.199739898888275, 4.24376891734203, 2.674956389041328, 1.9220559247815137, 2.763970480140513, 2.7531005082413613, 3.116117477284877, 3.071494522020272, 3.712872642677737, 2.1587258190303817, 2.8980916050084775, 3.637993344983216, 3.4951515519817464, 6.297363938985628, 7.2892713609994315, 7.445584107062316, 7.4463259187417625, 7.458841448053267, 6.145505168473007, 6.087685542455279, 6.580591997610796, 7.2416731352318005, 7.250696237681273, 3.917425165797897, 3.669563454623432, 1.7637273679628616, 2.5868452397946373, 3.587550777926116, 2.499995328715794, 4.288726723189448, 4.427931657911574, 4.6289745653723955, 3.80586353725231, 6.731373348376579, 7.5305493491504505, 6.257261770619096, 6.932426988388978, 7.553593602008826, 7.726263756221074, 7.136285239243176, 6.797697678765136, 6.667126028809303, 6.697377548975783, 7.351844094757331, 7.331090034139929, 3.6169959517074037, 3.8282699917305845, 3.8693173168544397, 3.8996813729497735, 5.4243877600187975, 3.896221860912651, 3.2918104526541256, 3.714312466457589, 4.229292379603551, 4.459941058779887, 6.762914078242378, 7.554174943722905, 5.557800096708791, 6.88725083608134, 9.338150970060378, 9.079310495317056, 7.305656684129751, 7.260128303644036, 6.947868366466688, 6.522818678603633, 7.115630588558268, 6.276945458454075, 3.8710380589389994, 3.70437323563003, 3.770782935602348, 4.704760902899778, 6.6673737672673346, 4.175413139837522, 2.3322850020783945, 5.537257892361634, 4.792024496010286, 5.461710884672545, 6.0570414477404695, 6.471980249521242, 7.401785281328849, 7.52867855919007, 8.368187229798101, 7.921948214919082, 7.427643952476586, 7.4102482713205395, 7.068191856939792, 6.942259735201839, 7.978689608094822, 7.8230740367138925, 5.596943251744724, 2.742715064569588, 2.368120180418496, 4.781081532087937, 4.82976104133047, 4.766436899957986, 4.440311999457021, 5.280954887094728, 4.113219024585606, 3.3138444016921182, 4.152918990985261, 4.100178512245007, 5.920952731337724, 6.76366880032406, 7.9948233622224985, 6.078097904762623, 7.662436609555855, 7.339470122365615, 6.580535021895018, 7.960888231797168, 8.090179003344478, 8.278551341240396, 3.991307720371981, 2.249230941752859, 2.062218200652244, 2.791928682988357, 2.290636065598528, 3.6775729427738284, 3.4752232752124597, 3.782478312564927, 2.2379335979787935, 2.680801193666401, 4.811930378689835, 4.907008536810914, 5.585973627708235, 6.724394731163816, 6.303176065137993, 4.743991333700677, 7.538398845886892, 5.922506449379383, 7.384021608131449, 8.082780733267446, 8.311623616195556, 7.59513152815262, 3.213132604770085, 2.269977842790596, 2.2655536922525044, 2.2522748118728364, 0.788456352760148, 0.31159555792712357, 0.3393357345005466, 1.9223273740307403, 2.6558981720867862, 2.3057928639119445, 4.752163202932618, 4.036390821951631, 3.7635707360360655, 4.69470561772254, 4.567024022935577, 3.900894694770794, 6.849882146789903, 6.257964071192126, 6.989154781144413, 6.01855747221446, 5.547451269006838, 5.208260325307595, 2.6984286822932737, 3.161415119028501, 2.7574824269715053, 3.1243552441286715, 1.9722631997192184, 1.6518861944520524, 0.9333818111851616, 1.5548946251989693, 1.9692267216390873, 2.46643436475607, 2.842969774936019, 6.238378100357933, 3.4284817824222085, 4.167758436259098, 4.557950157891393, 3.886563844916662, 5.929413775338292, 5.027234804487462, 5.706205145395111, 2.723014849623966, 3.2827826863918346, 3.2167814929602287, 2.928548997124379, 3.0829965041619225, 4.6394478398702255, 2.6840113442208415, 1.9573369971328183, 1.6321666177050305, 1.0806991586745374, 1.3772353448800925, 1.9218049995958488, 3.441214006844506, 4.183105868983399, 2.6691946508934143, 4.225334661961767, 4.119394348343286, 4.045214594965636, 3.574428791820438, 2.250043058525203, 2.551904975350609, 2.8962697123784236, 2.966437775031615, 2.8025661081982283, 2.659912100658705, 2.477338735215058, 2.9293128903491223, 3.51823410708371, 3.107707110028761, 1.7394017610997208, 1.150579811150532, 1.0934650908606622, 1.0547926224572304, 1.8064738897221524, 2.067402051412182, 4.513581017482161, 4.062358062424428, 2.9692162496067516, 3.3326535912724613, 3.4705898669931647, 4.572345382724724]}, {"header": {"parameterCategory": 2, "parameterNumber": 3, "lo1": 6.000198445256149, "la1": 58.999992894266676, "dx": 0.5, "dy": 0.25, "nx": 22, "ny": 24, "refTime": "2024-04-13T05:00:00.000Z"}, "data": [1.4253630651887115, -1.0823697894670965, -1.8754104280625838, -0.5425239108502052, -0.3681594598785571, 0.3094916552221128, 0.9788083396692775, 1.7802617830133214, 4.789359090710836, 7.951851831254358, 8.673763570378448, 2.9372448563651323, 2.7889560412499885, 2.6076777796798956, 5.7961197430321505, 5.976461766644128, 3.8548848345677325, 2.0114244666832457, 2.4912766637036827, 2.120289328165425, 1.4372041755740252, 1.1888801542649152, -0.4609235575409355, -3.194194486354102, -2.5101530597942174, -1.2993484782405544, -0.42695012105565594, 1.5531886527102234, 1.7456140509776459, 8.148390998251642, 8.603242038551395, 9.345703140504964, 8.543220818044329, 3.7758865816303127, 3.273987470110854, 3.779368657208026, 6.291374122245488, 5.933951469272482, 2.2542036824025753, 2.654383840797572, 3.2685134698473046, 2.213339607627538, 1.6536940524556136, 1.102375880638456, -0.43502254364981396, -1.1982328913889542, -0.4012435234575626, -0.3381601295939707, 0.014042600411269531, 0.5716061795170344, 6.540997861647562, 8.13206454990677, 8.490998122026514, 8.485286461113573, 8.132349326608429, 3.6436663132493146, 2.6035704882599426, 5.31934603670559, 3.8099866813074152, 4.1680874417434755, 2.698714850768312, 2.445737163597664, 4.109577411780859, 2.6762224585395487, 1.7067021264927815, 0.9289160422772984, -0.7848891549836359, -1.4701006716249598, -0.4813535394460247, -0.8000743008791322, -0.4327681665200305, 3.8346987600249935, 7.084832435213905, 7.752411264341148, 7.895155400061661, 7.934134568500158, 7.1910425300592475, 4.380709179938859, 3.433120460330033, 3.4054645265650594, 4.858471835360769, 3.9849215629006824, 2.8059844247720767, 7.13798187041266, 2.1762590845764307, 1.669725491004512, 1.5374849653546876, 1.1018368531266187, 1.1312191002399792, 0.48297094602854473, -1.1577866611802794, -1.1022778814599776, 2.5407825089306937, 4.45332907530127, 6.287500031836589, 6.824561389918957, 7.277003208468201, 7.75669795509433, 6.756925306018327, 6.349502168494669, 3.316067026843153, 3.616955856638212, 3.3912685687344797, 3.4323919784499917, 2.3871519222761233, 3.277659151468815, 2.4396460562531983, 1.4713052124918378, 1.5525216271361382, 1.263291188780546, 1.5858164400644694, 1.1690564004112955, 1.3096620878450256, 2.1667936250512088, 3.209454146804868, 4.56818274785954, 5.8818547460549535, 5.953630759319029, 7.121548386913904, 5.962811691343316, 5.748675292672753, 6.501950599631906, 4.893242437384992, 3.412024743430092, 3.288136876277961, 3.08493100137671, 2.8979900202345683, 2.576957181878797, 2.289316532976107, 1.3705140202909938, 1.3177519189120253, 1.1757601866759009, 2.087050337460492, 2.0329901025031543, 2.235111045333085, 3.4785688773517363, 4.293598549075004, 4.982057071988528, 6.060665958096713, 6.202110805273532, 4.112685664241434, 3.9088332821874348, 7.651741191726834, 7.367173007891578, 3.855794523903144, 3.087334879931061, 2.6446244046550347, 2.2187527601492643, 2.686339714174534, 2.0979546154092237, 1.9620628111444267, 1.1896586111802243, 1.2636006207706416, 1.0355169925430312, 2.7992934072177036, 2.6150969836023252, 2.491338913602846, 3.209530718506889, 4.0509445023108634, 5.839075662526015, 6.155581878285153, 5.57312163568155, 3.493234053091301, 3.2949805889229355, 5.887959820105759, 7.931117589280668, 7.308633522631658, 3.5250057265427293, 2.8044998626850974, 2.436995934151689, 2.378872387756872, 1.990162132088742, 1.894532420696661, 1.1231807825404287, 1.0588619067281035, 1.3283938176618981, 2.0378648722841453, 2.5879609297277266, 2.7479902823688853, 3.3473730560132084, 4.42683233823058, 2.6265016828290384, 3.74182260437339, 3.6944464495125655, 3.269002605989467, 6.392444512998788, 7.651239464957751, 7.222852540258292, 7.378050554780481, 3.7064280686805717, 2.7816305918709783, 2.409093122729191, 2.6131441415946446, 1.5389461609887405, 1.3538125277226587, 0.8569805038477417, 0.8702864028481422, 1.332192623200551, 2.8899500002678917, 2.630302377293529, 2.5325782468130664, 2.591506902452277, 4.316384728046363, 3.4303537828072734, 3.0343319806979605, 3.564160649052836, 3.3072949894176817, 5.826256497598019, 6.162764755322287, 7.223819648358058, 6.743293428200777, 7.234162263962206, 2.723147099355035, 2.4005387999646683, 2.074547407117689, 1.393658223074284, 0.6897074739331164, 0.3049306784474943, 0.49377607249961386, 2.122826771365595, 2.3683318171462586, 2.522375124480766, 2.071732459503893, 2.8920261691293674, 4.873610888155074, 2.9336855312604895, 3.1247997721929526, 3.272254772616161, 3.6154071726847157, 4.934531187880104, 5.7971242891007, 7.4111713816930465, 6.106456276418102, 6.139783828173227, 2.971584965622197, 1.4212848821533923, 1.3548366305320247, 1.0901335266568772, 0.5161373305348406, 0.2934116582432312, 0.2780615506093372, 1.4484528250472044, 1.817202415519311, 1.7544906662282995, 1.943091654865867, 3.2606014240528234, 4.970448874012539, 2.08433779666496, 2.895728234009156, 3.3273561003449204, 3.168523694041419, 3.8408698479633787, 6.756465236010998, 6.76117842226944, 5.608345711531999, 4.757202115840984, 1.7069433594725991, 1.4737109030800957, 0.985066821392458, 0.843525841259458, -0.03284271578815822, 0.03304124946517949, 0.9414577262423931, 2.598654055533338, 1.8324040528312786, 1.507295219734183, 2.1955409812409026, 3.5022237224893376, 4.672875684116542, 2.5320687773131856, 2.185925104566502, 2.3695909495174545, 3.490994621867942, 6.116528757853859, 6.697113966733496, 6.155330677423399, 3.322737081911284, 2.080989580555175, 2.519068217926283, 1.6169646433076994, 1.2141781775139724, 0.9562329650384186, 3.4917368803617554, 4.032590447148859, 3.0419671164098667, 2.421446736181612, 1.7834164654495412, 1.6973653418961867, 2.5977603138620524, 3.90354542324436, 4.609391897420302, 2.5118333786364127, 2.5865353761731313, 2.5894676126777996, 3.803798534148398, 6.1051174345494905, 5.8656597954801555, 3.5623322090934013, 2.7476082107800073, 1.8521048891067828, 3.130739767738739, 1.4254716662375502, 0.8528798119916331, 2.5995022345429986, 4.433492656438701, 4.2521941732418735, 2.3360221407356034, 1.535594704868106, 2.3584637628068577, 2.384395359401703, 3.6150172462567105, 4.278511570650701, 4.654087708660665, 2.4378747321467564, 2.6450724691617866, 2.565722623070696, 4.398412873319584, 4.515781822995686, 4.550820392225138, 2.9477316527254556, 2.2387810785092817, 3.5400269516014227, 2.8565959028515335, 1.8438507282427057, 1.3305477938523702, 3.987309299676966, 4.768914888452327, 3.8446254421094785, 2.366545810749481, 1.9282478505523442, 2.1389201421192734, 2.7539560446725133, 3.540034966028489, 4.444707201748005, 4.527661806376207, 4.554183985198837, 2.7293077605892564, 3.0850725984656413, 3.2699503070465643, 3.746820003541256, 4.330380373468015, 2.0798027974174604, 2.228145184131639, 3.3281738922053927, 3.8503543352833813, 3.9605552385223244, 3.1831746799049423, 2.4036809572716695, 2.2751311119896993, 2.5239613004563415, 2.858191404158099, 1.8997754056490264, 1.9759803235318958, 1.948402344720765, 3.279283373289978, 4.457771388327374, 4.463020817336781, 3.746382195389667, 2.615839097306617, 3.614474544117306, 4.599563439380864, 5.416674694429279, 4.101761943350928, 3.0752353199278337, 2.014942541465179, 2.2214614195316744, 3.8187361794653745, 3.946171019340465, 2.894944036861237, 2.017518895010504, 1.0945186455819287, 2.1323754752039292, 1.328248365993056, 1.8592452609955608, 1.7030990048632637, 2.279713818212385, 2.8949354803545395, 3.5038483465122385, 4.208482028882403, 3.5180602976548, 2.263864784272855, 3.079948353329598, 4.464337613420158, 5.998003958530165, 5.54350039539472, 2.2769238989634655, 2.482147258124579, 4.069156840519993, 3.5187331868854557, 2.7861863003797653, 2.03333456436952, 1.5508771573081772, 1.452034831290659, 1.4501218572703594, 1.5085588925222355, 2.0065108679921906, 2.101812818146786, 2.4460212836566653, 2.475197107163303, 4.482869789719029, 4.637237968914554, 4.2593610431596804, 2.957459053763758, 2.689385746062601, 3.8158650755123, 2.8578435174932926, 3.075625443950997, 3.551421575911715, 5.261632621289616, 4.058934517762402, 2.823148498447724, 1.1178731974081695, 1.5516348930152641, 2.4955242446793298, 2.068202728173962, 1.6392304638206092, 1.4353366625651685, 1.5442607990089863, 2.7253944954200944, 3.0303183408603593, 5.035308704953291, 5.375307377331471, 5.1363578299896755, 4.530561400838615, 3.1233459730667903, 2.6910174068047894, 2.7404381445756285, 2.171085469924267, 1.1150913774194684, 4.129836698971543, 4.02616856750014, 1.2409942587906702, 1.7213454398562906, 3.341310470693868, 2.51880061042311, 2.508665407245978, 1.7979381292014016, 1.1542761595542728, 0.26539061472988107, -0.39760546328660756, 3.240361491238996, 4.640186711645217, 5.656970309469512, 5.411453478559961, 5.064104517291882, 4.881973424388508, 2.9969379587253124, 2.5473096948394764, 2.7787697948557066, 1.9745490688680865, 2.1764705045746573, 1.7448028018279682, 1.3303408022709016, 1.3997370323084493, 1.8751005469255875, 1.79027462785503, 1.6981252917877971, 1.899827640891599, 0.4138914967114337, -0.18740684445681258, -0.5760767104146436, -0.449529349413842, 3.828360242785255, 5.235530415349571, 4.947312281445787, 3.8730427108890813, 4.051104355834533, 4.55868205735254, 2.5457445770574423, 2.975599114497686, 2.0517550050346633, 1.4411170381874465, 1.7031172819429816, 1.839994460633347, 2.0165679401592316, 2.048103580479812, 1.6338928686054448, 1.6704784565561979, 1.1904753802768036, 0.5620510196339813, 0.04272546061074803, 0.2689657769755914, 0.06610669798996144, -0.5214596544661246, 4.380055124503801, 4.615243928550373, 4.210756348244921, 2.058964547702858, 2.28723350744017, 2.7216815566502452, 2.2592134373002253, 2.543279292050262, 2.137865309782407, 1.8123611469007912, 1.9479552533302271, 1.4619431110445489, 2.186330276872378, 1.4564451888489076, 1.8192364402990913, 1.0016787651222656, -0.17289031995654616, -0.2590890148880415, -0.5856159127787893, 0.11488918866158652, 0.19853826741087763, -0.24820214050016165, 2.1644069680136475, 2.2016882673130636, 2.291203798925374, 2.198623581791354, 2.001578330060785, 2.3794834579799096, 2.227197040882252, 2.1366575030143347, 1.7084166123856612, 2.093197623070185, 1.549858627546709, 1.8683858529322954, 1.53784777414819, 1.5547388080657087, 1.2017187919509371, 0.9046908079515422, -0.3783773030685122, -0.6965506230748343, -0.5441631581374904, -1.4411806242534952, 0.0985460950151986, -0.7624577180066386]}]