script/wind250m.json
[{"header": {"parameterCategory": 2, "parameterNumber": 2, "lo1": 6.000198445256149, "la1": 58.999992894266676, "dx": 0.5, "dy": 0.25, "nx": 22, "ny": 24, "refTime": "2024-01-21T04:00:00.000Z"}, "data": [8.811479400934562, 6.331853278141865, 5.250328188104511, 9.095915580830255, 8.480807892076331, 3.923325580994008, 6.3613913600947365, 3.838685509818146, 7.8691799041656525, 7.112379602114034, 7.862293486069009, 5.263482660325006, 3.0286903914735084, 6.362435649480682, 0.4141022436760955, 6.269349838734041, 6.656932604466498, 3.6245841172338307, 8.463019319262022, 6.905540439910099, 8.426066046156189, 7.019321892222395, 6.007331895608067, 3.1293762197040413, 9.433747508557596, 5.037992609247992, 3.867241252291861, 6.985161230313033, 7.811873428707852, 6.641588938943039, 7.63714317463169, 4.997838001282921, 4.9588058060730935, 4.0295203995180255, 13.356041812393247, 4.654556392601204, 5.237249077907418, 11.631644513034397, 8.937316674445578, 6.172190634987083, 6.67489977535028, 10.196507947600262, 7.894870692184726, 6.499781259159125, 6.646715527780425, 6.618110386029371, 4.406079122424505, 4.0753811450268875, 8.85765507404874, 4.222397781148389, 5.612978270203394, 0.19058167927560635, 7.302895326262459, 8.513761758846734, 7.519760265599785, 6.437259072695483, 5.9700468119624945, 9.25351087164379, 9.43767172681263, 5.4878714774704305, 4.605345258006111, 12.383859977800459, 5.140507956617451, 8.154412948672947, 6.192566280650504, 5.507888936437753, 4.031932026175239, 8.355134748377825, 3.999523430307308, 4.329322144064774, 7.111735503176285, 6.935399804658681, 6.238787986643404, 6.325087458711822, 4.906222531109057, 8.114759906163576, 5.414040392529376, 8.240805377595603, 7.098555325240751, 4.389680934106901, 7.654926422354405, 6.659541611947513, 2.0654445119221307, 8.618813642782023, 7.680747169993986, 9.619280392510033, 6.776794748358294, 4.778586901759116, 6.198786409660994, 3.857656631946662, 6.781748525511458, 12.995758037904988, 4.644930176470197, 2.448388089641162, 8.043837953459505, 4.465538921926928, 5.850247469476246, 7.577930923126867, 6.630735405460679, 5.720234634845326, 7.493487624806024, 4.605869178129397, 6.26420011586558, 6.322775973268221, 7.328137497393338, 8.258347911310768, 7.427998144173391, 7.918144070470677, 3.3175827097723163, 7.211180506937179, 4.880071670420523, 5.154200579224345, 7.58645895526551, 6.390755622950277, 11.306726610662146, 8.615408129929513, 8.615574254486184, 7.931020806061506, 4.482821436296805, 6.963009866060305, 12.384647454658733, 7.2748875841206315, 10.346771032679346, 2.150934712814147, 4.076345073138544, 8.346063598777027, 8.145671120687668, 11.74479222380739, 7.293026696342083, 5.418206995621207, 7.133540868068414, 5.682842690269572, 6.4917841549212705, 13.338769642961324, 8.088699778934679, 4.9089784075570355, 8.995195482266453, 5.052461759543927, 6.712047098807102, 3.2145328566466462, 3.801201134355995, 2.6927474980307, 4.44358976666784, 3.8425741579427775, 5.239895266857214, 7.509115006949498, 13.217985351209832, 9.4275262756017, 5.55010030836545, 6.526030590517767, 7.063412324069013, 12.710511805971338, 6.345729769428154, 8.157322577382827, 8.29215445122442, 8.787753858644631, 4.435930239738842, 13.67584672664402, 5.108036686170897, 8.341951600882245, 5.361129337557262, 6.839421584477884, 6.0718519364895105, 4.6058838271132485, 11.534949660997533, 5.906293765900846, 6.214186905271947, 6.02248580196127, 5.2183040359931, 7.245475975578179, 8.495280278420783, 13.153308629895651, 5.882614071735287, 8.76766556068868, 8.76192262150611, 6.8769387228452965, 9.937639026180634, 7.886797957502122, 6.3072857602048735, 5.520489053603334, 5.4286974421383976, 3.63689573724323, 3.2265921824224524, 8.26769626264056, 6.377717701374449, 5.647044573242652, 5.76003825990478, 8.269245886927806, 8.047181297522522, 7.560238592682229, 4.932857337717431, 6.466203852103365, 12.94058308434322, 8.150802290250759, 3.796278063539545, 9.328168038105762, 9.491183163240068, 7.989295683501675, 5.840120292696853, 6.523331157894431, 2.0833801579087354, 8.141523224182682, 8.322214029998424, 5.617595391598584, 5.951633552834328, 4.338783425891829, 5.698705780408106, 4.986738980296362, 3.757339871866529, 7.096356691546029, 8.421353625631822, 8.088629363589241, 8.406257412431044, 7.272605323043602, 8.341886316395533, 6.85764424746676, 5.766380735323977, 5.704356652444606, 5.0084371294765715, 4.248342098991869, 4.98588766446062, 8.514679480507407, 9.792927136511139, 3.260674796874247, 5.276404051445863, 5.404837919850511, 7.415792459008929, 3.8674542563313654, 8.640722819478269, 5.964858144199722, 9.220824563406493, 3.1870786672250784, 6.626024759923054, 9.71540718867271, 10.81289858434397, 5.628596411840186, 11.493663922196411, 7.100411735613452, 5.933486712696193, 8.075876271972309, 7.655060466516489, 7.351276792695361, 7.290470864536265, 7.632696972646767, 9.02426614086856, 5.922316363161317, 6.840323311479758, 7.03497341477396, 5.861932079818584, 5.45942350116656, 9.929916468716542, 5.788041374942272, 8.689576093503215, 5.7650550768893964, 4.841291432953462, 7.65106861351602, 5.362953813383954, 6.751454951228173, 12.15480814076317, 1.4312761710801336, 4.63037071676593, 3.966458689837838, 8.76375927724792, 9.02226861378768, 5.77328832104737, 6.223742827945151, 4.844109433646371, 7.233632076942557, 5.43945066477713, 9.492838833937332, 4.806713364913431, 6.159456874448649, 8.34261768061739, 7.182219706551674, 7.29254798083954, 8.412489233974485, 11.046395372185362, 8.015550976818265, 7.666025455795839, 10.468887376605784, 8.52108199982898, 12.96699800600369, 6.577545810261883, 6.087849560497838, 6.116701131479746, 6.197859181312564, 7.3435498975876925, 8.817119353444912, 7.328452753008799, 3.9183367988004694, 7.531772922650664, 7.789054987789954, 11.246051927348118, 6.391901441076143, 4.852391445221409, 8.713296576364137, 5.930733646969082, 6.555967110656678, 7.715941716015985, 7.876315598781907, 8.478559052664762, 8.198139615664287, 11.48361915255177, 4.1809697533750585, 8.229944266528825, 8.267894334920642, 4.04927509193646, 7.403198679249412, 5.762782056021688, 6.016074998111584, 9.831640324187465, 3.47446950593698, 3.3494161000048543, 10.265653537769088, 5.929374620860719, 8.64024028965112, 6.006256538753639, 7.954387813306574, 9.737276478933568, 9.933939581344946, 4.742609338528495, 5.176348874126502, 5.662968963332913, 7.420805153275306, 5.013983974822324, 6.087834676451864, 4.205244767855401, 5.497515581062104, 9.294803511916147, 5.14976808997533, 7.219751696533926, 6.969969882896813, 9.677318410712694, 7.461000774163354, 4.031817969453502, 7.331975337676777, 2.1365100979686558, 10.000349249177942, 4.813900782579903, 8.349136383900158, 8.011543656154108, 5.91423612998966, 9.280273725077908, 3.894600968003794, 9.03481157228903, 3.736396426036232, 3.021315459967384, 9.76913477717264, 4.539977122124801, 7.494450656062171, 6.1179624818895295, 4.311595003597631, 5.419603768799688, 6.338458495369696, 6.131087260549326, 7.393054912060612, 5.540037179026338, 6.872390237418102, 7.386277749654064, 7.991102085135529, 8.342915509361198, 7.08584018067055, 1.5379683000952575, 13.353209357603486, 6.068268424950608, 5.731534416394793, 6.864051614437662, 7.284200796066395, 4.901018987740574, 5.084209195057589, 8.68174926854194, 6.746136944483919, 7.1143180626631946, 8.752749563345843, 12.973009183631346, 4.898533669222454, 4.3926553499501235, 4.373327360617017, 5.101946704332323, 6.777659929703694, 6.008446779672839, 9.93412970197535, 5.208581830566569, 8.941883033233982, 12.142280578678013, 5.5607868851918285, 4.822879977379614, 3.6854681062500743, 8.284633224545251, 4.553036267031299, 11.012194139168798, 5.329131124707485, 7.352889304182607, 7.7558062715407905, 3.701308566706401, 8.365140722556148, 3.489397127833556, 7.446936289489853, 1.2963601659631259, 3.9459331910218745, 6.674852707488644, 6.758239759087422, 8.670928447780785, 4.022347394600958, 7.751966322197166, 6.765186625889507, 5.214781010434039, 9.239718358950512, 5.041955784955957, 10.59735513450272, 7.5641904535236035, 7.5866873510431665, 9.377242498228107, 7.500794788986424, 9.25561818554421, 5.029023041617633, 9.925282031083212, 10.620933595971534, 6.550048857985689, 5.991960818467351, 6.249982339261353, 8.108635022803536, 9.128222076797364, 7.210871172354244, 7.438924532982493, 8.5247849706009, 7.282857369297719, 5.44937597414406, 6.861975633578753, 5.822725503459887, 7.613801806625328, 6.041768782818763, -0.6023411752287297, 4.321481236466005, 5.7949535548329205, 7.832400403121284, 7.418902999221356, 10.281880821366679, 7.358102518031536, 7.387400588041078, 8.345626644690288, 6.021557651461617, 3.3602319361269113, 6.878484375026066, 4.983115445975844, 7.931734896297598, 4.840627075935245, 13.094742210173003, 3.5701922859777415, 6.771367007655037, 5.283955602118923, 5.728964113864362, 7.120516154453832, 4.716652434430251, 6.944536493994855, 10.70592135489271, 10.07192109186814, 4.879939845586672, 5.391947066536307, 6.243807215677669, 7.438195715312157, 7.336962720809151, 7.746662190424722, 6.554705482289789, 6.171827190047783, 6.0676687972817325, 5.0939908433511905, 4.8912316409978915, 7.373313468395933, 6.4899341858783846, 4.373328390275688, 11.989034870304996, 9.098535297786745, 9.357225631327914, 6.474322267820407, 6.609107040945845, 6.631552517650398, 9.917666527388219, 6.87934400673308, 14.002241733629257, 6.018164465278413, 13.952468874890181, 3.382132897139746, 7.201987472495572, 5.671773618881761, 5.619265255631892, 6.9351591195969355, 3.3313051729159473, 11.10859530219062, 7.701927532750385, 3.107970407117347, -6.333697118232215, 7.412463326300109, 7.792652166923799, 5.4260429852137735, 7.807946577443302, 12.337206324501896, 6.200838299856006, 5.787700524148899, 8.610936617698922, 8.620613054559028, 3.991008598369282, 4.4573471782218, 7.850101025140365, 4.749143776550813, 11.348515035039481, 7.042566823835151, 7.4013375932661205, 8.300412981934864, 6.010456348127155, 5.060623175438447, 7.345011126787108, 8.388382924602254, 4.843468364254158, 7.344436847026348, 6.255230329644097, 3.5284522695049647, 6.531073456320052, 2.8440887967247965, 6.66498910037536, 5.6919515179560705, 7.333190865716066, 5.593211333876376, 5.194651606607204, 6.37099102354206, 6.224319053160666, 5.797923635470766, 7.6904028774031294]}, {"header": {"parameterCategory": 2, "parameterNumber": 3, "lo1": 6.000198445256149, "la1": 58.999992894266676, "dx": 0.5, "dy": 0.25, "nx": 22, "ny": 24, "refTime": "2024-01-21T04:00:00.000Z"}, "data": [11.257096736837093, 17.929033858557702, 3.835935357025901, 7.274586888207645, 19.64210961763215, 18.523630262634125, 12.404828129927647, 7.799685550272147, 9.73278127630185, 17.36691374471613, 16.44875107732536, 10.969348957010828, 8.252162960494791, 14.433196577944525, 8.504672575841148, 13.788923207484796, 17.93926530150315, 6.178981300684568, 17.904031381559673, 12.093357707021875, 18.612092845019088, 13.253582769137322, 12.142207354092179, 7.790122533566219, 5.794453387012604, 10.691800396581929, 18.05935624482386, 8.88162966582712, 19.375358822277665, 9.275731498188009, 18.135437482120118, 8.387871141585203, 11.279036283448841, 17.786274022255814, 9.437915172116753, 4.286256308247566, 10.637851624878756, 15.942912884456856, 8.405149362209274, 11.68343318888816, 13.046395605813393, 15.351834948956743, 19.89071608185244, 11.45859587854019, 19.24736238651192, 10.218381035601595, 8.2411122817534, 12.09739578569736, 11.193103547960382, 15.515590918113654, 10.551798506836198, 8.776663396122293, 17.9595587751039, 20.04712433628817, 19.73317371544546, 9.914560800795408, 7.705291324295375, 9.656429491219146, 15.26034624892479, 11.244509724639148, 18.336670323791427, 11.216199947024117, 9.098431552198122, 15.675384774799475, 14.796549467041103, 13.057156313759926, 18.716063911544353, 8.361983411651671, 13.67957740194441, 12.506317725403894, 18.47834765156064, 9.862519184396906, 7.283219422792497, 18.007889247012542, 18.501604346418976, 20.225733732926038, 12.92587904378238, 17.200115846235136, 11.281175202317412, 7.407668570719709, 8.832227628080823, 19.888085687826816, 10.49875146943805, 8.919102108257764, 20.400439922358053, 15.360810256420695, 7.209009800249888, 7.520491037442749, 13.615143702714064, 14.35998356619458, 8.717411609143008, 14.633207859877512, 11.297463487828445, 10.261677182408985, 19.73566062200073, 7.091397375756351, 17.163629846981916, 12.2892122787518, 14.757865417284131, 9.749213346409816, 9.517918292183772, 11.188214421615362, 9.656561560051443, 18.13379295617374, 19.34566699968317, 7.252404424465906, 19.378756202235866, 18.417343300828747, 18.178780574550196, 6.8424566917787315, 14.722561824215518, 13.45847522977416, 10.929000668247719, 12.307494609492885, 15.184003918735172, 14.79538588173495, 8.403317756495488, 8.282627811851055, 9.136057037047733, 17.55748776292949, 14.798887222586089, 8.64246138411827, 10.767164442137034, 9.652039349496993, 12.523628675808823, 12.977359548075853, 13.871612218689524, 11.599806918000674, 18.446680659924354, 10.04698493917708, 12.185399932574134, 9.96473114866633, 8.391179458872491, 8.051532939737731, 9.55957374480141, 9.776649380192902, 10.603929307027311, 10.04305449284146, 18.372453970318308, 7.554266772911067, 6.346804969654331, 7.276972637547449, 7.223433665125141, 13.308483632103806, 13.675239503989285, 16.123992515727593, 7.431004046414224, 3.995031607249592, 8.811677387758673, 9.290626789846973, 19.129673544941802, 7.953444975986047, 12.665972081569095, 10.734170816951671, 19.805293444133124, 13.415698254772824, 12.998885440142317, 14.746564258172391, 13.857544715198785, 19.5285003229754, 9.645955234601411, 8.819992662178738, 10.209638526381797, 13.629765498456235, 13.051066240660832, 10.236564536699815, 16.21536961570905, 6.9081690405714085, 17.45662581910572, 8.246451959561323, 13.14079593684462, 13.111383912742538, 9.610871447591178, 8.117462700290282, 8.252114016255401, 19.12604040260187, 11.197967326688257, 19.523319911434964, 12.142739832477385, 12.324702287411682, 9.051847045680494, 4.303199939706437, 16.602010120867273, 8.590909174812863, 18.227790696759957, 17.853482499759203, 13.760460915763234, 18.25902253731195, 19.507201412277443, 18.18357536790287, 14.832682413344479, 10.917772445703429, 7.926893150425542, 18.844435155220822, 7.737000269377468, 13.948435522682132, 15.674172668785072, 19.574142714058734, 14.54003182672915, 12.098916977861505, 9.986188660419135, 9.61744319517035, 8.622210608398213, 12.811963092257216, 10.522745880473751, 13.424313633290941, 11.867232174276316, 13.601313649345371, 8.035590662653142, 16.054145373223534, 18.59486050793622, 8.954799288945456, 16.33826522086691, 18.411907710977424, 19.587604909258918, 10.09281105009743, 11.768727159535644, 9.21452077282383, 15.072965420326273, 17.769674929788565, 17.2277958029195, 16.392420100804774, 11.601318392531907, 6.57902184639907, 12.34323296666215, 12.25672238387603, 11.291735679579054, 13.220648061171989, 6.55404281747734, 11.326937577434892, 15.612514762606265, 7.818899417275087, 7.2805078338333775, 4.252100106587408, 12.769614975560444, 7.412158067636867, 12.549384710455719, 10.756335533178575, 8.120735120567407, 9.567346576500608, 11.89920474687014, 19.242689889757518, 9.444642683803853, 8.130463461090295, 7.257554726164635, 13.311333974504272, 12.196739585505398, 15.889904685734507, 9.450391381405952, 14.070605012864979, 8.809529975891856, 14.110527500707533, 8.82425136216931, 9.61000970595235, 9.393418642548848, 11.240018804886322, 14.404905348828194, 11.882385519391939, 11.327944382315678, 11.586438054934684, 6.1140840066436954, 17.652592971634217, 6.196405500572019, 8.22601648926311, 11.079150314068496, 16.011492835441775, 4.449316247693444, 8.447975373018231, 9.028803383040527, 7.521942856297939, 9.032786519002858, 9.373348878893355, 19.17484219767597, 10.914663344809817, 12.627326685779959, 19.319144777214536, 14.197320951185919, 17.843995161947316, 18.225201098620868, 13.750952429392349, 11.809175215678508, 7.4574129172829675, 17.704652158143126, 18.554280946473366, 16.14213902826357, 13.154475304059364, 18.19352328377054, 8.427460303871394, 11.926626665920857, 10.010501211419898, 19.183976545174225, 8.74492269318124, 18.33459644160976, 10.253160037290073, 13.936933553300117, 5.269402782929151, 12.23903381306459, 10.27606307828887, 8.782915419786608, 8.670019911811206, 12.282953042335333, 13.034679857708564, 7.929546801617325, 12.57264333307859, 14.692622648184981, 19.237422882367046, 9.048398229936957, 12.488724752949521, 11.365736635171894, 9.433414687944637, 9.068431141386315, 12.843580205750655, 12.785351658715918, 7.01535331774992, 9.662723431285114, 12.129104095227062, 16.15781330091796, 12.376693382050012, 13.754084011818708, 6.271701972616717, 18.14350962448677, 17.28342493114384, 9.024584345545627, 14.356008189646705, 17.564918397163122, 10.58768841589509, 10.879506616761526, 15.43771725814029, 15.025261147637881, 9.140230962207337, 17.141124449473725, 14.61390108320417, 9.891770513148114, 3.9397722927318473, 17.080334815872202, 10.40074132040379, 13.952677976347308, 13.660695108118109, 9.117733418711682, 8.539899642994277, 15.940366207855947, 13.130573920840162, 9.103014714042539, 17.993507784210184, 8.175746757759649, 8.92090950147102, 11.308000440784557, 12.033396857291045, 11.440469677265721, 19.318460504235233, 18.64171793141565, 9.229167677814589, 10.459244472733738, 16.991088327695444, 9.118156253925275, 19.56823445891171, 9.101399036206473, 10.620013015131967, 19.0218865111676, 19.0803952938136, 15.02364628197919, 9.201507038451897, 14.670103511231579, 6.665923702316415, 17.758059787312224, 9.813422474549135, 12.841149295309984, 16.235961514472564, 9.783379276213703, 7.737252711145574, 7.7803985978984445, 7.683068489753922, 16.904583534487777, 7.856262897931791, 14.476688832706936, 13.256556874424875, 7.496165250986324, 15.622175569730574, 7.735635091307096, 10.107190060432908, 11.732674024504878, 12.915937733200435, 10.18913335713056, 9.328262686591463, 7.743943067672885, 9.45312968180367, 18.99192900448347, 11.769707447164588, 12.969115018363574, 18.30383803278051, 15.75045984799679, 11.879572669750978, 12.477575304176417, 19.01423458389844, 5.29469410941619, 3.2401409268545045, 11.99304106336582, 18.257247869182493, 9.858633439305285, 17.76404236211541, 19.403768306737007, 17.27928437723936, 16.99141748973232, 11.446635712501651, 18.470120645531914, 13.098526509897834, 19.955157455791646, 7.819958762010596, 8.65457530623329, 11.192974762230287, 12.802293161916223, 19.08731879977379, 8.084676922680725, 11.234515690757323, 8.178587167513232, 8.393022373744472, 9.573800254087953, 8.76899921145218, 18.67157021243403, 17.778139933643047, 13.377061356513682, 17.610787560107234, 14.530878898413564, 18.093292474873348, 11.200206467683698, 20.719579821004462, 12.26072638279955, 9.88486105367287, 14.742998706772775, 10.894421470279195, 15.667073767083055, 11.69825453081055, 9.898831295821218, 18.10608743774772, 13.108396278410888, 15.991124765611511, 12.660972216337548, 14.374925034716416, 19.557116293915513, 10.418378461063567, 13.044053244111764, 13.294238245813743, 7.439045158699095, 9.111006424180331, 11.481616205152326, 19.263292081923254, 15.124383191317683, 7.475132102713394, 9.039940008307473, 18.140804262022574, 12.907308000692119, 13.050110955309128, 18.488976979319492, 6.908436735508015, 11.856574305442432, 5.1796284602696785, 12.361218653556692, 11.768264215116707, 19.45435909581149, 16.045511825654902, 12.569902335723253, 8.509069562909321, 19.917387693020213, 16.18871029511971, 16.791146288770065, 9.932075274997759, 17.22849278426345, 14.405561376040453, 8.173338762173199, 15.89915207489096, 7.051684699867924, 7.649558742189354, 10.76299372734869, 18.879768033624593, 12.470665000738348, 14.813637536764316, 14.848692049614549, 15.55151992405043, 7.763263061470112, 10.649082500587733, 10.754457274243673, 15.183097495224287, 5.0032960023767785, 13.458995566899269, 12.217506554398838, 13.750987103850303, 14.306018052063003, 10.50065959444525, 15.289071805051798, 18.45055558765856, 11.425931151818608, 17.99687963926664, 15.49058113066808, 18.139271091803614, 16.03696771153312, 12.546851572362417, 9.39497928043934, 12.10729371361168, 18.380783915536977, 19.5757478800945, 13.121846158620333, 13.285053285273106, 18.217568674297922, 10.477285495200972, 6.866058870872021, 8.435129181929241, 19.33359828472217, 19.53329637872966, 12.517612279356298, 12.115529130910863, 18.90574165740208, 18.35527134530124, 8.320363453355922, 18.73851837296344, 15.838024535927222, 11.630112022025106, 12.467080059566852, 9.11893528688308, 10.647467499204106, 14.546864144734576, 14.772082338759832, 9.201385324367218, 13.742084588393972, 8.03602418588608, 16.925578441010902, 9.734741644869747, 18.44594871448816, 8.186686250154445]}]