script/wind100m.json
{"header": {"parameterCategory": 2, "parameterNumber": 3, "lo1": 3.000054539987559, "la1": 64.9999836372058, "dx": 0.5, "dy": 0.25, "nx": 34, "ny": 52, "refTime": "2025-12-18T04:00:00.000Z"}, "data":
[rows 0 to 24 of 52, columns 0 to 33 of 34]
12.733031194712884,12.610739907535677,11.953455786127687,12.235711304856949,13.190249997568522,13.14057642521976,12.629369932292967,13.092801392105976,13.401402671784838,13.270836946316852,13.146731051511747,14.567355372410594,14.521671041865671,14.163333378665651,14.085548077744955,12.481340792880154,9.8902850947777,11.119831476649543,7.793499926219272,14.643840208705324,4.165038027868579,1.0329780424593153,0.8972337028731705,9.03825440738213,5.671829147151019,-1.0104919206049354,4.019138637314091,9.693108386348007,7.978719740601274,5.820767916391543,7.312769312135144,5.385568310340513,7.3031935122958,4.1481653508265
11.867424416558686,12.002691069115228,11.252594406370275,12.606786532419717,12.61823268282558,13.834893629226944,12.877307408565805,13.328037848218276,13.404828111941558,12.857407054771507,13.005775479322828,13.977298897041436,13.619884945555464,13.28174713147993,13.81830260891861,11.721747302341738,10.640102417357316,9.36417089772241,11.903372615289335,5.343386474143056,3.5142893930621018,5.052591790505615,2.8406442053553325,3.8231640393898383,-0.5988584851958499,1.645210532396601,2.5562539213428996,6.846423266846745,8.861501236023454,10.04680219653302,7.733170835850488,7.71358508346851,7.571740087547345,8.581483924520914
12.147631699665034,11.436906855934005,11.429529268812773,12.346930898971115,12.944585756136675,14.442705893309022,15.123779247409809,15.115113051995694,14.123104219108765,13.106354674375307,12.77608926671741,12.698037980300809,13.608674196703038,13.450103390182571,11.892741133436203,10.674407733585783,10.832797453290086,6.252773166751834,-0.2080536321476386,3.526078599354238,1.0196147286698074,6.005306136465378,4.181168436074172,5.825170943755852,6.625064984252425,2.7495150478248673,5.063058184413672,8.812426056274266,7.919749683133903,9.40358614304779,11.487905848553135,10.260705207986799,9.08208909580325,9.634800977550228
11.427726149901941,11.880268132024646,10.957881862624408,11.616519264717006,12.00609651556464,15.661673592666697,16.493573770154516,13.854537071818758,11.908547343442772,12.503639127494523,12.146225130153493,12.428306023827567,12.96842411230725,13.166753541284566,10.427502165253582,13.331367311312285,2.1921010535806444,10.250075953141678,8.168623004205106,3.078233149980182,11.007028031809718,6.100581355348575,7.918471939061733,5.606538818154282,3.315604082119798,3.3286697655381055,5.444700228681285,5.883344023201403,8.164881468868801,6.913763214797304,5.790220572163361,10.02362466023078,11.957619440658108,9.157598502461807
11.59734328058019,11.93028938898291,10.989474401774332,10.923276474848281,14.875125979010189,16.066060080632884,13.84494071716893,11.571829952262343,11.727006053021503,12.23743881426096,12.092196407806908,11.32273235840948,10.484107863637613,10.139318468336336,8.026939365352563,11.988066951912439,10.300826948157555,2.123867431261133,3.476354860072122,7.316855428956188,10.770228497818858,8.85212588151102,2.7510908266841985,5.160308659326798,4.860319822934015,5.365430154888799,7.132529197021836,6.777685931798058,8.353450795970389,7.86486225343486,7.675622752971424,10.138909580689905,7.382323369603617,8.85179492494344
11.220574515111062,10.607201320079357,9.176520414499088,9.427510860866207,16.85290815894019,18.046597063043265,14.497453532222638,12.741882161228817,11.749358030104515,11.690595921435051,11.22505152374133,8.00051188284277,6.976959903944315,8.602523511801106,3.3372084343579376,5.455805044840051,0.12668794759842236,0.6705140348743035,7.181311748193109,6.688813313526146,3.126749573299237,3.543397610652378,6.881488116565654,4.632157931783659,4.331176910345226,6.822449880650031,5.845123220688348,7.333075799743021,7.222211955925583,9.185497217285217,9.013796156045267,7.663290942088116,7.617537999284552,7.576077678154455
10.678385153081251,9.670934157315207,9.90385625568869,15.894148120425188,17.151197951889344,15.91442978174622,13.678052435336713,12.569571194982743,10.969289979482713,10.827740501412851,9.54652591996779,5.50197065256271,6.263229788208565,5.613637545305361,4.454671205584821,0.33754455965222385,3.5595021956892476,9.334342706796424,11.700818788168299,7.913415043569864,1.593909189533864,1.8605105630735415,6.3354113326275145,7.755013245514168,9.492445046293168,7.322626926485676,9.826972965020662,8.639253648078249,8.657922491079978,9.612241951329429,5.959668666400321,8.885820025123673,8.076043788520117,6.152798734242183
9.535152453288632,9.250278692199608,9.562954920508705,17.535447786220935,16.653957162024366,12.769088186184714,14.168829548925201,10.718453276907516,7.1445788142958735,7.304847330074962,8.696066194807116,7.097213547251293,2.2768065125479775,4.010035476745097,6.043279473357247,12.615038268743923,1.4967807436252478,11.549630706252556,13.013465867310677,3.751867652362761,1.946203205007371,4.969947118725494,3.423258197570296,7.424577399336724,5.44620762732324,7.642523493737165,6.871601252928938,9.590983059497994,5.742003548463491,4.629521978616647,10.011006168066904,7.976218000060793,7.381220053067745,9.423642329577001
9.290880300332635,9.277733635551803,13.391043898846538,19.84425357557604,19.542149818390754,15.867227587848332,12.69833735898096,9.016317246999833,7.322419614952571,8.597894343031573,7.741433744287331,-0.14242556012007318,4.653513553390554,10.465658627313436,16.24965588151843,2.8417059405593825,11.043465213913924,19.60192540569454,10.235299943625243,5.40142860383392,18.340261929657387,10.934983316606544,9.419075815425979,7.408119408434079,8.268324823590637,9.095269499627845,7.989442151923152,5.1885089045027355,6.691125648424048,8.174148078209715,8.079804781690486,6.866212191607497,10.43008213508622,10.003293301762708
9.154927067557,9.13232882902405,18.015710858327463,21.671750085914606,18.730965411357978,13.592170671166784,10.32163685988431,8.342544146665581,7.048806716045249,-1.6195309872476493,3.057546815998647,9.748688218628157,10.59048097124445,15.573526031883866,12.06597291141227,16.031665026525815,7.859749315632331,9.501469477823665,6.3850434307864665,7.746876068307821,7.9062219471037825,7.240889770761393,4.449284603607379,10.233145446674799,6.519220100428275,7.6302990507335755,9.085989830343282,8.890377704946731,7.006094042581874,5.285332248454461,7.798277556743088,11.47034136996134,9.11501052786563,10.081125705458819
9.13081746221866,9.021237588491736,20.358200686661643,20.63303044608433,17.74714159345346,9.569084233691612,7.501945943490981,4.193644380119906,13.050560384325673,5.157361283734523,16.828567737054513,14.317842844653468,13.03104742938973,6.4355142388794535,7.791715357620865,10.800437731865141,9.335608353644195,8.746472149642987,11.494034866666485,3.715549572240808,6.834261071864605,6.167399904683576,8.619069785952215,5.993029025032982,8.902038342253977,5.991684532649031,1.8349190450477637,5.321207645114608,5.05622155750356,6.041879952580865,6.249337928844687,10.246682941885496,10.629120129855588,8.83886165502442
9.636053917809956,9.862438528129218,9.857002448922035,22.00043199893982,17.747277163455692,5.91296023013821,13.942387608809113,9.400729336571361,3.85579986596439,10.839947553220307,-0.8969608448782845,5.823553154118739,10.65194718108135,0.19625733672856996,14.604631850276068,9.661783808136226,13.809999777086247,12.058877792101114,12.4580329446344,9.90512165895809,12.657724875309055,6.314414225387511,5.6668693135796735,8.208757033007979,5.97483860775008,5.85217914197065,7.320512455799266,6.679146352020712,6.687741730355572,6.423269539141158,10.62022629798877,8.849639789906652,10.404452195009352,9.849037178705707
10.051289825137149,9.801421372772884,12.235380492045072,20.893849908987555,16.942706893005564,8.974452679295705,9.862741988467334,3.2983868090625,13.247534049771726,2.54418075951713,5.27691955793997,10.671013593090997,16.971547466082807,19.56286758250406,9.239624070205647,18.058230726238115,7.357153704097491,5.4922840496599,7.18439838364515,6.455986613396829,6.881280160729258,9.488067395288926,7.465648992784376,5.704938213659209,6.506807503333382,5.6288738546278445,5.216778426320564,5.331587883332133,3.1838846728260735,7.931906569292594,9.415837307764278,8.793106748295697,9.541895317759254,8.83414146113036
9.661053868449649,9.234126125763886,17.33040188151161,21.190068979027142,14.437831092214184,18.150187885856397,22.252388704789908,10.33320352639046,20.163409322009002,14.868991948051866,19.408632596179395,14.224233625524692,7.252139755993605,5.586816834479753,9.511994416730559,7.538081417696476,11.076968921498617,5.449297438547168,10.871071905706545,8.001802181965004,6.502213974290548,9.90996896287581,8.715538767165532,9.000786007658926,5.447949805456498,8.316297787012704,6.014260883518434,6.901619708214867,5.1997797514728505,5.884290820756078,9.109291178181474,9.934729933852722,8.080325476718247,9.127796025790644
9.45616530393474,11.237308756821108,17.8415063275427,18.652992292488484,11.676750415846513,3.7392955473859075,3.762961655203042,18.99659213429061,7.68939919982313,7.266210635141448,6.216654869123896,3.2080225821341988,10.197079753567587,10.971722632562411,7.531231558491686,10.650042300650455,9.229879921672252,7.27139225730716,8.81281789782155,8.915780123015356,8.085869475297109,7.665364287191754,7.1956301275915635,7.907889674705239,5.709009816139041,6.351254108883782,6.156338183262814,5.3763146330041955,4.948172187055918,9.58099730788284,8.49484647797473,9.738283378536801,9.061604322867826,7.502729693868765
9.144505708743326,12.532173520869772,16.91103734049399,18.59687857992113,8.748581614204838,7.598608253753076,9.3666611125273,3.3483389070920047,1.503876250506003,1.7397612187486928,5.667131105623971,12.139675582754915,5.951243673955175,9.908010709339806,3.1752089184718812,11.60656243977463,13.012622145924066,8.337858191414826,7.408920357045992,6.497965351115575,12.569341945204352,9.15077076470455,3.844351549862147,5.2706820046536444,7.765161397491809,7.022014305748412,7.50959854950365,3.7662879722217886,4.913811531031411,9.073996247135591,10.118320581206167,8.582502302607645,8.106340641519676,7.099618814111314
11.091325244554962,11.6298557029584,16.159240003625023,17.163579560159175,13.138663413383854,19.6643373931286,17.25010916125746,19.396545582293296,3.884473323611704,23.90019466588971,16.08529274880386,11.817696436181777,3.1534235721457367,1.9398164847818558,3.4426835388048196,3.6537857137706964,7.818620631070849,7.248536149136333,7.993141433266728,8.10328486296194,8.010954472588296,6.514274490192393,5.745730956442386,5.024604292883407,6.95162718969142,6.686015737872843,6.892293995575449,5.637821335013882,7.110635767421934,8.672628569353241,9.76994877649547,8.696941506787855,7.80918417715839,6.963343985464047
10.434621339598966,11.674987066951687,16.05597824703165,19.73438595804726,10.041001289277396,4.690457156535045,13.452059935519591,6.913029729173821,17.995590742211203,14.768777627354407,10.762738238534533,3.5772159404402526,7.4673807191702055,4.230984724315606,10.761217762139214,8.239460614228667,7.770101445877161,6.557499206751723,9.185096606020362,7.215538539925541,7.035175576390195,5.385846726839625,6.313620071677782,6.824341382340168,6.9739316887318425,5.8282272906142145,6.12790897250469,3.9506592243978407,5.679849640064391,8.79959848159004,9.099145114069298,8.009530216237295,6.940475039537738,6.561960080504557
10.427819267657172,11.865105534537932,15.385059121149984,18.33706412512578,13.468719066937561,6.834732389214486,18.239889644726723,9.197324388449847,2.4029514617140477,8.733576946914306,3.883955654704119,5.450351902795158,11.849820487010115,14.80355122009409,7.07023769820509,11.053545606095216,8.695325627705584,9.366774982396638,8.850519888216578,7.263332591143278,6.872433429889882,7.358990025866236,6.889480280510139,5.090300916196824,6.318040945945533,6.499680024083,7.421113491072267,5.771275601109443,5.502863883301789,5.857887720912371,6.0243719433426435,5.709303458446448,6.3569131347693935,5.629720231591129
10.667290337412117,12.596004992875859,15.242896738435148,17.249102630945192,11.105578745925937,7.438805699346031,-1.2158462144396591,17.89575667984789,18.51475714675177,14.70594448422382,15.84654195536218,8.543718585739645,6.407136365940771,13.1640405326119,6.3799325789196715,12.172727591467675,7.745055420599225,6.813699819060837,6.633535306870113,6.716970973815281,5.513281773070792,5.592421825228859,6.928735833668322,6.476950561117576,6.062760790521832,7.07915483751504,6.476885036874423,5.742806976553387,5.92254579351163,5.706427951112465,4.550947302752783,4.483503772113238,5.2661662467818156,4.085731441179642
12.977373657267536,13.814988205189808,15.248421602193698,16.334570203901208,15.901294706935749,11.122184689059035,12.50255039715608,10.57932298106706,16.425152277050962,19.14257434546505,14.3787007179987,10.065418172801238,10.497807769627643,7.568518717447142,5.5560799509891305,10.702841822943673,10.569703650530611,9.390393348312317,4.566036942582957,7.377572180787918,5.4049772766971484,6.350963640428609,6.443263666881565,5.957112333194473,6.7953444736646444,6.6519814737509515,5.5244260244404835,5.441564631131878,5.246989322333711,4.866667102159526,3.7522176196984005,3.833847733326852,4.1475868947613765,3.5675814587725054
12.789334656673098,14.275929448735129,15.061757461242268,16.45044111786758,17.325737584742054,11.208714638563235,5.15803351715303,5.808206443478548,10.091548213669912,3.3519250843504254,8.52724519532964,11.013292206282049,6.685427816373573,9.00190734044904,3.846009486365955,9.536550668094744,9.870774781165165,8.890599327921187,5.611466989955166,6.6894588609169725,7.146241145277785,7.2554032835310815,7.063523859166518,5.6164877976587615,4.277202196546162,4.038395968922061,4.4899475530676245,4.264779390090333,5.049825807124873,5.134928337035459,2.7039032653229915,3.0703313787137385,2.5259211480346435,3.20510306828969
13.430378894100224,14.61706621498326,15.955882825359657,16.664029788484314,17.003409691732543,12.21175026652717,13.087198657763176,5.218780031915418,15.730167258676508,10.811148958939865,4.953382072563916,8.376976655034063,14.045716234834877,12.69547614946861,10.40287465429099,12.6617866361956,10.618051584906596,8.359201309119744,6.571831127606034,6.872312587525739,6.7118498395777655,7.501876645387843,5.6146646219297285,4.676759228619485,2.2230555355184007,6.465741186338759,6.09491630339936,6.562597737137141,6.673257239062921,5.284687896896961,2.5783973549922807,2.6221121153644007,2.1006370612026704,2.344607664177215
13.931513407309883,15.11274599291409,16.30659724065364,16.676642806252133,16.725808170060365,15.077592474335324,12.919200044363258,13.185126776875103,14.315801905268698,7.518302641853342,6.6859600171648905,9.187204873728627,9.306831665405129,7.5943041740727075,11.146830967730885,13.855094373847011,11.705403971521086,8.40338146222932,7.758002632697395,6.4261870322375945,6.66435468845841,9.08009226316779,7.247579834895945,4.621620630679735,4.056819095312306,4.857728786305096,5.3626011800442015,6.991188830502239,6.326009475230655,5.013990909768815,3.021438641276199,1.6132403661217818,0.32352262162073714,1.5600152306750876
15.035354802250247,16.22446904783673,16.679424837176942,16.757874562094322,16.502775509254903,16.79480960817311,8.339921275740018,22.37331653376235,14.357407980148025,8.283103739187437,10.255050258806442,7.413435501875644,9.395081400921852,11.703621557462059,11.977418081851628,15.32696072452622,15.37847214556864,7.8530271422857965,7.42424039802267,6.530078559041937,9.603143495362113,8.688166415559945,5.510164453555524,4.631743572492715,7.058036741843755,6.018680581685054,4.691410422012481,6.224560208396221,6.341616245023088,4.995608294431242,4.11007357325427,2.881744768899252,1.3190349794339304,1.550837036637012
