script/wind350m.json
{"header": {"parameterCategory": 2, "parameterNumber": 3, "lo1": 3.000054539987559, "la1": 64.9999836372058, "dx": 0.5, "dy": 0.25, "nx": 34, "ny": 52, "refTime": "2026-05-30T13:00:00.000Z"}, "data":
[rows 0 to 23 of 52, columns 0 to 33 of 34]
-0.5965695657272357,-0.11573384021934366,0.14013357453922873,0.40044267980301285,-0.08230651624906712,-0.8619346511499166,-1.5945747621656345,-2.3647305555944076,-3.1558834601767645,-4.146191480032386,-4.976172833388578,-5.748150899711705,-6.282392634381105,-7.276599671598927,-8.129113870763112,-9.246814030800072,-7.145226743093081,-4.111685553971138,-4.137470657528212,-3.123437285906199,-4.114984443110097,-3.296891428159635,-0.6304747441409154,-1.7175558301716343,-0.4088856408964212,-3.565403533750077,-1.1721993619929525,0.9741627605426061,0.2940950010508341,-0.6852075588716918,-0.5497512311116859,-0.2021039902102379,1.4276665763452627,2.0308239103902244
-0.9632187064010921,-0.3852023090424099,0.2798165335805106,0.6788809155672736,0.49621107341472526,0.9525802771411296,-0.03232263896162727,-0.6512094852183608,-1.5238928661516786,-2.4336817901705228,-3.2555487593481955,-4.724953463809774,-5.668558996136923,-6.592967503088646,-7.8067598601546555,-6.827153766003624,-6.136536327641412,-3.4212713247355238,-1.4599659911396872,-4.703851355792335,-3.1114536166882325,-5.874824115859712,-3.1528114045869113,-0.008729739534680269,-1.74635021900149,-0.5167475836672057,-1.2104501960740057,-1.0965583476947152,2.049883370557353,3.497745200837496,-0.48311213878121717,-0.05050165987128537,-0.3765167044352633,0.7815037572128449
1.3528555580813693,2.060677808901043,1.43563208253458,1.8358505728367709,1.2602535192739854,0.9092627707028401,0.7796602877670977,0.3948889151316103,-0.8960996963272134,-1.7030528992064955,-2.9301382347791405,-3.666440106315859,-4.882861391573546,-5.534380167736741,-4.916811194098774,-4.950086618554379,-3.8079585268499994,-3.647238785599625,-2.642018427648552,-3.618874965892108,-4.845020712743523,-5.809787143210193,-2.8277687620448506,-0.13232929912847258,0.8232408130201919,-1.1879199657415405,-0.43707219785887685,0.8977367226761923,1.1750631504732822,3.017475723076949,3.9121422835737505,2.1887948066966327,1.5957796888976425,3.6085829217654632
2.2513470878756765,3.077981738853433,2.623623973712373,2.9516520037284972,2.949999386298844,2.6242642251125563,1.7049966487357975,0.9680550960708354,1.0123111241886373,0.023358942619776075,-1.4399672972667847,-2.2082604958046113,-3.0684134782081607,-5.400037163455964,-5.758698453288456,-4.109127443967181,-4.206656557083186,-5.023587171048094,-7.050002717075989,-1.7597318807071765,-4.407424490326769,-6.213041333662384,-0.09322601222147485,-1.507823463963168,-0.882024820455095,-0.6598372492600352,0.7020444156026587,2.4571322157466366,3.0797297378165633,2.863139146370164,3.6522313278013336,3.6849062521711096,3.696404166147195,3.9299125170744214
3.024553614793693,2.968622301916231,2.3933885751659627,3.612858292095351,4.072599771042032,3.209406578555566,3.1400550582725892,1.7851496786078374,0.3943547193082782,-0.9372658225924755,-0.19229894139907458,-0.8803147740167667,-2.786099140326362,-3.0956389918543885,-3.030592986019902,-2.999388861026852,-3.8748990784643826,-1.3289097149562814,-4.294922476245815,-6.868030613223267,-6.498046666390266,-7.277905201821606,-4.891909250365773,0.7622191919947651,0.35235776455622275,-0.6471412652264733,0.9066894222127665,3.7502166987178494,3.740216823728677,4.677306282307649,3.3602252868693383,4.095629393867557,4.131638430003042,4.2298211405946935
2.5860984469836845,3.253528675721626,3.8857036768464814,4.813618396482689,5.026921624613695,3.6369356111226065,2.519886724903032,2.07311057619324,0.8605903170459192,0.030017915810556725,-1.0355211220491651,0.012206782889541575,-3.0110472202381025,-2.4047564382930693,-1.9407846866544458,-2.793389151224754,-3.060319635432512,-1.255192511717618,-5.830780616160657,-5.231252920799705,-7.009568484909079,-6.30556709410157,-4.094695892371943,-1.5409204196800113,1.9525138380586167,-0.13764252124330217,1.9887739208496944,2.461358787509861,3.0272797462827117,5.081884189860055,3.1733886692264397,4.180766152944927,3.543668087438985,3.860246715071317
4.378764062119302,3.839915705292614,3.5058755985138346,4.117690517176901,4.592432327577699,4.062049093401232,2.957370281984175,2.4304844736457665,1.0451839645420506,0.2658045440871119,-0.3240621449014839,0.3982602355001883,-2.924391535676655,-1.3723892352861924,-4.694125584219867,-0.05783259512182952,-2.9676678170683606,-2.842756474126921,-5.842640788788604,-6.167955898575668,-5.1310097633867775,-6.496489397409591,-4.358578101184478,-1.7243446653730594,0.0661809801645432,2.510807165663124,2.089446684818813,3.1069959832125775,2.458692558352439,3.8440878223888846,3.832878614619695,3.285758083270196,3.318915178322505,3.2795666874747464
3.921029813682756,4.368088044694463,3.873002099763677,4.0611058883240965,3.740978545427341,1.8606580669159711,1.2386339175321142,0.6135442489245161,0.431548291317536,0.5307820599766228,0.593025786579637,-0.8228392580010778,-1.223728687720395,-2.400454563709578,-4.095244616716591,-3.6531879059204404,-3.3477415883338173,-5.912549406712921,-6.76677510056307,-3.3641834575086373,-6.437553885841876,-4.261368817166206,-3.966157681236789,-1.2586249226368875,0.27394919795528827,3.0183272500638667,1.3321765827856589,4.253066001105299,1.360428623702107,3.1363411129065786,5.146120161225888,3.8097949988316717,2.0327035919287004,2.8495917777144304
3.787412632885641,2.649805960225598,3.6308105438352882,3.904371944817965,5.599627357622524,2.4966601484711637,0.3981937060604271,0.9610198696195065,0.28630654214386336,-1.0185108823393496,-0.9033525106346056,0.1759149845156393,0.04195769573480367,-3.0424145851345066,-3.8093350811553273,-4.560264058615985,-7.459501276785753,-6.2191511699956745,-5.595098071669888,-7.820596159955613,-7.39210737072561,-9.026961820979304,-6.003816868548286,-4.167095586149972,-0.06653342641854186,2.5175152893961923,1.0879403758155206,0.5553158646446189,-0.8425540483813839,2.870960393427186,3.708900755852206,4.4351276173026655,2.936229928655589,2.669631750933076
4.91993502582972,2.6773545666296443,2.7214350697675207,4.251811932818413,5.173649825969699,4.539499298404781,0.04995350581389158,0.6454280012053084,-0.10107379565927442,-1.437725989093835,-0.6362946139919672,-0.13283477707649188,-1.7360302826273357,-3.647686295260388,-5.988641163335772,-5.803944034819215,-8.217712365697711,-11.53009332823674,-10.66523416622998,-10.445213276406419,-4.940757729026958,-5.157943673835749,-2.665539404677584,-5.561711736328127,-2.8279626150954313,1.4449201686829771,-0.1803913674402647,-0.1541599931811333,1.337763328676819,3.001627971190338,3.4353608961554465,3.9445836239166026,3.177230976315515,2.531959280954573
4.784311667672741,4.868500861329461,3.8290429696801804,4.963043132437193,5.070831411542406,3.033715956265122,0.3369868464394004,0.6802182157278774,-1.126024183954445,-0.48322454866376663,-0.7040879288790582,-2.07916563741234,-2.7531703900614177,-5.2685295222154656,-7.774758259167301,-11.102517611709859,-8.956911216247736,-9.03519887897092,-9.1562868171997,-6.492506443120904,-7.433036476729487,-6.228389771858174,-4.169996534330282,-3.0830241728146937,-1.2713140737255786,-1.6681190737944553,-0.7646424147172326,0.8066945835318587,0.29340638711774736,3.4078557240082175,3.8406919285262036,4.8278141615524035,2.4861312884755895,2.1642255600635854
4.452895581036039,4.785307344696398,5.322938484574945,5.097131093431072,3.2345321104549,-0.5661183356587003,0.8408114432959976,0.049813069700472966,0.29603934329161796,-0.4573233834949533,-1.124121300382863,-2.290066345523334,-5.757274640896903,-7.103043443768943,-8.295499878623367,-10.363781198151164,-11.663239032066679,-13.202341248610846,-11.635083049705932,-6.529008518804275,-7.2080555882870705,-3.1474651541511207,-1.9294161734905306,-1.6129871287930428,-2.188212756741853,-0.786957190832709,0.312319813488623,0.12350080667691582,-1.0369870187115526,2.7510932071277923,5.27103349202689,5.584879196103868,3.683835430183825,2.0352088451465695
4.1272608355860925,4.3860425000244545,4.415743925259531,4.335213405129417,4.8256252242955,0.7230998142954788,-0.07716361730757086,1.6559351758739969,0.7428206058618367,-1.6503434275609237,-1.8775541213637095,-5.315024480474665,-6.289158963752673,-5.633442987906924,-6.472228386585638,-9.040737186671697,-13.372669740868247,-9.014205501904717,-10.807313496388325,-7.211390013825549,-7.638670956491851,-4.866379006749835,-0.0669529881853531,-1.0722290220734962,-2.3727663126759886,-0.5603831065717344,-1.2316411244740744,0.7953685298282313,-0.863310825561882,4.0077399950678485,5.63475172579038,6.56518689568657,4.461341482997295,2.311881203560545
3.3379119933097647,4.877297982198704,4.094653204368384,3.687969671171164,4.397062354426162,4.965052714396995,3.398133208597495,1.5174525075957972,0.15375123781329847,-0.8234184031202508,-3.070612267994379,-3.6829762487877695,-5.553457878006624,-1.937132120890388,-11.42343482057428,-7.062214982255459,-13.46527766442171,-11.17631055016012,-9.072037284691627,-8.216143106584537,-6.547227714881393,-1.3046767364153928,-0.5184615658609076,-1.279644143120741,-1.3347546941452129,-0.8792819877467977,2.2963720482996837,0.29964845656444206,3.880050688682175,4.581129826429276,5.933024034582986,6.747481515219083,4.6306793698628015,2.8245602326298336
1.8357608541186687,3.0169930680998296,4.19798226044446,4.208317901886337,3.2426440846824516,1.6245940454298289,1.7912293122422118,0.674159657739563,-0.2709753946228561,0.34396540155743516,-3.737733479553221,-4.589955737466125,-5.387816591358418,-4.835056998525177,-5.732448294245362,-12.70115052673765,-10.585215272439354,-11.649117055844226,-9.228533165554001,-7.046453733673383,-7.512096336613947,-4.284753807583866,-1.2499213574966688,0.2086361129216709,0.36247622492232345,0.4895015596220439,1.72460509852422,3.5279467284451114,2.6888553105437993,3.309161885300414,5.078684253340778,6.413978879476958,4.304721240309123,3.1834245128596628
0.3052057271577908,2.1060225677504203,4.271200352403733,4.683405425600508,2.917596177700834,1.6567752748119664,0.8324348724518863,-0.3299747628502413,-0.5746745953545552,0.15121237041962826,-2.5434376892021224,-4.3275366074448876,-4.003552468747243,-5.594157815444738,-4.6348304468496355,-13.467244806641526,-14.828147809468826,-8.201862017304462,-4.626960813839635,-5.859650688544147,-4.487675888176115,-5.501579997788339,-1.691515191413141,0.3085789919040857,1.4024872820561731,1.4917111292382486,0.6868181169513183,4.258576558271922,3.947512600290003,3.2588289854086616,4.8485111137804155,5.240977649941003,4.988596074016644,3.3670265832405444
-0.3986809908026901,0.34981545375758694,2.18499347977413,4.369217166794462,4.269046998281713,3.1327432087934066,2.7201232957916632,0.4615974655076668,2.037368357011713,-0.855515921875427,-3.678352515646647,-5.728128472283138,-1.8063664891797417,-4.685891232502891,-7.001427932723226,-5.984426401863062,-11.202227418088762,-8.840744062452856,-5.962096867407087,-4.651321454523472,-2.254768908114347,-3.401185564533085,-1.518091289648437,0.663646794743653,1.840485842085103,1.6714814827716808,2.6804072855611327,5.039537364409297,3.312737813697457,2.406748578971544,4.898293778199596,4.506148745593025,5.752174851878323,3.732540113604708
-1.737902545249091,-0.77614080985637,0.23479966936587612,1.642266396195069,3.2945589261468595,1.684296300060076,1.7622059418272253,1.736143879825903,0.014632902278322809,-2.757526385765565,-6.489182345781931,-5.211738811102787,-3.2910550335570856,-4.241721900315492,-7.058970558134356,-7.723712088729187,-7.501116976846862,-6.374261319242078,-5.463425294869852,-3.4662348911404472,-2.749570105845424,0.9590211790423926,1.0671004310106182,2.2929175616840594,1.4507851602679511,1.8497475682609965,2.1142749803633447,3.844050070737519,4.607624432722928,5.258792489778457,4.223935488299912,3.920333005469265,4.9065922660777765,4.061214886551913
-2.657434836835606,-1.8669229834822543,-0.7304940214012199,0.6733254647232049,2.0853046879310604,1.289484740317485,1.824877161711796,0.33096618933164,-1.2468365941868662,-2.419883702432123,-3.633611058653527,-4.0674778979650865,-3.174795259830695,-4.440362580517996,-7.118138365674545,-9.085749436865491,-8.176165820088126,-7.306871753665107,-6.423357574010853,-2.833784001782774,1.3194131592092642,-1.4800303952063931,1.2128128069969046,1.4619417254356877,1.6488175550985726,1.1610960502180405,1.5189890474838248,4.259609099104091,3.6421087180276177,4.895467353403095,3.8719779710682167,4.290471430796628,3.5914190769129744,3.818710381552051
-2.9197680228905507,-1.7338954154364103,-1.0993601786121576,-0.6826896298791618,-0.6080403607292757,0.5137890533394173,0.9385976233189358,0.5925086405692161,-2.6284640501230325,-4.927768404433573,-4.570471260051865,-4.9796794779611675,-3.8190315290640426,-5.442899066039171,-7.537083901712192,-9.395957461627779,-6.96728998571531,-5.43000396434877,-5.331378293116245,-3.64082697692464,-1.077533383111263,0.9229573152167947,0.1235833356989851,1.9595239928512391,1.410706379842504,1.7416983851699328,1.418362549534768,4.12512089169749,5.669942163324865,6.230545798338002,4.935826906972334,2.917477093544121,4.0365421430927615,5.077490660452106
-3.1277489603187956,-3.0221987281918863,-1.795418292018465,-2.3673713871037214,-0.3652254654857047,-0.553573538297473,0.7146233065854675,-1.9342671363739783,-2.839740849814936,-4.99950254789865,-5.2642038892722685,-5.531239039730693,-0.9103795556551417,-3.3922904794901334,-3.5886606860162558,-9.540043944833155,-6.389509001483215,-6.208569011002641,-2.139350815938924,-0.31815312796364237,-2.416883835214982,-0.07514130459470539,0.7532003762468741,0.04165237820591409,1.4040312834227586,1.2916645874561938,3.232393639236571,4.153577851206005,4.440117126744426,6.858112718691204,3.811424595021403,4.875073081303975,4.180896003427176,4.9101372149684845
-3.173632325280854,-3.6973498529238555,-3.686424864990997,-3.1612438653041197,-1.6910691840900947,-1.3188189991957828,-1.5025609004527962,-2.101333046453897,-2.119169141932014,-4.048276487198876,-7.518782207757471,-5.7526232151974375,-4.485288711154529,-4.349355508367852,-3.935841368115149,-7.882826294772857,-3.936525225479324,-1.4707819082929687,-2.75458944747988,0.17148871043455416,-0.8341680298590278,-1.7352345064313404,0.7525471073720397,0.493978004541636,1.2180871661769532,1.519567934969028,2.3588178066940957,3.041444077666994,3.155658963346872,7.620597399160595,3.722154233306632,5.149482425230236,5.979811398760003,4.8802386422370905
-3.8568064210277275,-4.368815738871084,-4.727058936173928,-3.439737360989013,-3.2571837778685695,-1.426763110999999,-2.5940343808333264,-1.0603714328052718,-4.6894708357406305,-5.025320614178263,-6.230661700124492,-5.233304913347217,-3.693958421059427,-3.3912306803844547,-4.500244865119324,-5.086127437265203,-3.2421129004853406,-4.235462902563895,0.33644515225146027,-0.7147395905541996,-0.6205809042714182,-1.273257554096179,1.1681902582228882,2.1753725179963412,1.1756530063605262,0.6540018169343352,1.1724559099358973,-0.4932299558009282,2.6750933322862704,8.109479869568133,5.3528527606065,5.423321944739046,5.9858013814868345,3.7174054611169947
-3.7850329948956043,-5.201035316247884,-6.022735092913394,-5.792661604107986,-5.332181693121128,-3.4206723779044754,-2.1383550981909383,-3.7415836613493214,-7.223453046001174,-6.061399339319159,-6.251483813350567,-4.812891311976853,-3.8190688409042264,-3.7283825256748124,-0.35070068579507846,0.02614573451185923,-0.5778994458884489,-2.561050324422278,-1.7098161193617885,-1.1638903344218305,-1.210361356134578,-1.2127426592705732,0.4109634874594037,1.9463254420228606,0.5919696299490312,-0.6401380302140948,-1.0050214259084214,-0.049652391564415456,5.001822733263696,9.956427788369142,7.134325567293405,6.256302191291157,4.825676965448188,1.8108851458852018
