script/wind10m.json
{"header": {"parameterCategory": 2, "parameterNumber": 2, "lo1": 3.000054539987559, "la1": 64.9999836372058, "dx": 0.5, "dy": 0.25, "nx": 34, "ny": 52, "refTime": "2026-06-23T18:00:00.000Z"}, "data":
[rows 0 to 23 of 52, columns 0 to 33 of 34]
-3.509436864823331,-2.7953848125744454,-3.2085633056080587,-3.5835077471666743,-3.7708986161636786,-3.7027886994236914,-3.8650502007198955,-3.6334062279220127,-3.095488199233482,-1.8288820971941568,-1.3974796615500664,-0.11442179200443257,-0.012125717952266638,-0.17434678236815912,0.564189887521633,0.8244546436656518,1.5792276080846417,1.2449234253562091,0.6416808607655308,0.1415473590552743,2.494633025356059,1.2272612295574785,2.012789050308949,3.4952124486687075,2.927602622080276,2.3257223892797594,1.9448347687793923,2.2276897615488194,2.3321594641708705,1.5220363123612022,1.2568684518558513,1.7342223230172449,2.0847316811566814,1.5804937783690307
-3.8616687436053216,-3.5488866295428,-3.410969664023722,-3.7833244208418715,-4.269982370497476,-4.616545879872267,-4.580663744805009,-4.187220311858129,-3.602443474986106,-3.3627550707009672,-2.55324793136836,-1.5111125858277878,-0.8659889885668545,-1.0692600998413644,-0.6442715457980513,0.7014615872575676,1.240752807819418,1.6701085108197369,1.6215295287439513,3.6076843342353913,0.9010921243823826,2.259608452109464,1.3810234277898614,4.197136496984364,1.9079316596595253,1.3716805046559704,1.8087667856352467,2.6080337048285664,2.4174089931554716,2.7561763153042036,2.554748429310856,2.1292867037530576,1.750374993755227,1.9583914619355607
-3.712242011604286,-4.364930405091798,-4.621848475304863,-4.757676277251397,-5.0456221094256,-4.758297940527732,-2.5850262085772604,-4.585577760271291,-4.2697116514428926,-3.724360685603407,-2.981329596888288,-2.2469028468147587,-1.4832538077432051,1.0676268611078092,1.123266055994033,2.825263250867006,1.2493867559876068,-0.08400145285675294,0.9933175976511935,1.365357955408333,2.4116477718569986,1.9091388893861272,1.962859793608069,3.1146934004936515,1.728984511171398,1.1477818557483497,1.3119931125193105,1.8486419937313774,1.9844168805754032,2.30218603888251,2.4764378329985,2.2090298578004375,1.7836721259212989,1.436622582789378
-4.616875966422721,-4.138958565396178,-3.3700615092545734,-3.7125356987053584,-3.7396454026018997,-3.727605868612866,-4.053598201277553,-4.093271554663226,-3.2434017366535848,-2.5768073360904777,-1.9564537943862281,-1.5370973566005608,-1.115974020851969,-0.8851989131008926,-0.5642253365771903,-0.20207418560602058,-0.5648060056264339,0.45666418371039313,0.9486050926091667,-0.06809292681547495,1.5574836046516116,1.87883918527456,1.7422520899128353,1.1959587803506901,1.1342869869489725,1.2902378364715104,1.5694153019394066,1.8162280187192994,2.026739747455451,2.2331160091735263,2.263344470075204,2.412572270804962,1.9722618896740316,0.6429259255715432
-4.662196242622452,-4.001404607886642,-4.162322118171436,-5.220083846316572,-4.745221620012282,-4.161923559523656,-4.596335118843618,-4.399918315826836,-4.1221499524398775,-3.722420724297352,-3.4271145635469664,-2.587012175105907,-2.1579379562377863,-2.5991361629562575,-0.6968967547457707,-0.860141744221288,-0.5615522400091428,-0.4084090368673386,0.05326964124021594,1.9145790868901553,1.4123994315942912,3.4556629071994363,-0.3127926022934355,1.168581641589707,0.8321647884987525,0.9986363717206963,1.462258927560403,1.5844834004648032,2.0650112024684404,2.220711810904427,2.105276855193206,2.5353618151687676,1.9848421965286338,1.0587826833722462
-3.5759804594887465,-4.180573383076373,-2.4100067446230247,-1.674640623942425,1.0998027899256464,1.9585929730220637,2.5672109159987784,3.2924273686643937,4.2127131954844215,-1.7170910290237478,-2.5280399095125388,-2.209905838142041,-2.2916841979857483,-2.195243063595921,-0.794140061602149,0.021074111880545383,0.24550051359190755,-1.3757825318211114,-0.5114761878393734,-0.12372096706365089,-0.09629975128864339,1.138284973767655,1.2399145502350808,0.5785810175181029,1.0687570544506075,1.5723629627484657,1.54740385392437,1.7242357725675874,1.7035745891631535,2.239991552356907,2.178820510198375,1.8876035148977657,1.7909488706939434,1.4901648979157984
-2.4125713615755893,-2.5037451066021665,-1.711332232288648,-0.32953970856874054,1.5222324280436648,2.591181795605202,3.010102930641581,3.0856818151965877,2.922900879906506,2.854771593931405,1.2540855281445424,-0.5750088874214877,-0.8206510813757331,0.14866499214565634,-1.2683085496405344,-1.171574080266315,-0.2721512551850674,-0.44970317117678466,0.9734334107698928,-0.2870498350630336,-0.340023038760761,0.2846136179099716,0.6264051577955914,0.45401054328697527,1.0913041035305906,0.40313941004703474,1.3337530947527683,0.8641866896176686,1.8515547733500644,2.1312844859499105,2.1881726304857434,2.2996509736057296,2.083947075605464,1.6873109058340738
-1.631747049054258,-1.5175109357887977,0.7309703831512353,0.9499013500828927,1.5495256584582289,1.8008374109864076,2.4443733930108396,1.8160959692325984,2.5000015688871065,0.2439687562550083,1.210929211623935,-1.8219239886512677,0.29575192078359236,1.4168386366284618,-0.9037626200249749,0.7281417447302662,0.3198462775707262,0.25367044765675384,1.599796469660324,0.2937153696995208,1.2890593235100252,0.1758077932033219,-0.3939503613222156,1.1613630263125185,0.1670116167940042,-0.1622357078286268,0.21450972032249702,0.9912211123592931,1.4863378637077787,1.6900206780661204,2.216543839949729,2.081452544980685,1.9949515754083136,7.796973908239805
-2.619825893924533,-2.6685873846370582,-1.1889952422813312,-1.2348445127274605,-0.1420982549263148,0.6331365136286343,1.25578604082569,2.3789566863117564,2.04545333564804,-0.17378925783191532,-1.5488301506712845,-0.7080055760788143,0.7649949285065453,-0.2578391005603139,0.3585351123486217,-0.2873954330832157,0.2544456852304083,1.8241648305433211,0.30896273458870094,1.6112851006020223,2.6418548020453647,1.1275663922801227,-0.3058942995572719,-0.2887053234281893,-0.3830492472451221,-0.4046801493860157,0.2849311619215553,-0.11881971527915032,0.5207462861286819,1.4670402990336904,1.976621156098994,1.7426104256082398,7.058822960282832,7.554712721078652
-3.6791691634474466,-3.8234766785560734,-2.1195472068664194,-0.44419631061583165,1.3392829803471122,5.3349846903763725,2.7464671849259337,-0.7918950396898193,-0.7755427605316944,-0.41338925164831075,-0.0652225368914895,-0.8574000629910409,1.4278591810137748,1.0926132027696842,-0.6270181243542068,0.9865837731929872,1.1508851349759186,0.7916077202717553,1.4968031234110777,1.1821857768487865,1.9254868066440043,0.8260478470036936,0.6559042377600522,0.4893819376998013,0.5622028867951386,0.42081382840284487,0.18037800897048165,-0.686940118510199,-0.7150957394044932,0.3515680460040408,1.6422139227027452,5.451968504538468,5.981434665819938,6.289221757200044
-1.1237597367623045,-1.2895090538478207,-0.6365641120238064,2.934338334912901,3.4015670829262716,0.07383148015628531,-2.787858900223587,-1.1256973850350218,1.5513827310948771,-0.1954135593843656,2.270977741257323,-2.1712435618440207,0.5256516370093757,3.0798073888691446,0.8300131954180175,-0.8098403999055431,0.3975965780885308,0.4249171522161977,1.834363056172251,0.8899840791369178,0.813267889832284,-0.002360721599397832,1.6109733228506873,0.7552597601584862,-0.3864140714494539,-0.3012798305122055,-0.16665731897920605,-0.533831131948488,-0.18315073149309521,-1.2043833775514166,3.2084376744781076,4.041322643737773,4.358745209442762,5.19725159238422
-2.893218080714409,-0.6459174769564552,1.5480173378917448,1.558842074336077,1.553035788899826,-1.1846876821748882,-2.6776900881615373,-1.616776488532917,-1.6761497496036073,1.6990368308989412,-0.29783353193264256,2.717134503659905,0.21160835232291839,2.75416583592486,2.9549213188557677,0.12621016832650794,0.392579254807913,3.8033117531242793,1.5463508901743812,1.998305877292991,1.0562499155679541,0.7734229007977703,-0.5528596775892114,0.15762067087165793,-0.5746726332746774,-0.8216447138648274,-0.0906605190969515,0.15109100094083044,0.09612693744767364,-0.32868090144303697,2.183497894831194,2.600105712311497,2.7643897769206696,2.847129814066027
0.632019731884428,0.4738838242445147,0.8302793877444392,0.27026077166492846,0.5439107427079762,-0.2004777705547642,0.07588473941588134,0.7324373128806531,-0.11086020525862696,0.7639321210932017,2.613910992480011,2.0659738068803137,0.9086456376928818,2.9036883963038576,-1.7944341719302044,1.7074562825853186,0.15546982454768257,1.8970269731623333,1.0293957738414448,0.8608180655962275,1.1905221247948756,1.2123664873721443,1.5701111120228992,0.7325994223374735,-0.8437012867938215,-1.149050963564501,-1.220449183870477,-1.143796576952644,-0.4997464305205999,0.6380254122280206,0.8591256119476595,0.7701257530216243,0.5776337734790006,0.9511662492058266
1.327768050030469,0.10976426050052973,2.1282061155696796,0.2995367058089249,0.7642347517457032,-1.1866629723992852,4.760985049895477,-0.9544729675036742,0.9307062964848579,1.7207513463228625,1.3762397474756618,6.472437222053487,-0.5528102706813172,0.6230456711013878,1.1468900765813739,-0.08087769058700621,0.6748568728929288,1.4280629822300661,1.7747913482185622,0.0077283099775145,0.8959368363802578,1.2903024486092258,1.2936722579601323,1.523177408324466,0.093298545387456,-0.5735959107129952,-1.02215576272179,-0.3408863094660013,-0.7100453703324738,-0.11515646927321824,-0.48885464870658346,-0.7984982504866137,-1.8668041351906846,-1.203945085605365
1.0568921573732892,0.8629000574742175,1.9218640469342072,1.1040449641193453,-0.05279591606572085,-0.901465729502658,-0.6710818269879996,3.3774118840640406,0.05384346714412145,2.5544606755692616,-1.01550239917486,3.9731926080247892,6.094101557476509,1.3505171328174,0.30081703400069976,1.9069830330301916,-0.17785618084966015,0.8411715713006945,0.9468505352561009,0.32220389419780415,0.8549853567492127,1.256842720956817,1.4546623352799297,2.0695540325350463,1.081365135014555,-0.9647391583689756,-1.1413261494447948,-1.0131867675681008,-0.4983315198163942,-1.1925715525764145,-2.5103260226868223,-2.864241706517205,-3.1257556524822836,-2.7713486803979954
0.31054189602712906,1.6296674372220277,2.3711451488888526,1.222463784057789,-0.48860744203850254,-0.46868687429665457,-0.39560413714551723,0.11482311389431651,-1.0737298406984046,1.2779830957562066,0.9378255908549091,1.8353245724191638,0.4258359682654321,1.8967503587835326,-0.5439533705891495,0.70441509927429,2.954441721424439,-0.2096993972270621,0.5276938946332977,1.0355844429432017,1.752604183932072,1.7443487720022863,0.9235213600821822,1.367169496458874,1.1786741175907678,-1.2079709670043586,-0.3515512837086656,-1.3068109705139657,-0.4130996776070396,-2.8061855524828965,-4.099722408414358,-4.444862307609841,-4.626217750168514,-4.27333881937256
0.3290694954398563,2.0633450954703427,2.163675597869542,0.8105333710404515,-1.7837044514687483,-0.5035329704317326,1.2237934237996575,1.3602228352810606,-0.8526074580241687,1.4683749200522105,3.2740033957169983,4.987664080861645,0.9985542443027564,-0.6405712691457334,-0.060710262775769845,1.2341813171379423,-0.18926304006118486,-1.0685478593934223,-0.21116722843000935,0.8004073944599605,1.1422680388709074,1.2049558879008104,1.4041196433245977,3.349811142888232,1.329988291130038,-0.8115277804732589,-0.649392129337378,-0.5945413998076614,-0.4016560549640731,-4.114110803870706,-5.3632823944041075,-5.785398143505447,-5.355669543066896,-4.538276402764965
0.7260751293221428,1.6360703366049953,1.5437832343439737,0.6980964313963242,-0.8535104872994281,-0.43509174191800487,0.6401428676472747,-0.35619447839083623,6.102420932056264,9.456542598379086,-0.835115152521795,3.678458762372348,-0.07966693423561179,1.313420024896392,0.38655168275610147,-0.5934370344984913,3.0536232953357145,0.8266162205272648,-0.5694126269325194,0.6396046279451921,0.43579921181977765,1.7514703981401636,2.124394252581948,1.4267090356965655,1.7468265980192987,-1.5626670972250658,-1.6368361772438336,-0.23657685113783603,-0.7677749032074581,-5.370840664165184,-6.772436433852157,-5.284607549583899,-4.607363439433622,-5.223229632897311
0.9425747069198996,1.2906760168927585,0.6662341880150909,-0.5120134860392768,-1.2613804813486234,-1.424786937167276,3.6490544431856615,3.081412047405518,-0.10372949463513566,7.772035436307112,3.1777413297308867,2.155709855067724,2.1818955985743473,0.540371638217129,0.9432054882180065,0.21777122943776053,0.4730407686370867,0.38308946929710086,0.41485999935911677,0.535303319542244,0.7989124236064014,2.3907884188850073,1.9179720489678749,1.997355563477423,1.699573123535969,-1.3764849997669752,-0.9818721187208244,-0.30612481036287426,-0.5726718856688332,0.0015745788332403848,-1.475373965488315,-2.938782982976088,-5.845058144209487,-6.383109552230666
0.8581150753693422,0.618236726878946,0.10806120506743314,-0.4955441095552865,-0.2571181173463798,-1.6200539346127845,0.254360652694912,8.522218029917246,3.2755190402124024,3.7308603544456473,4.989367593858672,5.76351639297025,1.5001491809993277,3.671582600428595,0.9579889818948514,0.2172861179466873,0.47805635209111763,0.9140465764597525,0.4645280128288705,1.007934497188993,0.8242544987606623,1.2800332237254868,1.6058590891068236,1.9527096966191253,2.4617961029255095,0.7616137184680797,-1.0369004006089393,-0.5294994329247724,0.05529612719245944,-0.35925241251641327,-0.6675647456722543,-0.5227290386872689,-3.879272428920313,-1.538212603359898
1.3896860622519747,0.6361556478226248,0.11608372862350597,-0.7288670763186794,-1.5263686390225981,-1.6622229395978239,-2.69490629810102,1.8621996169816621,3.0354868242126853,4.952510417282822,3.698059773762697,5.671050588151343,2.058363714439893,1.829487601317082,0.8157674982581361,-0.11087489069791016,0.8416262628372533,0.22409155178411314,1.2177536342551383,0.8885704386877121,1.4266859782728216,1.746934948274893,1.406276901701837,2.056699707095678,2.0800954105429126,1.3798105292335214,0.20207430219599073,-0.41332032120414064,0.6913460048457142,0.8509197315810709,0.8943714938957027,1.0682487018525484,-1.0264147559860142,-0.3356582296067431
1.8339709303486258,0.947043668473603,0.11959384322028371,-1.1192656335415083,-2.5430943401181194,-0.38448736733973216,-1.3158031620641986,-0.6143314062616878,5.2136429963891,1.692591347584159,4.480681950656924,5.405577466887156,1.2332555976488337,2.376621556801167,2.7864451859175547,0.09461423453770644,-0.053024276558665866,0.21726779896971374,0.9903729750419885,1.540239523389048,2.0240996420549515,1.62809637142179,2.0243534075243637,1.2955039751364574,1.5620683724729811,2.0644810957355637,2.269613936186444,3.4274535683600416,1.8950472410571275,0.8763785713283214,0.8240363459394937,1.8361761878983294,0.013012046004715682,0.2548172970384203
2.5921450092593976,1.161763655388328,0.2114698757166835,-1.2757093609449148,-2.5611415273064133,-1.4444435900548709,-1.0724216319558642,1.8625613761303625,6.096058384115501,6.930339615773434,0.4042352533661833,2.231268725825628,-0.056026532116915675,2.173410040456405,2.523200018579368,-1.8135817294790122,0.4487264155281406,1.0497962068607116,0.68209739222729,2.9278192367878018,2.2569725990465703,2.580836026258643,1.2857467740716344,1.00360076601314,1.7548472656569047,2.8503766026414405,3.5025769885737477,4.854746992434435,2.638313952959516,1.150606917082639,1.0684485993667523,1.1162460997415176,0.2925872297342715,1.0983790718892186
2.3696924986459806,1.4133647635994668,0.44554564464204927,-0.9018052364915528,-3.7023512994936314,-2.770867641703415,0.2845622869408363,0.9251388395173508,3.554982590344249,0.8209261069306748,0.809237541712083,-0.3323239247863138,1.82245084699684,1.854836357526283,2.2012173918908036,0.8654347403317948,0.2557614629484719,1.1075994641077473,0.8164414097703383,2.2940944747043237,2.027387114253505,5.126746198957728,6.12261957405965,1.3601706987505129,2.018673866974821,2.978724315945293,6.5835457839918305,2.9294460273784257,2.0733317185069597,0.7272786141713704,1.9437842759369706,1.3603849861970432,2.766748470435635,1.774087356560271
