script/wind100m.json
{"header": {"parameterCategory": 2, "parameterNumber": 2, "lo1": 3.000054539987559, "la1": 64.9999836372058, "dx": 0.5, "dy": 0.25, "nx": 34, "ny": 52, "refTime": "2026-01-23T16:00:00.000Z"}, "data":
[rows 0 to 23 of 52, columns 0 to 33 of 34]
-10.858071266334091,-10.989993239143136,-11.14378963306612,-11.271615160600183,-11.353622308212076,-11.330948381237896,-11.047752978904327,-10.753853817923352,-10.423704380963779,-9.779803378305505,-9.170010896649531,-8.98409271373438,-8.444530626225921,-8.774378146257947,-9.658602662977122,-9.40523350953886,-7.0078127075294825,-8.10082513809221,-9.145016164860538,-11.65798549083703,-5.517308498513171,-2.785143061928274,-8.840466118463533,-5.26184935895765,-3.263941263178358,-1.173705396093837,-1.194378294564942,0.6390309528150088,0.9518905583775136,0.9425650572938489,-0.42380289178088393,-0.9076677562526102,1.434132686537874,1.5515006969900624
-10.101080706553033,-10.081218475336202,-10.309621725194523,-10.26125089927399,-10.17113125037654,-9.983507732563936,-10.008153570071148,-9.42101650187551,-9.041422645698173,-8.644704654824377,-9.092252198216677,-8.310975767246617,-7.68273558763242,-7.819147037071323,-8.664399365503751,-9.684544550544768,-9.332008789896147,-6.823750600672299,-16.687713511434634,-8.532438532610103,-10.692455391288457,-6.876281185119131,-3.9577050351951746,-6.333859302413742,-2.746665518237176,-1.9822464677913274,-1.0516799727808566,-1.5285025142984072,0.034227402423581674,1.9865299655496194,0.8845437328042077,-0.19844199348652664,-0.26057192737229656,0.9505447978293197
-5.856185141820751,-5.916989611410587,-5.746132107053512,-5.571129916324278,-5.30838055633342,-3.7938848743898497,-4.0490044084227135,-4.841836808675308,-5.079852932650245,-6.443359620435659,-7.44947314196153,-7.340880056575952,-7.437561389931888,-6.69544232658249,-7.7060221969529055,-8.83551797428002,-11.000700036054756,-10.32964436113348,-7.601949045290698,-6.649002398672208,-8.63811994738342,-5.6000742609374745,-6.48616895938285,-4.6145697848945515,-2.9830246778169744,-2.9329686549066136,-3.0539956395192496,-1.204063821499634,-1.720232465356982,-0.36529374574397555,0.7089739193228258,-0.45791273243476155,-0.6831598542114562,-0.06657711351141131
-3.1295130578919848,-3.3545446129563996,-3.1518962806366133,-2.847321592612176,-3.2911732890582357,-3.7857367976792387,-3.5453962203780356,-3.1804163946255586,-3.9091831993527437,-4.448679633172504,-4.880965452079471,-7.090187010318808,-6.981375030126957,-7.062125369985543,-6.218331224093443,-12.120597892365597,-8.349964400249045,-7.785354029704534,-9.54879872673058,-3.1440949785783205,-10.247046179796687,-7.415555184619709,-5.8353879120860475,-2.8605597589187974,-2.8291030454987207,-4.223227934550303,-1.8678304049251,-2.803739218878746,-2.352047078731006,-1.9231131429612591,-1.1471531908873251,-0.8461017118060055,-0.8295649768106506,-0.8652300153266305
-3.6245391022523363,-2.685027188153748,-1.0295189634510549,-1.369763932125639,-0.8947949758209552,-1.6433061873655648,-3.088692177007152,-2.9500212411410978,0.10072762849140127,-4.881099282675239,-4.109930224917482,-5.559320683418939,-7.669227635271167,-9.089369636044937,-11.625206317614738,-14.611446343920596,-8.761663046538775,-6.097205162218224,-5.843263467717584,-8.76299457475257,-8.087528131364152,-6.369772463193554,-4.332300109760759,-3.6933154111855817,-2.260284351204899,-4.967904262571267,-4.410327304958334,-4.828943922159724,-2.3627406877907267,-2.5802067940594227,-2.394422373534219,-1.8396027961937,-1.601756837622347,-1.3899630495205528
0.13035144912353305,-0.1406725304719377,2.2409100558319026,2.3713435755018644,1.156058118031849,1.6275223387936588,0.2817301048174185,0.5666734393344812,0.7280801498356293,-1.2811982334725716,-3.900051436808824,-6.828182088683489,-7.540804490492504,-11.234006293022729,-7.132823264617218,-5.896779564054618,-3.361640890898388,-6.011971744225153,-11.439332683012923,-12.54120635332165,-6.252535519316131,-5.544589807602696,-3.1008983687095686,-3.6951359517834073,-4.560890564011179,-4.676063115413855,-4.49945174755589,-4.7623469403555845,-4.5093105058438345,-4.18225372409409,-3.415740362516089,-2.707840860290332,-2.318726835575418,-2.4075194914522657
3.1691844863879908,4.414231696253729,5.842487378936293,7.168772897205888,4.440645165723568,3.863539530976592,2.9826376351213124,2.7366703998065756,1.026075835985969,0.21019836554496285,-3.1175898571006164,-5.60892802739133,-4.5445524232699395,-8.910718737509903,-8.31352006296926,-5.99887271674312,-5.629414525339481,-12.292069501850841,-10.472067118845452,-7.700845646727342,-5.3997696972512035,-4.145806272144946,-4.866131823899495,-4.128656619955733,-3.8072561474830313,-4.530388532703005,-3.450774070731828,-3.9140679247095163,-4.801749889711655,-5.317663573359523,-4.981152007685881,-3.3241682304688807,-3.7241914292367855,-2.10534383809904
1.3985754382272686,2.933142142966107,4.596569215072581,6.486779318112159,7.271909892178471,6.039396348714639,6.45405552636247,2.0352104790352863,0.37176949571831874,-1.2349430638046426,0.6356951211169877,-2.951270603697006,-0.9246942173188953,-2.5734068423923944,-4.030876042777363,-2.5031154744146065,-3.4274357756448133,-2.382814491838243,-2.9981989236886926,0.46419641735969375,-3.2318392611991995,-3.7878831947111893,-3.2708537681005927,-4.685555198260012,-2.2290051616864246,-4.256416757725097,-4.667910301185403,-4.273313153088536,-4.226137034260545,-4.173844886704723,-2.7442922933572107,-2.437107312925776,-2.8755295573035515,-3.579585591337714
-1.2457673445879498,0.021188338337282557,2.0534812326348644,3.7653321691867028,5.139172130626293,5.657511943867022,4.168496557094568,0.4891592030557408,-0.196906695234362,-0.31780904009650396,-2.475175079586369,-5.070111026608618,-5.107413079835959,-4.354852443016722,-4.366776979271186,-6.710319343606631,-7.602973790150565,-2.698972263418688,-10.23677432782823,-7.227615510181504,-4.809273541003683,-1.1082515849530485,-0.15771807351911243,-3.4972985738630826,-3.6243494726187433,-2.3852883393356863,-4.147328891676284,-2.4167421167861804,-2.1935832164961475,-2.0965018860535727,-3.0130471800978107,-3.892546922664601,-3.797973476115515,-3.9896080517833075
-1.0962279809948128,-0.626675774443929,0.06389888973585446,2.9041581549354496,2.9331471665278195,2.6793083795217343,0.53919659754046,-1.5090091960149876,-1.3169794386724392,-2.7045769322374515,-1.1502714461166446,-2.6430631503897115,-1.4377264697846153,1.3690268978713245,-8.511079281252348,-3.4271051275719606,-0.8559893250440731,-6.946955092048345,-7.235541618217997,-3.3762778732928864,-2.040719764967327,-2.005999732692824,-2.294926884941495,-2.704472412530111,-3.639683362412146,-4.572656063532213,-3.0730267161193385,-3.618651364635133,-5.475766842204795,-3.6936842572221598,-3.3741163131479075,-4.761921018238851,-4.054183943134151,-4.020796773200976
-0.6459356414297416,-0.27954076552615204,0.9089047025812025,1.814574776427227,3.0386655438955454,1.2970128171354665,-1.1180578376092758,-2.503062085525472,-1.217273869590648,1.653605051027827,-2.4720982697962834,-7.360062911432018,1.5193853352439148,7.279570263955521,2.3573289218989966,-5.150264930180819,0.7901307875473577,-3.7584508252376505,-6.4381225237215265,-3.2508719788383202,-2.80274765320756,-1.9533431393347627,-2.8971664159052484,-3.654244652085621,-5.4708785130133775,-4.327983287134305,-2.3106967815352832,-2.521478933560555,-3.193212589909707,-2.6203017983497023,-4.310317052173304,-4.462391633825867,-3.3054295781762173,-3.6246816307288445
-0.7969444751826449,-0.634098720420575,-0.308865744250183,0.7683323014890133,0.5065286056786819,-0.45090466410419233,-2.9695894205016304,-2.0925781381472364,3.1080571366273837,-5.217429251977843,-8.01132018460296,-5.595455887441876,-6.121076991641644,4.850484061074671,-0.8987840386255804,-0.7253152090391628,-3.529945079709721,-4.22806260648761,-3.5448895074205184,-3.927769261939985,-3.121760896284298,-3.336816377123907,-2.8616003686205005,-3.8599211304543375,-4.050013832800594,-3.753959111736315,-3.3188730219983262,-3.533146788360293,-2.7015003181697477,-2.524721034118655,-3.7358456147294468,-3.5523284160359023,-3.1186887083486794,-3.8475115210390456
-1.8214771612213425,-1.771302525810154,-2.9674820694526662,-2.261408504559875,-2.7988241806262173,-1.0546667324735604,0.2909533404714766,-3.170180454578735,-9.098240850159659,-8.456830184105119,-8.880706646853612,-7.928056473487625,-1.243575131658438,-0.4180610942815451,-3.096261382120195,0.8934223539476249,-3.0541590198605566,-1.3196058148144394,-4.518293006900945,-2.501676448409294,-1.9060426908052832,-3.4006920089131047,-3.837929007386312,-3.8512551333370904,-3.7928339037089764,-5.559686109764143,-3.0070898885220476,-3.348729641043792,-2.596002268986665,-4.035791183678785,-3.8908373642857,-4.198594846781999,-4.590548882546752,-4.417330793920114
-2.4527605131538017,-2.891142352238887,-3.8883713276116008,-4.175536174567542,-3.0195677288396485,-4.216068496303201,1.437270433973662,-0.38877143828863064,-12.147865302336468,-2.263487932817497,-2.126133725206257,0.48444595628294096,-4.447393115538235,-3.6870550312880233,-1.927769506898312,-1.1331467758921152,-2.873829231677928,-3.0154372939589598,-4.625656289239334,-3.914538220624356,-3.3202721675338736,-3.3361404926984184,-3.5651166044331983,-4.365842044787848,-3.269730728870779,-3.3077762641504296,-3.167074943101314,-2.9417465923743125,-2.9417704849089046,-4.699714058424886,-4.744952740609819,-4.651911740570604,-4.646196538143552,-3.8548461627110195
-2.9407739321585407,-3.597773250192604,-3.467062747711699,-4.143377672606797,-4.181644333744961,-10.304777163848902,1.0656506772602863,-10.368939703620498,-2.8906542983611447,-4.4555166546243985,-5.573382459965137,-4.435803064781099,-0.6588518157676404,-1.237723379520029,-3.1610013451583554,-4.872293413648976,-0.3822078368026704,-4.0601885915666,-2.749847048679926,-1.9043424488241172,-4.224144698934637,-2.551196764100548,-3.6388026012773853,-4.511703376406613,-4.954960305053283,-3.2937372518236594,-1.8578414189887529,-2.3326707501413266,-3.494831644001843,-4.219890805388637,-4.455949831203928,-4.099876982103532,-3.472123624082205,-3.8342881104867623
-3.8977741383446154,-3.2603687227184466,-2.2264601114456717,-3.5285786132637087,-5.464434250588947,-7.758717952145075,-6.856543075464106,2.9509166080206017,-2.1151523278928344,-5.131065802264619,-9.668714923815084,-5.5664578001716665,-3.9362751114446297,-2.9728343749961215,-1.3328427628710207,-7.700780663585307,-4.458935861500397,-5.059482333744636,-5.115046904087295,-3.3329472745345106,-3.962317158238104,-4.730493787895715,-3.7443159452541264,-3.745856328393087,-1.5235027353101,-4.264223622931202,-3.106470783548496,-2.2111334463476706,-2.8905471848722155,-3.6551873970134623,-3.0979149356442046,-4.440178948689104,-3.9583000446608554,-3.9402190593219517
-4.452304936530246,-4.22257168219951,-3.5185513097084,-3.254669223782291,-5.280439455885023,-11.531230768673302,-11.497914982224165,-7.899618007961037,-0.31354607984729893,-9.83738162164293,-9.047234389776348,-3.893225848555714,-0.40718174253663597,-2.099735756364477,-0.20451135433625972,-2.7726040873113873,-6.487357539900442,-3.372879497428349,-4.797074539852244,-4.49707318017549,-5.933395659171595,-5.4592872235110566,-4.226327728407362,-4.446432034461071,-4.402092001369232,-4.977778753459424,-4.17309936269128,-4.24148091986647,-2.9241212272868338,-5.448972587044598,-4.745129857576492,-3.94464557987251,-4.377043490994326,-4.593755462679501
-4.591468117145654,-3.864765312389408,-4.57660495275425,-6.338021596117752,-3.9469301335394653,-5.899083534457656,-9.830927127924546,0.816867838424832,-10.595305174290202,-6.641579651725199,-5.138402057653942,-5.375486029690834,-2.3136583325291524,-3.201960365779058,-4.116782063131804,-4.833742741528069,-4.714984110325611,-4.530891466293575,-5.181994810177923,-6.249500462119278,-7.535513940613179,-4.559773287216494,-4.332533971850843,-4.747082856535329,-3.5671626471800963,-4.108867229988604,-4.499816169881921,-3.407295319268997,-2.7597425134593525,-3.9244605503895604,-4.862128678523149,-5.531293453068035,-4.602048783484269,-4.129652546800209
-4.749684842103543,-3.2498691386462926,-3.4501975827498237,-5.24232492764482,-8.640210978309776,-7.355621905060565,-8.447051664547839,-7.940498925290945,-15.27395801056827,-8.875061574035522,-7.708085494545949,-4.7971861351508345,-3.2174124095279764,-5.184988319777852,-1.0157371112280378,-5.901603896742184,-3.2926426243726556,-4.171246206459206,-1.5656638151586413,-3.6808861033836617,-3.9636533124684057,-6.070746671021109,-5.8097176117419975,-5.436210750778756,-4.7325365557091965,-4.109630922343867,-5.336153810009626,-3.5964016089885624,-3.308889959760566,-4.1341580915904785,-4.96253278211029,-5.665362789718804,-5.761448379251534,-5.166847675103277
-5.930138454990641,-4.943356418886186,-4.112050369811745,-3.6275464151347725,-3.3571303577579297,-5.711377141410239,-2.903872755414741,-4.518996335944999,-15.757146434947437,-9.705183750182247,-9.104564296048569,-6.417452613406585,-1.4734091142138195,-4.406452242558502,-3.6764094828899676,-3.5096255347144734,-4.259913017358385,-4.0222277782446865,-4.644092462031852,-3.9209298942244324,-4.402860139350772,-5.655118899286013,-5.247834631487369,-4.297319680156613,-4.455863155208035,-4.803294280014144,-4.157457093203128,-4.6438186064183355,-4.2120614885675804,-4.758043402239029,-4.082578279057974,-5.945290123354881,-8.35921976489982,-5.325635810153953
-7.606958528128373,-7.287341217113052,-6.066283922171708,-5.980807387157338,-4.682094294001399,-7.064768884732334,-9.959176370275115,-1.2263392018433916,-6.943660085435077,-6.107596084308719,-10.708708261881855,-7.165911788545885,-5.8151320459096105,-1.5313950307560296,-2.4947534173001946,-5.0410620322108715,-4.643033967193439,-4.003695136863308,-5.0147940577176735,-6.607269427862129,-4.784293334345609,-5.228991694902267,-6.112827533034649,-5.428900558355214,-5.962700090646515,-5.231529331268161,-4.941452684444337,-5.776834763525463,-5.115179384301821,-4.284770886975243,-4.422088733588329,-3.5293300894113537,-9.15263012680994,-8.57399241315977
-11.205346224241621,-8.055347999534824,-7.53301823900815,-6.831339523237954,-4.649533063942792,-8.360614791433312,-16.86816376776031,-13.433177319215103,-14.605966538574766,-4.563201013048076,-2.4919135609052026,-5.451582193929594,1.139508738663992,-2.5667001004689673,-3.9398678465918575,-4.646386825884602,-5.265609684157789,-4.966276048770235,-5.450721278041594,-6.520230620413722,-5.4466361887649715,-5.943190855417087,-6.085051813713351,-5.674110638863517,-5.674485629673745,-5.441616229829643,-5.40396600527618,-6.100340749914279,-5.4992249588250415,-4.663216582665699,-4.003375766309125,-4.678365908268713,-5.667080557208485,-8.002158338355587
-12.4526062724504,-10.238541541865192,-8.547609893024921,-7.577831654834393,-8.76704039658822,-6.366339190374756,-17.573950721753878,-13.136818440213032,-12.405049613879312,-19.335034644761947,-2.53363462674483,-8.382872869506643,-1.5327489630805082,-4.917081645188534,-4.549200242232287,-5.217828319872648,-5.678285955857882,-6.632214766205912,-7.012118405204128,-6.541778489015226,-6.840767329180074,-6.341597002423451,-5.9746476529835855,-6.677265177135777,-6.86389859103774,-6.826696322875496,-7.507858676353595,-6.812123373970366,-6.0127813596494315,-4.333497194328125,-3.186281372630511,-5.840270034474598,-7.3581190800206695,-7.958929428018255
-17.011238429131705,-14.120057682224749,-11.613686873296174,-7.740855606947898,-7.481686882202982,-8.035186106448025,-4.149707933546175,-28.04658813467263,-19.73371127311941,-7.58794150126898,-3.1679068057916315,-2.7061391118028126,-3.5126660206976585,-4.948764378442448,-5.868228688369059,-6.266099519101436,-5.624522853771022,-7.634363801883623,-6.995293165863554,-7.5774624442012835,-6.729980553637749,-8.034264306345248,-6.377482478179259,-6.793556317457791,-6.731660148937929,-7.138530037107616,-7.624607312283472,-6.384729205423845,-6.282876185977325,-6.27596349210218,-5.707519500609951,-6.035042641889153,-7.904397221357934,-7.516308999265429
