script/wind50m.json
{"header": {"parameterCategory": 2, "parameterNumber": 3, "lo1": 3.000054539987559, "la1": 64.9999836372058, "dx": 0.5, "dy": 0.25, "nx": 34, "ny": 52, "refTime": "2026-01-31T16:00:00.000Z"}, "data":
[rows 25 to 49 of 52, columns 0 to 33 of 34]
12.446376561827037,12.325722739996102,10.18251046644947,8.950433242738278,6.8639556371314825,3.701341537841568,6.419783640970372,-0.2776628990526466,-1.3118897551575166,-2.0326136466713303,-2.0059613757627854,-3.5919502244114376,-1.279295695680354,2.3965530639882235,1.6245238899914523,2.0855302180761446,1.4212314434705853,1.2494916102318612,1.2306916046996088,2.4554920310432493,3.6488517756306984,3.5571733506234664,4.327360945456435,3.9698516473708745,1.8793202139003533,1.8109290964506026,2.2188066351865854,2.00806564362358,3.7413415338802096,4.082510506728606,2.822025771031508,2.144903641964043,2.1215167567460487,1.0895717846338215
11.909294796960914,12.171533323474737,12.343062139607245,10.952326252235624,6.7663598397809155,5.302744505721837,2.0462388454462004,0.2223015114608878,-0.945771849892875,-3.1046744927251093,-2.84108807776243,0.746741959314434,2.1859788070179675,3.03730302028661,3.4899480712912596,2.9615036829798633,1.0264996398720876,-0.03809680570842817,0.4983153016452317,1.4709702090015246,3.142018214468787,4.0181775184081925,4.135715023582431,4.286443648205556,2.340883763052367,1.5353501793215953,1.8288951500971586,2.970584493880132,5.272672493148305,4.331691156520107,2.845257359920183,1.8009294809831162,1.1274142390335653,0.38501519261429207
11.573141030487763,11.364398838689409,11.370277267030469,11.435997191868045,10.032249193642969,6.748681788495644,4.8634912952919365,-0.4891406179691391,1.6942567165353,0.6357517551793744,0.6248140897139071,2.827198467051304,3.4901011592402527,3.762682809990849,4.013863161873377,3.6063304120098194,2.7862006694949883,1.9916582139357355,2.4406424234098867,2.7690612282331637,3.83531992534336,3.93332251086938,4.09515935773896,4.9742298136966685,3.8828430130663447,3.3781249609746973,2.22080178555085,2.660140387874712,4.949692277701047,3.7794404985813435,3.157964442356567,1.4580326740230667,0.9719591713804444,0.02129361997903614
10.703189946994327,10.607020558511598,10.537716833512324,10.105855242819784,9.721346444162089,7.954742030514793,5.933114544164643,4.992495627302996,2.7861376309075334,2.08511692385141,3.9205560135330972,5.561736466147905,4.333153804337862,3.983597287713268,3.8531275439572394,4.117129797832278,3.8549334369462676,2.5275311185551286,3.0120749892756584,3.473364768514044,4.23520990674617,4.36957807369693,4.416844462937982,4.260542345391531,3.9172677598229213,3.0757019939193464,3.135694831597694,2.8887284546786427,4.791366783075768,3.573094792126755,2.4998764439552192,1.5262757325612546,1.4355465736294182,-0.2871447787239287
10.698364195864213,10.162313850377647,9.77974330051106,9.252601586885623,8.614682351700006,8.036361365136182,6.279420908475203,5.327789360534643,4.572794226100699,4.803122387995204,5.633468443753233,5.933997955282376,6.507770790381027,6.180168871794472,5.271824591076707,4.504105070155825,4.767094356421956,3.736836861535782,3.5015476981457185,4.1637546879136105,4.488464588774224,4.46188231169869,4.239459866369024,4.024671221404449,3.9933633147140437,3.690095144107618,3.0416287516246525,3.1568875416852213,4.092494641366082,3.11853895846066,1.569169213563078,-0.5225699662096323,0.3201296334778524,-0.30032621227989004
9.763569791748635,9.84558804242964,9.252046973541662,8.624359907791893,7.996687421705998,7.209153562598671,6.939423817437924,5.7472347960529175,4.858021503655254,5.2641495294336185,6.4554591259283605,6.153109922393596,6.655380199201167,5.524142603703859,5.211042545554173,7.7934634120715165,6.225979124557021,4.6235754220473115,3.4404778967946306,3.7554595431277074,4.088280543094843,4.053988715221456,4.075959720655093,4.098307027752401,3.6867309239468016,3.331902632485956,3.133037671446754,2.9472730321587353,3.83173033136125,1.9486137087729285,0.29940680796258523,-0.4505754824431601,-0.1467578599883663,-0.9773191464951875
9.476722096147112,9.306841542507991,9.362398712649956,8.67299263256278,7.72623734378073,7.386422846655295,6.709106314734223,5.816781152405529,4.997171159396101,4.783925667602657,4.830483720133785,5.998839084396378,6.487967413754279,4.953524717673093,5.8792332660630375,7.628240280066032,5.964994317979122,6.554999994137149,4.493126720033428,3.850220551797769,3.9241704033506655,3.8267489374664287,3.727567821733654,3.824441994358127,3.494540718613729,3.3222125495255046,3.207382444185713,5.316214752353505,2.95758315598316,1.6039114423459129,-0.3931156441787301,-0.046638804936321714,-0.5922786118946083,-0.6863034224621064
8.873959845821457,9.28582299138324,8.600082182772981,8.482979229872393,8.199954760427019,6.961088092937216,6.497675671739998,6.084782034038903,5.51959106168748,4.703588247492614,3.695122907372698,2.4805421552373366,4.512195101703142,5.391824169807228,6.287742962781643,8.060167533396724,7.789565971055266,7.8784391597915135,6.312715654085858,3.616697036017897,3.8246328223533617,3.9254586057390637,3.9279571261413544,3.643053902279501,3.451689331945087,3.2850034060092486,3.1450711125904607,4.79392088867091,4.234985617258686,1.8715137295059223,0.5717490322120053,0.3551391893925605,-0.3415610540087041,-0.7268014427668256
8.502092357513556,8.405293870054841,8.521825980076136,8.160000210801183,7.7004510891305635,7.42162134468525,6.385004674342315,5.607177288552064,4.8914690657269615,4.321899945805389,3.080932782178612,2.709652645285061,3.1950058906320913,4.125676778977804,4.901998923963289,9.03431223837854,8.057155845295012,6.905920848928839,7.682664606455045,6.346984033662382,4.02254612472244,3.891834797690129,3.8550602738077817,3.9153396421035427,3.361339985924547,3.0876554921931456,3.012331895203683,3.6354972165187287,4.5867614789752515,2.809706740040688,1.3869975566403463,0.5016842216912979,0.16136052687619623,0.08981227943593034
8.074444286710325,8.295383210102662,8.563622317504604,7.966834937881218,7.618234171257973,7.169758683276821,6.897467902619718,6.489021275525276,5.889363609885152,4.156169003769469,3.0233200260084945,2.974995919508428,2.3231978253744225,3.214737715335049,4.090804406073554,4.92171571783978,7.951036429816135,7.073794518008241,7.232973572025572,5.886556302140093,5.055972955220881,4.368079209500767,3.7011695500333626,3.733113610250576,3.4933336503528953,2.906700340664232,3.2778174863541456,4.948436785301047,4.787384259806003,3.167834750005424,1.662417493646541,0.7936060909479187,0.3873153201503627,0.03249238380756507
7.897330926945945,8.117542040303952,8.318054364914556,8.422057145735323,7.747706478600474,7.093547529776062,6.9621215150202715,6.937178198912692,6.2562828001198385,5.25602237895525,3.7296547428304354,2.6754390825265713,2.541260536447658,2.943659410652412,3.714854550804617,4.078421594994108,5.858230166367721,6.398961020982954,7.6972078489004225,4.667057362416687,4.431830453064197,4.8735491789124605,4.550562014446374,4.223555714195874,3.126975074077861,3.157890756867431,5.024902777982975,5.866157567472802,4.929222215236461,3.694791268023075,2.082330147209619,1.1046867650982792,0.6373225428238619,0.5384357601972587
9.370956081108876,8.571054881547845,8.08610521975658,8.369200408732247,7.64528013593466,7.300788532297263,6.851350150278996,6.8137973095968185,6.579315973860863,5.788088177963774,4.550856362630453,3.2130139098911283,2.7297170532181623,2.3516228371424135,2.740508497422701,3.578608015944001,4.5655765614846535,4.909170543145468,4.863353674386012,5.8948844652096755,5.108662453595727,4.301589704285151,5.333597264237397,7.314386952864557,6.944203924551219,6.612145302538199,6.410682297075565,5.88855950460945,5.2946179589682485,4.259455546524531,2.987671711084881,1.5599078537542288,0.4572731190267136,-0.09858226304716147
9.273079884440543,9.284866084733121,8.484210007967972,7.729318827728406,8.080518725880825,7.250993724376554,6.596129181964546,6.485169610751497,6.5140804939289865,6.016007036317215,5.138077553949656,3.536478680136906,3.6127863039952675,3.0592558078987393,3.538775772529629,2.948139402777321,3.8046403226263155,4.592317740638828,4.628163272140261,4.232075460298548,4.177108356759268,4.886307545977242,4.723780055031964,7.882709358127281,7.702222130087511,7.244695379107519,6.512930678102611,6.078946933516834,5.499890561092701,4.675497220826754,3.7242847605861744,2.808251271080723,1.2949761324874045,0.21085959852763228
9.00488637185007,9.104149528537523,8.487510918448352,8.389926272439551,7.646076114796918,7.757784309085325,7.782585932553895,6.404886570743131,6.14771942276563,5.713378932586414,5.039494569887683,4.158814307490962,3.586226936478312,2.489702554367877,3.0148602340593245,4.038087778173126,3.3867453829996217,3.708609265801092,5.322164117539189,6.430795456161505,4.6976789837764485,4.023731174369819,4.968620716981707,7.799532740951703,7.520692695928584,7.655413630758433,7.098740075176688,6.387020377605765,5.69457589077837,4.857170090015545,4.3001883883496514,3.224409021213386,2.36697995498151,1.4886761727173912
8.295555006960623,8.55423926127704,9.053256229674833,9.185504880870837,8.18597181085171,7.273156332482769,7.311790755149675,7.185857314717988,5.904132564268142,6.069349643120038,4.592116225782286,4.010092903373567,3.6931446959074323,3.595097438849342,3.50410999750475,3.8319520785742545,4.269316645902193,3.6499711173873965,4.817696769001076,6.908528841143052,6.91468654425622,6.617208113318868,5.351771795678608,5.442575063424258,7.324375053687926,6.957405939891106,6.713531940632523,6.764033553370448,5.952789414437372,5.262941222716792,4.624381266965351,3.749153121397518,3.040692940792217,2.2695475216954115
8.471051453977728,9.17119120008513,9.212772915659642,9.557443941365385,9.307587147915937,7.974587100279158,7.189784925648083,6.289287982108175,6.452716141499635,5.410770028148533,5.0858525760962,3.286130281806448,3.1144331569221473,4.076930584333886,5.338867792928279,3.197944124632131,4.591591843578932,4.593838010356679,3.8864101747488795,5.411048272423746,6.795016315049853,6.79352880098319,6.540801385723927,5.8263872512428945,5.161836554573949,6.188922171840594,6.323650985080625,5.685530519724221,4.728243205243248,6.12053880059793,5.186691186239646,4.07848553722103,3.429970494883497,2.2482223192149546
8.016431642690295,8.393699636180536,8.496067476472252,9.186412951648935,8.844840236399808,8.878124861626425,7.8599274213384795,6.95845026895203,5.620208085284343,5.7399565218751505,4.968564543110733,3.269066724486609,2.6457008549718877,3.419731557210773,5.336868074049621,5.40707035344138,3.6992107191799133,3.640108872729981,4.22544737395505,4.7516697904653515,5.8575691809320185,6.95394927478727,6.725460918530051,5.988638161173942,5.2800366121414095,5.368435412705119,4.402114963658904,4.411539402755888,2.958089629183156,1.6176530316900024,2.0971867917569122,4.980555473540849,3.3194699504333154,1.5516216676635426
7.316839015333382,7.9079379692448954,9.130846253290757,7.995293695387323,9.090546946089479,8.608739797332063,8.064719687280009,7.313383417928919,6.7315881645818925,5.4391286887433035,4.455981699577673,3.706030601278561,2.377725147840153,2.3357968788859167,4.338750837295985,5.91002083262044,3.904037619437561,4.628639338073136,4.332389137244827,5.109970465419221,3.7286997477559054,4.397555230294567,6.05974897314487,5.937303927036641,4.449487558923552,3.6379117835284474,3.2812942792634647,0.5349672488422177,0.7013733024821805,0.8303164054492697,1.9822146178538493,4.578804050824034,3.2224255904102983,0.46787391654434485
7.310200231300802,7.6343730095600515,8.057002889619582,9.274046714640022,8.119046987816782,7.960930326347527,8.059792091237142,7.139178698587486,7.049865328280613,6.5561253919357405,5.301734561093279,4.129048947872631,2.3593226697964518,2.492143912710655,2.980319000842855,2.4078171994351942,4.177807727807474,4.370311845311881,3.219962581894198,2.329502924225503,3.0408852882219164,4.394992011638975,4.260758208436085,4.8678230735968,4.067318754144597,1.7552776423054695,1.3503786237633366,0.43765465778433554,1.3473889742775986,0.4244412210238096,-0.2177998232206144,-0.013129632782704691,0.5975943726457055,0.9686667170275222
7.13020237877681,7.694540171493685,7.842771847557413,8.47699867118418,8.209438990723106,8.233367131272537,6.844844151709055,6.821691993859163,6.363968706175578,6.358860696928222,5.324091664280351,4.419237597225091,3.0412076458329285,2.198324292612493,3.0914309823172883,1.7671870704783996,2.4244760006018633,3.2882120361301634,2.9486250986996745,2.802385682271671,1.588749172757386,2.2517415469412256,2.628492345859847,3.3823913423010836,1.865431792156464,1.9518590277467578,2.4451325626213074,1.332240935007077,1.2102363177284405,-0.7496845626763582,-1.4324101909401294,-2.465315675358455,-1.6731330066102954,-0.8697478554372863
7.28616374226873,6.837953356707961,8.1876533714741,7.909724647833851,7.241492492115966,6.98028890558939,7.122290976700541,6.4188687926807715,5.3621540365804305,5.0055891911595145,5.690439459147976,3.218661480397726,2.724932027040163,2.560635263123653,1.9173063656973766,2.2902736167267825,2.508999580709375,0.9510898698332295,2.168998790356772,2.318617031664038,2.6768403189851444,2.2390056901004485,2.8194569853830163,2.1984451076641047,1.6700457012098455,1.494899106550785,2.167983747210474,2.77673201867625,0.7020587682135019,-0.9924102351710512,-1.472402180260533,-2.739891002036816,-1.9537141963616875,-1.4848229047480461
8.17732008107404,8.021250222511577,8.217456054183511,8.365786357090222,6.335406726402561,6.2330703414367505,6.100831644587294,5.690304726727757,5.02835662754543,3.1983915785141783,3.852928358859151,3.0128601460327067,2.207106213461323,1.7260050982668305,2.9140593539801296,2.7864055413490063,2.610144120182628,1.2147138000781443,1.7387719756128344,1.0306468644998987,1.869607578836354,2.9997078341886954,1.6095461583156665,1.4080892904032896,1.9252329530095635,1.6942369951857592,1.2081263404323872,1.5471872016150177,0.6632451469987972,-0.10633820882717566,-0.4101459473496287,-1.1622959525802634,-0.20371543612788556,-0.07100750882323092
6.745909031828126,6.8230429864735,6.632679569647963,7.3662596460748615,5.876788980925679,4.697452057507271,3.8790773007390515,4.096029411713234,3.5905404523523736,3.1881471130816785,2.846441810826726,2.603762468691677,2.142528961028014,1.9319560817079475,2.866226687345596,2.2605442945346392,1.9849689410521336,1.678555344043305,1.7248966725885357,1.105326730972747,1.5907890959968307,1.0881546152652648,2.3690215470642157,2.1927164797911143,1.7512663012392777,0.4920671056324345,0.8482915953201093,0.343013119446217,0.27938712563249546,-0.6157791919046053,-1.1792074726612067,-1.3829670462921386,-0.6696975875548713,0.002772610057921386
5.878782020545192,5.947931233044816,4.508895775966741,4.023148865171952,4.7341936799174436,3.0326688244500017,2.9195983304801727,2.901524294932269,2.71875295799997,2.594142146767778,2.5919617822721484,2.340135618803124,1.9868805049269904,1.873092853522047,1.5149439872512933,2.1070342248309815,1.317176774512192,1.7038118992820925,2.2568589275460247,1.360543655113093,1.6568790271666956,1.283581591945648,0.6734446628059418,1.5571696969667812,1.3525503280333744,1.4846482393297586,1.3158894014283298,0.6659955288026758,0.6190132790039349,-0.9257502777602027,-0.6532253379930792,-0.08260172846254706,-0.4896212344239233,0.3687208761415357
6.2848771697256165,5.891654768522626,4.0043403149570596,2.079915552316531,2.965293678302322,2.514591976133108,2.638016161358863,2.3823249109013522,2.3114756647251,2.374013208219801,2.7085848295660537,2.7305007605934195,2.632597682421044,2.1058696786318736,1.1767956136148405,0.9424759549150546,0.7286413051704834,1.1016691502961706,1.2391586275174014,0.6799870398071131,0.9844739493613631,0.7954190177623663,1.454334276052562,1.43022901066246,1.7579444026555444,0.5984916354267654,0.304844195340553,0.042659403798527236,0.13649292785305436,0.21593738816997557,-0.14311461242810652,-0.38998837301720835,-0.3406749942880165,-1.0346418504723676
