script/wind150m.json
{"header": {"parameterCategory": 2, "parameterNumber": 3, "lo1": 6.000198445256149, "la1": 58.999992894266676, "dx": 0.5, "dy": 0.25, "nx": 22, "ny": 24, "refTime": "2024-01-25T11:00:00.000Z"}, "data":
[rows 0 to 23 of 24, columns 0 to 21 of 22]
-2.3368901883170787,-8.398884730942717,-0.6686629425245573,-3.5880521679511044,-5.033642682358627,-5.6606369606601445,-4.341861417145747,-6.903535816208411,-5.557815540490925,-4.421065095169381,-5.984767699719089,-9.036822893520714,-6.826642970845857,-5.103179219437833,-6.448264267153852,-5.643852751233421,-1.9237416993118646,-3.629771171339924,-5.423680839959203,-10.567278654703829,-9.011176516061129,-7.735757435626028
-7.337532394357082,-3.3429764204260906,-4.092114300415117,-6.970592785684969,0.2936751605083802,-2.4464976067621653,-7.56762751573553,-5.70956914234505,-4.735032101675415,-6.573991350054299,-7.4961129880614985,-1.164469818212642,-0.7272029942017261,-0.4889171094070485,-8.824052845053249,1.5890971094981914,-6.2129422229407805,-9.220448135001542,-6.658890857166834,-4.18987638078458,-6.308559433545138,-5.4027396544278465
-10.40377523765625,-4.550184731470874,-6.052883841243614,-4.4229535566179266,-5.098248073250256,-7.495471487168436,-5.316406651823478,-7.354675213965503,-7.599945637277784,-8.54193604171909,-4.850848935251395,0.4345367624578286,-3.9191650578850874,-6.905820769835701,-0.7043241754905076,-4.770400299322392,-6.87216011824711,-5.673084544004258,-4.116930908279414,-7.07773579026627,-7.2835019675684896,-5.938366374815141
-6.2020209982061045,-5.943849486265459,-6.31087576306588,-9.567492880053427,-5.010731660643667,-4.564560407653812,-6.5777334334357604,-10.169156260589022,-5.02496352756596,-6.558515193258559,-7.066941284445618,-7.222195098604458,-7.429644506015363,-7.196708273211621,-5.159968322999296,-6.376768117975741,-7.044187850835102,-5.390666359046128,-5.465614339037243,-6.481534467884929,-10.405801419012775,-8.312995329904963
-7.139493796294361,-6.4279881596139585,-4.828540553346545,-1.563307059236931,-7.148714990345453,-7.168736178443147,-8.84203457924034,-6.950420180189265,-9.539903626018171,-4.59931312601259,-8.88839986245386,-9.40975286930087,-1.982524343980147,-7.748005571312584,-3.4769253986551556,-6.800182746605896,-5.973862650151309,-1.6377425272419366,-7.290418028436762,-5.896356027797645,0.7571910960341138,-7.865638749574984
-7.72248596555811,-7.99529350248571,-6.7681424802732595,-7.249144453469254,-1.600372734437531,-1.2621088274812082,-9.355911942404903,-5.3745981842007735,-3.7523511550489217,-5.375415673514889,-5.378903677917214,-5.870694679246493,-4.747544251616413,-8.05326109420374,-4.678397912354375,-4.896728260019239,-6.92268759231756,-8.227523358308192,-6.567236573362491,-6.480414530596554,-7.242934970852295,-10.72731747461425
-7.3550835307827755,-5.724798220044653,-5.6060906572627145,-4.993893787949132,-5.010117429874972,-8.216448935940132,-1.063264889834494,-0.7083001883540876,-2.132888348821701,-6.465590074450336,-6.584993212616664,-4.867134915451106,-6.616868502939261,-5.781372968260036,-4.032495189333205,-1.8014813563014105,-4.534129184490006,-1.7672824452274372,-7.324760041088546,-6.586291572383315,-5.975446395063901,-5.505281488435831
-10.16609742848893,-6.105516624992479,-6.5650114879045205,-5.044094957146084,-6.844888062812536,-9.821928284999633,-6.140540942158479,-10.925011860361082,-6.594239442012898,-4.318917141166974,-4.332419731184929,-4.576423784355719,-4.2636172738992855,-8.964827007006413,-7.790339550054069,-4.389130828688173,-7.440034164689882,-6.826406995616215,-7.067425881073633,-3.1844730030778776,-0.9058881535033635,-7.63672579203283
-4.7944125992291875,-6.377671635064093,-10.573269555972182,-5.886932530079371,-10.218977505932868,0.8787140092205289,-7.069886646020062,-9.846790775104527,-0.8998812694999783,0.23238230397180434,-7.165336547427882,-3.871106942220158,-6.187947157289442,-4.825772990271049,-2.325527346336262,-8.237499870792092,-6.348992168894168,-4.891281166223424,-5.37078328196356,-6.697589557180612,-5.071756365532172,-7.9895715510278436
-5.030021219868882,-4.112330068838817,-6.211575983824182,-5.284485714389218,-4.764714733503273,-2.7911646021357464,-8.700970123052395,-6.362870690023905,-11.015230986726516,-9.901236647574473,-8.37284372876652,-3.3758191753506255,-4.448706660442032,-5.321620755548451,-1.1100533841874736,-5.892909975635043,-7.8870042474966935,-4.753146447258359,-9.285388868382833,-4.140192623766242,-6.872187004948048,-0.9837809567952367
-6.696313007155133,-7.551678856653694,-5.504976517776295,-5.4704360716443166,-6.369643685918514,-9.478751994083387,-7.667954758366784,-8.247403130220109,-0.8050027290566271,-7.276763046298181,-4.88634090311068,-7.680317602070654,-8.219752700631595,1.0157030308090114,-6.158649377239747,-9.163964218688221,-4.444251129388995,-9.31782813286879,-5.8946565593485145,-8.346711191457223,-9.234721529969073,-7.116015655956691
-4.557581191124488,-5.375413401122812,-5.082742901878209,-4.589827030918534,-7.480727778700895,-4.892238303685831,-5.134674308451669,-9.096218509335062,-4.448697552125524,-7.6319960967049685,-5.228704019633556,-4.975572773654372,-6.27422703335897,-2.7901862172191825,-8.125957973620023,-6.13725584290646,-4.8258879746599845,-7.097273275927793,-1.1694553476244807,-4.216521662623258,-0.8054109229036441,-1.9731716666030297
-9.349864378525643,-7.1542272017042485,1.0846030269112934,-4.176691900546372,-9.801697434593114,-8.89595419339732,-6.804189986215913,-5.2798874209560855,-10.170981254644488,-7.761177423692016,-5.004291535961406,-6.186055033379874,-4.009348139906566,-5.604529815435863,-4.637238223602722,-2.1631425432755873,-9.261446435621197,-7.363856527407958,-3.14557441831926,-6.819563117374217,-8.302414896983944,-3.153814341753177
-4.799935899484867,-7.709416321200214,-6.80658102081179,-7.934065455379527,-4.437670121901582,-3.5316093037361034,0.9436642117265321,-5.476634326306448,-6.640000905073612,-3.595516661764719,-4.544884569340481,-5.746413364511031,-3.9026549790461034,-4.765407405763024,-5.662767836042606,-7.4081491686664265,-7.572990257692913,-2.309125024302098,-0.8135793427495647,-9.373101898327386,0.7510800415749873,-7.85437693129816
-9.835956309932948,-5.762721427791064,0.344144362210593,-7.88614398546478,-3.059734949810504,2.2873204562904523,-8.593584543411446,-5.135667943782642,-7.880048282700656,-7.363749698696995,-8.469433995531707,-4.367474494686215,-2.665835795958868,-7.025591746372172,-4.742125384355972,-4.865787378220932,-3.8596974249580045,-7.647042930559178,-3.5973552288371704,-4.272465270891146,-4.32011269120073,-5.95569689040357
-6.486906797424977,0.8746646346109083,-5.104542439396262,-2.400946561507453,-7.185798669075649,-10.490102056479177,-8.577070865149926,-6.51341368338479,-3.7882763233944003,-4.906822669102345,-1.2814082123250141,-6.39186812536378,-7.566952553160345,-7.169630026653438,-5.398207227845464,-7.073015449805498,-5.997854185665763,-5.422776380584477,-8.880335268342256,-5.2968017173328175,-4.268532223225507,-6.197106194109284
0.12310107272043855,-7.240152638151796,-2.4081085577505497,-4.458883282341686,-6.467175380303515,-5.080174164679439,-5.696499097642576,-7.385715666919059,-4.480431134463864,-8.009608269616855,-6.3179505400004645,-0.9865738527921022,-7.976386569129412,-6.6122610951430705,-7.736373588624753,-5.023494755943332,-5.541770179260935,-9.216432258009528,-3.6694235509362745,-5.377417192042272,-3.7265634642371626,-3.404985309347757
-0.42963392003355894,-8.814309549693103,-2.54247004552712,-6.440563388317005,-7.734356341449832,-11.340852912838207,-6.885601082305943,-6.662153789804431,-9.441495390328107,-8.064163880720642,-2.2966122957915225,-5.512450917444242,-3.970292327909665,-5.678474279794134,-4.319325160675904,-5.401262084308004,-5.619579404210381,-8.954021051474191,-5.647808987791383,-2.8481634348211027,0.21466918090525847,-4.276005436708091
-6.917577957144131,-3.555699670288637,-8.00245835965056,-10.188891543957812,-5.0310765876079975,-5.645285057603984,-2.5662800968463233,-6.825912673479732,-9.73829791773033,-9.335051808189927,-5.797161806150796,-4.5936052323728775,-2.874509654842548,-6.7528217423912835,-5.050806405972556,-2.6868962762672175,-6.026084138583745,-5.913287851473912,-9.90308251409103,-7.408006269262592,-3.250477454511827,-1.6870007004627314
-0.9970394521891563,-6.659335355634232,-8.139001328097923,-4.343550737062462,-5.767699647229752,-8.552259794511258,-5.4936329863374125,-6.36053721882167,-6.54028273041765,-8.924834337955359,-8.344825454130126,-6.874842423706196,-3.1099880825395814,-6.689354138622924,-7.9818659638838465,-3.2475865915565922,-8.325129372819518,-5.125457939744538,-7.018182376501825,-2.365321452212223,-4.321450534874373,-6.183915400517235
-5.4676743033999,-5.579025713952208,0.40731411079376384,-7.643184174750137,-6.0402550865475,-8.170967918439624,-6.212147039176295,-4.323363158743194,0.789388815068094,-6.8921146912567774,-4.962614625592653,-3.5959483431471306,-6.046489835497982,-9.313574120598533,-5.543936264442264,-4.050693833078118,-10.633355551226995,-7.267765838192516,-3.9825824236126515,-3.4849614385760637,-6.392250214620983,-4.128534779296116
-7.450021415441489,-10.692908019173311,-7.102872341045186,-6.974291844129719,-7.3409209810516405,-4.315792888581419,-5.430675343670534,-9.981391178340136,-8.876265815850804,-5.214419823770785,-5.627491587512572,-6.18735698411338,-5.865576404715731,-6.8300592423141815,-11.427684918042386,-0.6467329863414004,-2.3967023282347886,-6.651487131538426,0.28813443431636804,-6.476759583314167,-3.9474160655818458,-8.068543256550662
-8.627903385310573,-2.4130687350668207,-5.055571428481529,-10.460773176767932,-7.57441734752071,-8.236171826401508,-6.887269874917095,-10.037959144056604,-7.744896332076586,-9.70283276659939,-4.804242157113585,-2.8732957370275765,-8.235031468629023,-6.1767611511713865,-7.11316595757399,-4.90671410726648,0.10103406540597601,-7.631680342061795,-7.38969501199775,-6.927689180749212,-9.163129366519893,-8.147264378560653
-3.029823048327599,-7.263224504210859,-6.136937187879378,-6.995313514515918,-8.083133793378348,-9.776252781033483,-5.769298551067316,-6.656130787137833,-5.052534011703087,-11.156484850743755,-9.609007857409418,-5.169201247341783,-10.226786060462759,-5.188236219010239,-9.34929509129731,-5.034091866589664,-10.2286336573029,-8.33557671136777,-0.970544411956743,-6.753116212848962,-0.7523883521603859,-1.6528526890703803
