script/wind50m.json
{"header": {"parameterCategory": 2, "parameterNumber": 3, "lo1": 6.000198445256149, "la1": 58.999992894266676, "dx": 0.5, "dy": 0.25, "nx": 22, "ny": 24, "refTime": "2024-04-27T00:00:00.000Z"}, "data":
[rows 0 to 23 of 24, columns 0 to 21 of 22]
3.9972953752962694,1.12197483258043,4.080459837329468,4.00155703622294,3.2326856990052635,4.59973220751513,4.8168044034966835,10.512279307234813,1.9303842228221098,2.8363571893744624,3.551269873742115,-0.8654951978345736,1.943903794000272,-1.5192544768235787,2.232740402926338,1.7869443479505625,-2.5157041752595517,-0.9775693306892912,0.3075707799559756,-3.2748916287852268,-3.5117023038292987,-4.584811253070518
2.6044184990514854,2.62263965093359,3.5129896197411448,1.0124364401166042,1.5048801825957034,3.665604962960792,4.983612683225669,4.38090179256035,5.748281665980769,3.0073137687011293,0.9920231592257536,3.571877044734561,4.103849252010167,-3.3928853497911367,0.7588172518805448,1.990983670377783,0.047758275646147055,-0.4921189042334493,0.7149211566043062,-1.7876797033753051,-1.4186316077258276,-2.0170897025740464
3.0105561404001047,4.826878747624836,3.45982039156304,-0.15267747115498084,0.30088246035634025,8.405603607008088,2.781488334670931,6.871716056714082,2.5807762896523854,4.032525479639054,1.9833541556554806,3.8768235248768437,-1.0621281595313772,1.7126638052157377,3.164519350938357,1.0116506350042194,-0.9214847535826503,1.609253789893724,-1.7789653345159036,-2.0071299446915987,-3.345057400769324,-4.50189962255821
4.987519128647566,4.551340042447498,3.8833599151793994,-0.531987095101855,5.4803722279603155,3.6965232444992404,5.0289748395647464,3.731304489780613,6.0842822636138445,2.1756975610478166,-0.10011288337719484,0.8526576262512793,-3.252627945620005,3.4388832810443994,-1.663057489078912,1.597815264457482,0.45371155958348086,0.8136839963480474,-1.7587513422483472,-2.521388734760913,-2.582379447338867,-2.739152672455676
1.4006623971674257,3.562921350663512,3.9270140303441976,4.593303972250503,3.405899634077026,4.258991486099193,5.033144247520677,2.2802104292265217,3.235808830437529,4.890750258601706,2.7453355977949117,2.12924596716968,4.156790904186085,6.4843076495845615,-1.1400843710941193,1.459751168729208,0.3535953551751127,-0.39695125797147723,0.17203642827709772,1.1964956315939397,-4.3577136293699805,-2.095262623383647
3.1396485651491997,5.178164989328043,4.010097785281495,0.16643439458753959,3.644247396739458,3.617818180239293,3.4960177980200022,10.431521947056888,6.485690622417561,2.8562603054809146,3.1169345382664653,2.357274866961947,2.5765339057600043,-1.9034361815721292,0.10080333200641135,0.5414754134637152,1.3390469489344237,-1.1810350081363747,2.9750712309779357,-0.95288894797619,-5.1570681744029505,-3.8142985015597226
3.86073487636196,4.801118680942106,4.376355802445139,2.5802700597085,3.2536773624423874,8.271564891440043,5.845960085952246,4.321311457916289,3.7909706719580036,3.322900383482434,10.344267804627629,-0.7709429330158918,-2.1681405061477186,-1.3601696058548516,-0.03994789338005731,0.5358802576479311,1.7805917638139803,-0.9383267260959764,-1.29984803232447,-2.895814882499653,-0.11412658126626742,-4.697776681432732
3.8917489820743336,3.9199014310701226,4.369493693396763,2.8884285107774907,1.3520610013968226,3.6647424198937637,4.659807795522643,2.3361385648017774,6.114338798942053,2.6690548138563273,2.155982386185661,1.6498064857709596,-0.9948304305103103,-1.4809969744178073,-0.45496729641781375,1.8969578330249555,2.498389406742906,0.41998190624228215,-1.4771523209657098,0.6897677356916425,-2.8030060710068327,-2.615816659025451
3.661862475897705,3.8943751032629716,4.211579314428954,2.2765494292443718,5.570425346415303,5.534109403624619,3.2802389456056305,5.939037722357131,3.8393005647519027,11.18279847457133,-0.996987841824698,3.0386174280766234,4.228292398511349,-1.391207741622073,0.12532039841778192,1.4794205898291184,1.2239619907636468,-0.22148285694120176,-3.720449246060712,-1.8599373181446262,-4.576584340494364,-4.640714015752784
2.971772504529467,5.346525236656382,4.452428466751977,5.668879469248792,1.7157082394666636,3.545090752488884,4.292391185950545,4.847498101237723,8.465160352826565,3.91325918492838,2.5498184408926696,-0.4066428133918695,2.3542709340305503,1.9634472962703762,1.9907024587585007,1.5218760887816447,0.8512231154992635,2.9993393115017772,-0.9249322663809364,-1.9819311224711116,-2.455582112546688,-2.4220048308984135
4.319008238449407,4.894425545838919,3.6237541696500646,3.555417805306794,3.780249578298066,6.0391178471156985,4.853912689091699,3.1478467138009063,3.8386282301082217,2.4874920747989635,1.2410773443486467,-1.1308342238073916,5.7824642849642585,3.4656687265028703,2.6812004750732767,0.6333265623329882,-0.3647152258685386,0.11703304509793376,1.5726472125451418,-2.302747495330548,-3.0293108904040555,-1.9414620813626153
3.589272699821615,4.312784121226299,3.558090055945251,3.4945047680248478,3.36463417388007,4.065191280266363,2.225736321002332,2.524679861726411,5.5265998401675605,1.964750615925485,0.5535142123922189,3.68482364671412,0.8895301806939022,6.8998446967694465,2.6829692951381774,1.5849280596210715,-3.0448155956783496,-0.4592600751824436,-2.305475603939965,2.140177627199675,1.5148438083731055,-3.978939937326081
3.0165946981410396,2.7593767075404787,3.8596822360121865,0.2624975744749236,1.9884018123991045,3.9361940577902796,5.084956138581538,1.6145657975032506,2.493457777377764,-0.5125277768395459,2.524699990487424,-0.2618374616660713,-0.540130355557125,-1.7954487080007278,2.06298682180161,0.01990878711288481,-1.3214553494922965,-0.3886330702430705,-0.6407508510930217,-3.119483218590651,-2.7568369513136464,-1.8363540021338531
0.9298535376713202,4.239301700252658,4.095145671200148,-1.1846993311417202,0.20606886254941487,2.927667783290852,4.6381440389317525,4.384710092234564,1.9563676544946822,5.024318631896425,1.2105566828213778,-1.1856777615459941,2.304772230360184,-1.6523394330212193,1.9838409387875442,1.3371637167163408,-1.6209891844912596,0.559546683401486,-0.9890893335123119,-2.747721761564893,-2.975558748553418,-4.202570083036675
1.9084212254344586,3.1671291192897875,3.9581027871511587,-0.25510962359562045,2.6033851258170664,2.828203484099773,1.8668226659130145,2.4278792142145185,1.1403204486821028,2.7854898822736236,0.9809769326677349,1.0791274257341827,1.5936210154142205,-1.4909287564130027,2.2887257739671916,0.48049662973917723,-0.33651024111785516,1.8095957837202417,-0.43818796229702717,1.0001508415696694,-0.8447975921332211,-2.255175044209096
2.815082401075359,3.1464485543673484,2.171363965843539,2.8900116102721527,3.2021623500244742,4.319071305245129,4.577696662894565,5.879256682785176,0.5409998914716003,2.712487223274933,0.5440518639935111,3.6534269265494093,-2.113415205663414,-3.0192445192168256,2.5026529327462494,2.5784416209588827,1.0858862485006053,0.44634530152568386,-2.8350322776019525,-1.5360580456978217,-3.433582123260137,-3.2878214792097915
3.176063418745212,4.8206519784024575,2.59086937624083,3.0242944411751758,3.6248538851263676,3.2917632781553654,5.024110007448529,3.7775532889670638,2.249044277138777,3.5071482890377363,1.478438579679571,-0.2758115743229199,-1.6294104654623216,-0.8602242240907538,3.749769867496227,-0.9023939571083947,2.7308480135336617,1.6844112564049425,-1.2435311478151958,-2.8306195929455775,0.5458458071275915,-2.0484157390047617
0.7888584454263513,5.276627931180189,1.746805170575958,5.87167095351244,1.3227299585243977,8.726355746889086,4.347849448179635,3.3151032953379485,1.6116604024859014,1.9277882613584112,-1.2107421926181547,-1.1459992364882015,-1.6418913764120115,1.8253220321821433,3.0907027596383445,-0.30247644741163754,-0.26577433452746174,-1.6561968668712281,-1.6885856011121314,-0.719677594132851,-3.295020704079895,-4.683934961226211
2.28028468624582,4.459333174881275,5.001333137401827,2.122088711428399,5.465423656897347,3.6121356574746426,5.126381992143676,4.760976936637764,4.851606083790366,4.639376264666655,0.9755654102269676,2.8156906263354036,2.5665798934314954,2.244265932626275,-1.650710251564562,-0.7892478042738942,0.5886217424621137,-0.665502602750452,0.17447697202488385,-2.0082765383510277,-5.124834450674592,-4.100312428115483
2.9457536122538635,3.59729597565956,4.915324770884521,2.9638439297107673,2.592173213473663,4.469474118914442,5.017231682131046,2.842232500472718,4.712607320811533,2.9434328557716873,2.945487278392714,1.596632909182534,1.9417147472006555,4.643314966768725,-0.6693616729843817,-2.031341463680859,1.7671181803903577,0.6056148531026967,-0.9959329521613145,-3.51039734704375,-1.4556532026220597,-1.4463144757538071
1.0021736108556023,2.8381442216183816,4.967193944607819,-0.3329763215400794,3.592057545179592,4.071740169130916,2.161461481889047,5.540713208883996,3.714641092171656,2.6843046209708237,-2.1388049422726065,-0.6043138101745328,0.4930782983747432,-2.602982761445367,-0.6683210490960224,-0.2649603286861847,0.4369457360361375,2.1656172460426055,-2.846182156598484,1.4249711611199272,-2.7815518816095057,-2.512660747366801
3.1100962683470827,2.5854934480162317,1.2561916094848184,-0.790570515301034,1.9814258253089345,4.271851387017493,4.579875469853055,4.484261704226968,9.165547410627607,2.9301779807313943,1.3261292415197237,1.068192428855924,-1.2709446962951845,-1.561006576679316,-0.12333188856825822,-0.6356481418859996,-2.8440393230223315,1.8899970418553989,-1.2660627606189876,-2.295359395764003,-2.678145257283461,-2.523801981486805
1.0390869743796753,2.9891027712467806,3.9846120584809412,2.0335485939208366,1.6909636608931824,4.705041344486534,5.623647904073535,2.9593199504515515,1.78653227244167,2.7203843085703387,3.1692128075749983,2.739219185316127,-2.940511967507463,-1.2508907861281302,0.15960595645924802,-1.3239517813193757,-3.3052294374659783,0.7567322638680509,-0.0195526498430576,-2.329790797579686,-3.330350624811017,-2.7245471938080223
4.19429729606282,3.6134915271271377,5.126987939747685,2.76603497571829,8.257924912579709,3.885055397196321,9.865207745111656,3.8473973126489263,1.8605959272607566,3.4850942416370088,10.762951989093862,3.181896130237511,2.93336385392074,-0.9806182539118663,0.02354605154731721,-0.7522014408748868,-1.559773878857185,-0.4466930969892649,-1.3580628162159696,-1.600231266122137,-5.15000175608715,-3.9470255393384
