script/wind100m.json
{"header": {"parameterCategory": 2, "parameterNumber": 2, "lo1": 3.000054539987559, "la1": 64.9999836372058, "dx": 0.5, "dy": 0.25, "nx": 34, "ny": 52, "refTime": "2026-01-22T20:00:00.000Z"}, "data":
[rows 0 to 23 of 52, columns 0 to 33 of 34]
-2.9624705809775107,-3.342339553108026,-4.294694729964699,-5.170095424319519,-5.5876602092961125,-6.039389256134003,-5.11251363680542,-4.970745341705602,-5.974037773360092,-6.731879666024427,-6.681401950447061,-6.921426838197299,-7.236121523570815,-8.48362149151413,-9.364140690918072,-10.120814165493229,-7.491454106463775,-7.034598993888846,-8.819284095303878,-9.171704704848626,-5.013038916389881,-1.5131087438312802,-7.275267618439684,-4.588092556195244,-2.7433253052099404,-0.3327241485493966,-0.5652605662102227,0.2922389497902077,1.2507695395789946,-0.06508051787403163,-0.6926663399930699,-1.1491557488271296,-0.3304530791020666,-0.16545314422651533
-1.2414196593353808,-2.7927234892199384,-2.8893986156285894,-5.034540395744537,-6.000934534200368,-6.306158666467136,-5.515047676056482,-5.146048616722165,-5.209727450928678,-6.151968964569457,-6.513050259667032,-6.633706440577774,-7.135718144360308,-7.971758298383571,-9.335179865700644,-10.360831403432329,-9.005497830411764,-7.404997090181553,-16.67953785568249,-7.190690683550291,-11.818973666931766,-5.826186972813085,-3.5065053206232424,-5.527141701163839,-1.87135261363193,-1.241368512133675,-0.1975645328858417,-0.6249477436960738,-0.6440821627453159,1.211589716726221,-0.20179525147869576,-0.19749262583226943,-0.47700387121231574,1.1858784131724158
-1.3374388107284747,-1.1164908108180913,-1.7675504065978564,-4.8644830190527895,-4.447581880189708,-5.457957411293925,-5.142691608348888,-5.028128576138661,-4.644925334202513,-5.224610151106316,-7.220205816534587,-7.788673601067753,-7.421161747086014,-7.283501754466394,-9.002837235893596,-9.700408186179947,-9.320801660951453,-9.98102883909906,-7.710164653801309,-7.798568287104205,-8.508773038700962,-4.660921095070024,-6.716102968328585,-3.7663460405890503,-1.727851070423308,-0.7890541392655755,-0.7397623436252647,-0.7332975078155582,-1.5278771285049697,-1.0396112357056881,0.5513136337724855,-0.48334724579131066,-0.22004193126505528,-1.3859563023806758
1.3549039027315002,0.9016947653121916,-0.39119371998915065,-0.16862134894323183,-1.2805548451150497,-4.028795558436682,-4.35623984712546,-3.4429584134257696,-4.606115353604319,-5.186192930504733,-6.824086044894932,-7.313391549160427,-7.2622085946235,-8.43894555394601,-7.775051109628162,-11.4602830039994,-7.174689811913322,-7.1839986583647235,-9.078814545152175,-4.047077751342805,-8.858000459866997,-6.903558346490935,-4.879595865682721,-2.2785517811556315,-3.05340298052617,-3.3852890770553303,-0.5344051504883366,-1.9266849636904755,-2.711701548874917,-0.2889458278135936,-1.351928590980503,-0.9316945722692784,-1.1744746082278554,-1.465154602793479
-0.13056552100539268,1.1946154523471508,1.5440274235919746,0.050585085285009275,0.41692864075914615,-0.6967538900900804,-3.1040329137770644,-3.6775939378687323,-4.054237182901032,-5.810873409026278,-7.975260589997387,-9.101255583545043,-9.289517256786688,-9.453383155848039,-11.024122774186491,-12.436106039636842,-7.541831507136137,-5.671718501947354,-7.000221498119987,-9.179690836726978,-9.768582026556608,-5.765797061757448,-3.365142962412225,-2.1555895422689586,-2.3042118927174853,-3.274258500410745,-1.3704659603365794,-2.5135334156120583,-2.4311726080456886,-1.4331532375722238,-1.886619110936468,-2.4150174443218324,-2.269155020955079,-2.6871859236468802
-1.4211399019355633,-0.9103307911452562,0.005115436797689193,-0.26993550457110443,-2.0473375251746972,-2.3317765502403134,-3.1432599061850746,-3.297903125234483,-3.862087743713721,-5.961382694611612,-7.286407150719281,-8.23117594289542,-9.98095538797637,-12.25964521821089,-6.6792243935191555,-5.905957981300854,-3.6062297838028377,-5.438654924165296,-14.592073525348551,-12.85956140061634,-5.554001937916393,-6.999793622132325,-3.051166685773547,-3.912359895518318,-3.7320009385713866,-3.19906480983546,-1.3330117780718924,-2.6911235414529244,-3.1066433878135284,-2.5189746600751004,-2.3825321577116947,-2.3779487654735934,-2.9961466785630027,-2.516918601878225
-0.5465342644919119,-3.418158907093276,-2.6758888341686156,-2.802039325585513,-2.8368052676430624,-3.3777300643448154,-3.3524276026674844,-3.2218391040557837,-5.135281450510912,-6.296198011908554,-6.1432473933551695,-7.779328876150536,-6.149599179816989,-11.891723773084651,-10.475486128919634,-5.9604906032935725,-3.259270711339239,-10.995620629440243,-11.465903496428497,-8.307968486295593,-6.5434292632964945,-4.582560240938388,-4.733955855767476,-4.245475888778289,-3.374304027988206,-4.206703180831865,-3.7162464160158057,-2.487168825505241,-2.7754302066331813,-3.0904673466548784,-3.1093308977885816,-2.999309779806844,-3.5140209333668944,-2.0642639328610315
-1.552868310429311,-3.2430678326040367,-5.609121499075388,-4.496799884643605,-3.575778300214194,-3.1139118229772134,-3.080782173244895,-3.53104364381215,-3.833092567944827,-7.168376361805372,-4.613077043984661,-2.008967079955912,-2.2087558024286458,-7.247240769711701,-4.674890589332448,-2.2055203269577626,-2.5495963240433768,-1.1037163327002244,-5.802828398863026,-3.0274224907750855,-6.0275425325035155,-5.491237204605404,-4.258641163247345,-3.6914710137999207,-4.244808028727343,-4.219159769558338,-4.991742512727721,-3.7395848691189566,-3.7823283561592915,-3.2721730403249962,-3.4545637136196117,-3.5199611653494483,-3.244994441920385,-4.82623298101407
-2.9392551995456158,-2.4385866618963385,-4.766511538645875,-5.319515306640873,-4.467162610451104,-4.180899307215543,-4.7381513500763,-6.379527240576511,-5.573951054691067,-2.5948619608343795,-5.591864074349089,-6.306166109300952,-3.7773149933402257,-9.330498908140513,-7.2727024872291235,-6.9942113351647555,-9.093989125875353,-3.413530097927863,-10.30113242287341,-9.242229798174687,-7.342331809946135,-2.7392282749033456,-2.3185731420726134,-3.926150683354576,-3.5878701744740256,-3.917263935912947,-4.338947063630896,-3.5586902180232283,-3.1353132523039595,-3.188242702327167,-3.370758514839047,-4.804837906853651,-5.6680074982785555,-5.409275011588165
-5.106998348166272,-4.578207190685023,-5.953691653138541,-4.301279130607573,-3.480372832611802,-3.9512374356736855,-5.74274679108267,-6.2447614892976615,-11.358503377788251,-3.5801494628053363,-3.134590837554167,0.5953523417459782,-8.23100215604595,1.2719566736281145,-4.155220818176332,-5.727782648841336,-4.305177402252238,-8.116843139114865,-8.787244980139555,-5.5790505137715725,-4.143372664904163,-2.7485679708417496,-3.560403866813491,-2.8318443124999746,-3.0968453501368125,-3.498315901813508,-2.5993332430179104,-4.564920122663547,-5.749112422911527,-4.079133569331836,-4.692187932738379,-5.6631491778794345,-5.443431307598088,-5.482990141242903
-8.584044861559386,-6.699804388000428,-5.904553978106994,-5.47184735381346,-6.084493002840009,-4.258077106386012,-4.353537299526793,-4.145107338110397,-2.8838866221970854,0.9732854376305475,-6.618725017597071,-5.435533715535376,-1.5050590589010135,4.9803236949300596,0.3794689365111727,-4.8821412820153185,0.05609560785259478,-5.095150663239851,-11.220242159114816,-4.68293300297788,-3.076038877680444,-3.0187364127107896,-5.097708296243971,-2.7822493098865433,-3.2388711326641495,-4.176764538140712,-3.4429390673972082,-3.3420151792092856,-3.3970133330975942,-3.9044744103590556,-5.397534087485735,-5.532236027593505,-5.543802458506521,-5.455009079040456
-6.181427441338563,-5.383086322630216,-5.1421373265962975,-4.864305510455361,-4.7739516633187655,-4.504330270641852,-1.2400527441598863,-8.493537767914795,-0.9626739945329728,-11.66116809983943,-8.137197733012872,-9.112959061193335,-6.250406626552525,-1.011303988960503,-1.35979200297261,-0.832532264420816,-8.125307265858766,-7.566813077567927,-6.089506088980972,-6.192393057994857,-5.27688235986814,-6.606320579083996,-3.7819049801478406,-3.5451358418153864,-3.6588687318957125,-2.7846246885328183,-3.6678992733227136,-3.7628127147672266,-3.2217409453538193,-4.119668946015088,-5.856621533318199,-5.656069222177714,-5.200605374529116,-5.083060829007404
-5.35790357995465,-5.356497088614823,-4.392737482294087,-3.348142578269204,-2.4862382900739726,-2.4533317967927957,0.47353827742753607,-7.583049612621646,-10.423454104854022,-10.803004249890066,-12.188220566442048,-12.255786701977259,-1.9476442956027649,-5.164967095501469,-2.182409414541661,-3.964054409798844,-5.455176631542968,-3.5802089886486175,-7.405885185670692,-5.628627243477999,-5.251755157952099,-4.659653030210815,-5.3219271572176305,-4.664707147312699,-3.5506759406971042,-2.7994257494370585,-2.4763797158324006,-4.272757193060518,-3.390624915676739,-5.6801571592726825,-5.714195122378464,-5.665833027836984,-5.20862096006979,-5.299055667612908
-4.955530595941405,-5.283011889625424,-5.588994260625451,-5.372174734736846,-4.042870684013937,-6.606707110986322,-10.702751154256196,-1.0617368822920648,-17.779945323303046,-8.424198419092264,-6.823397548001277,-11.584175075468975,-2.1770416325119952,-2.810064123213382,-5.5776782935428075,-2.355947292756665,-4.807754255316566,-4.757778473054347,-8.621649261950594,-4.924659626349551,-5.547154596869387,-6.212407006240686,-3.771324516074954,-4.782320285117911,-5.652154717291041,-4.33730014364495,-3.586033246550033,-3.8218921917892748,-3.2835452689181452,-5.922565233781443,-6.024710626395944,-5.968813408019462,-5.591701920076639,-5.336068801729664
-4.734436349108209,-5.122988260337358,-5.876254601337492,-6.660638503290094,-5.926490348178192,-12.921666674665966,-4.035702011026218,-9.625187832015927,-8.021934153325173,-9.555670173513402,-8.605870756180964,-12.51293575305765,-2.2215045924100667,-3.792729094846379,-5.496302613452907,-5.752300723850932,-0.588377081094656,-5.8406335231144135,-4.639774703068175,-5.4482165027768925,-4.982035433219589,-5.936815743244923,-4.36052847214553,-4.3429508812130715,-4.7737684395903885,-4.3116662128456325,-4.045709030959898,-4.4296826455107805,-4.62309271598886,-6.217731265647538,-5.982186539202254,-6.34394864922666,-5.988514357616339,-5.799289650701599
-5.405444887207657,-4.385603297435734,-4.641719709967778,-5.886402739979229,-8.512173403580691,-8.209266891157595,-17.038010516096048,2.3735747323772705,-2.252708851964287,-11.044743120790093,-10.751762339257397,-9.524285765719569,-5.429048373992839,-4.645571847078855,-2.4480153493567856,-6.704988939654773,-6.695935399548361,-4.8514883578785355,-5.5297872619932225,-4.826259194574957,-5.799281720735295,-5.656203644292252,-4.052120080110923,-5.922354121739673,-4.196021855576676,-6.088514531976234,-5.953924204362308,-3.7850948717168174,-4.655280216525508,-6.170241114957384,-6.566863801833474,-6.402079371022369,-6.599290379908865,-6.347015363777553
-4.107585628156317,-4.451003851647183,-4.296142264686939,-3.3676805676451087,-5.1421210816189635,-14.671279627902186,-14.162852825218293,-13.308662075613988,0.2648316490641933,-10.749861453767933,-10.659683620159017,-6.301772686245039,-1.8465506156058493,-3.255112580954829,-2.1065454121053118,-1.3929557239921455,-5.494902664563511,-4.200324887253111,-6.225502096032394,-4.107753021291833,-7.4820377543792,-7.699935837875438,-6.555756703932589,-5.006865359361469,-5.431745117437521,-4.148656704526926,-5.496109988996129,-4.671882402218478,-4.346030579678162,-7.156559541601479,-7.174954889444424,-7.353841722387623,-6.947317581129248,-6.551225569796043
-4.075055081443607,-3.290590655930818,-5.028496468910915,-7.593842081536211,-3.0206174995391346,-9.605356113514363,-15.030692515067598,-7.863908476623834,-15.505083670812368,-8.476701784945124,-3.974002003136413,-7.428644966927529,-3.627390984704043,-5.0790635982948045,-3.8329199725682406,-5.952087666550512,-5.400848697551887,-5.509943631718312,-7.231948267308962,-7.826149229189098,-7.707092824709534,-5.976649906238313,-6.082595975796565,-6.136110659005826,-4.234061573369149,-3.990990689354907,-5.494713432905518,-4.491284294420345,-4.800860432428733,-7.445670491269845,-7.5072217922192275,-7.738994898240138,-7.3025759929776575,-7.212376182234955
-4.3423104550210825,-3.996969054129424,-2.366152403945899,-5.16107458156827,-7.737335573649778,-1.7498031065891062,-7.979707632315356,-16.35582335187225,-17.51328932957404,-10.661584894569895,-8.811106587496766,-4.568125185721181,-5.6890483326149095,-6.197349380543904,-2.073772868368682,-4.446543393610484,-5.464600693319692,-6.708555446019175,-5.878266968799419,-7.410333088615766,-6.172539211733332,-8.368574714617923,-7.690014303734295,-7.380390846272739,-5.717436144362673,-6.516532163162726,-5.571520046377009,-4.481827578782002,-4.209305543273843,-4.69042884516177,-6.621422328329819,-7.584986987935865,-7.541980684012224,-7.371541808656876
-5.828523018305457,-4.044941639934962,-3.416068847270467,-1.0515070234661594,0.8244577522453479,-3.012823455901043,-1.57952515640098,-5.489070218115145,-12.716721315590982,-13.34289813825753,-10.044733684723083,-9.149602167755292,-2.000953080785058,-8.275335702084972,-3.5302024637218996,-6.364627755590453,-5.307204573675329,-5.5517947067039355,-5.2849471220742865,-5.301495632803861,-5.2738088750515155,-6.284678375448503,-7.635644719199669,-6.012630972540187,-5.386663503537279,-5.1857837073606365,-5.281578299660668,-5.539601111698843,-5.053660559907267,-5.333346748346561,-5.5109290795340815,-6.449508045802534,-8.08075349538719,-5.304404172351844
-9.02924080796906,-8.17255289905341,-2.869292579674176,-3.6808902250838775,-0.22328119632727425,0.5586634147282455,-7.410657740587107,0.8506630013382801,-12.212255875567308,-8.603288057433751,-14.309433188572143,-10.10688179341763,-6.959181402152148,-2.1486155513093927,-4.295760060467381,-6.27063204341093,-5.3205961030779285,-5.9336531548946745,-7.064046202100685,-7.025840234660271,-6.417336169340921,-5.675414537679856,-7.661659891474572,-7.155340712904093,-6.613362160505273,-6.479819249748668,-5.791325669469154,-5.444589969181515,-5.364592721194067,-5.527108936494799,-5.894758590371572,-6.388133312157972,-10.794943234958762,-10.517463770276025
-9.97406430348531,-9.49267475019779,-9.705922672826667,-5.9353611705488705,-6.625708686474155,-10.730803028317972,-19.097051385626447,-18.50656353903445,-11.57040085698574,-8.974615145090517,-5.288516903083329,-8.251967410602488,-0.3960520507568067,-4.622606312779753,-7.093590187635234,-3.978987978703549,-6.433765459146347,-6.514747106419396,-6.895918124100836,-5.864998429801549,-7.3891516544618145,-6.352841750123005,-8.315353766107528,-7.110810262955427,-6.842841069447939,-6.76738695161113,-6.208130164210506,-5.86967643286464,-6.454890460686575,-6.518158626524949,-6.340102202835334,-7.11483531774811,-7.71695846638264,-10.930099307141175
-11.96001230887375,-9.471998497757955,-9.547678861013267,-10.668270622578731,-7.496727857972337,-5.960163482535537,-18.041418812791125,-20.11839338680736,-14.803297338998826,-19.37941115498431,-4.452847880342509,-8.706413973108406,-3.9614585832853426,-7.171753381399711,-5.9110812619452755,-6.012905749781164,-8.215584087719549,-8.575830756698076,-8.170219546753122,-7.784876241224123,-7.434309656030492,-7.319350363472009,-8.019837242066144,-7.616839070129435,-7.318171767820192,-6.985224835020093,-7.26033592242882,-6.892009325293682,-6.168277131404758,-5.577388062002764,-6.862909399517458,-7.8833439172098245,-9.959304434314346,-10.488291767883451
-13.187899915281436,-11.818346143611574,-11.521864231505075,-9.303835264052951,-6.272330776479645,-8.983554919873642,-6.877528181999675,-33.03853188858278,-20.70429162834676,-8.910645443805839,-4.615312290009259,-6.336195082470524,-5.4098466820539155,-5.997403165068399,-7.429231019447308,-8.506183400138385,-8.013133144723747,-9.42181845987409,-8.888299565122992,-9.160115032071008,-7.353302087876529,-9.585773054876679,-8.340968068285846,-7.961418289278604,-7.835157668261659,-6.760740974998217,-6.766849002492102,-5.408816890353386,-6.096304808072189,-6.795661036262524,-7.430293030542686,-7.96862676374167,-10.367190613567743,-10.32004688874484
