script/wind100m.json
{"header": {"parameterCategory": 2, "parameterNumber": 2, "lo1": 3.000054539987559, "la1": 64.9999836372058, "dx": 0.5, "dy": 0.25, "nx": 34, "ny": 52, "refTime": "2026-01-02T21:00:00.000Z"}, "data":
[rows 0 to 24 of 52, columns 0 to 33 of 34]
-9.534405970950163,-8.972845440102443,-6.810000658562979,-1.848453225479183,-5.414602370184666,-5.02608833195973,-4.545334431799277,-5.326588963266527,-6.429857870457596,-6.291265759380559,-5.993423294416883,-5.630344348938618,-3.2666739167782444,-3.28081936967786,-2.8112730899321536,-2.4207815156519663,-1.9619795073193858,-2.1839459129209997,-2.30073255469257,-6.970085376349948,-6.377554968315691,-0.45483960728202083,-7.339592192991153,-9.98642010777158,-1.960724136579596,-0.7304997721169417,-3.164078002666994,-6.001917912815572,-3.1924072937540036,-0.8023839835286878,-0.9615953143911221,-1.8667295674479119,-5.389266970330387,-1.9139872596534204
-9.148795929850259,-0.031242928628281794,-0.3753602255972802,-7.190717870163187,-6.0954284606687406,-5.0855511385831775,-6.124992589832913,-7.227843826497328,-6.318197149697297,-6.240996301117636,-5.056928308309532,-4.760407717193593,-4.709957114834765,-4.848302986301984,-4.430610194898417,-3.3573113635271783,-3.217563353184013,-2.9843426639191297,-6.7674251983453,-6.080899097085895,-3.2095838375080277,-3.1892074959972403,-2.9397765208414506,-5.48392675018436,-1.1911082926184582,-4.682838326338934,1.6390735092571873,-1.1739308776341637,-3.913729562015961,-3.3751326759916576,0.9837790785770618,0.42240204644459617,-2.2935042812359208,-4.919192584312956
-8.469634990539497,-1.9793026762419672,-4.095785029067527,-7.742210991607759,-4.843428018936313,-7.370372549014542,-4.876434734423512,-6.460494385343013,-7.375086262460788,-6.877837766614201,-6.3144538123679155,-5.744520504444789,-5.192338620364121,-4.63744087714751,-4.5387379180048555,-4.087337237633713,-3.7720151531936854,-1.8901815460101647,-4.280852152885748,-4.4567955075415435,-7.253056582297073,-3.620095431894244,-3.9291503969872297,-3.400962210055461,-4.842579162288836,-1.1658109906274452,-3.3252916349560104,-0.4230152905655952,-2.1391740552520617,-5.679655885256273,-2.5796712599220406,-0.5607163193087125,0.17565457275246932,-2.2791414233529914
-2.474174110877719,-4.664974792757362,-5.39810368756229,-5.262930166285639,-7.65509985702984,-7.301156679933627,-10.24139485185638,-8.379683369514758,-8.316524583303451,-7.822386236076771,-7.620348055237972,-7.28630416050712,-6.669639588703795,-5.851443246663367,-5.168557179745175,-5.611022748876534,-3.317192344826804,-4.230347616386899,-8.946667298488228,-1.756610153120777,-9.32702519710313,-5.07666611767679,-13.192486566993814,-2.4964948308739725,-0.9290932857621649,-1.1380944185253776,-2.201642536399306,-2.641280681135851,-2.7627619604315052,-2.3069078616665553,-3.4337095584348667,-1.8959583269486662,-0.8211127614184721,-0.2897323251701343
-4.45563425081915,-6.2396921517429735,-9.789035472970555,-7.815645968029989,-8.719689782061613,-10.782949884250959,-9.224129452808075,-8.92641296679179,-8.629009045611724,-8.189498633729675,-7.907184293091758,-7.470010767418336,-6.501113310622562,-5.890552395111943,-4.471604226624973,-7.345043510150223,-4.885967316389938,-3.6080818520446623,-6.192162581245962,-6.978347016085166,-10.68107318904746,-7.07075926351395,-1.2599719884367113,-6.374644915881224,-2.114920393797223,-1.9818112559607617,-2.7659541308417652,-1.6378654801072121,-3.099269712289381,-1.913707467844143,-1.7138721811059277,-3.1413516895120566,-0.13851302048481173,-0.6479184899214991
-6.354607408124168,-7.031108949054885,-6.143678519997799,-9.119396405941952,-10.454473119419049,-9.887033536766664,-9.403160828857668,-9.513201612647597,-8.42817602627132,-8.295067291492758,-7.964214870773669,-6.942236627211281,-6.441947456535396,-4.691430893348688,-3.3699066293491637,-4.371113864435352,-2.443874452616664,-1.8125582776716445,-5.357357636520091,-6.520232291457707,-1.4336748222526354,-6.616964052132596,-3.0920363366908314,-2.7635300192150143,-3.0020158022878336,-3.301676345987876,-1.8666990047025678,-0.10395063422209491,-2.3248469977127697,-2.1648468532458276,-3.3554589231111684,-1.5596689573779552,-1.4609401415699859,-1.4924021208446168
-6.848874001955905,-9.420893078469133,-4.68803004593443,-8.819217428784025,-10.37433314123719,-9.105639151013737,-10.435483599525465,-9.514275922854965,-9.765274231112276,-9.214624754395757,-8.414136930545371,-6.976321985538637,-5.444043724076312,-5.619504347122629,-3.5677016849968326,-5.422416603383189,-1.3971137196022745,-3.860095769723114,-9.541637891698377,-4.559857280469513,-1.8814295563851189,-2.065762160430521,-3.5905968362681944,-3.932049951686572,-4.361271755852555,-2.297297197608929,-1.1011368028141206,-1.0909370979144217,-1.3593532238884083,-1.9875101639027417,-1.9625313777100049,-3.4123544017437086,-2.580092073435109,-2.463346535226875
-7.153623429019083,-8.491221122425134,-9.721919945036829,-10.71606520373266,-10.039197952506608,-10.332355359297278,-10.783362277020329,-11.150884318552253,-10.656822293897212,-8.889461467521885,-8.047341402053844,-3.0747820657109757,-1.9882758580209956,-5.317303916957953,-1.8253541625504042,-2.522410433755892,-1.2640357435678218,-6.439805108631619,-5.170195892039278,-3.4861563823771835,-3.6763255602862146,-2.9298818589559668,-1.7503558639796666,-2.274439303431312,-2.2612808591755758,-2.7311752282343953,-2.925382244622689,-2.4101752576075586,-1.0084003330914826,-1.7599151217800506,-2.7912050123778247,-1.7502596459191695,-3.227522018376004,-8.084553652459277
-11.214688027646663,-8.735525167006731,-11.998192772515951,-9.258515732083133,-11.434322296308547,-11.427082118579433,-11.294975204433541,-11.454930655391014,-10.441638059625026,-5.77331090549574,-4.916701373319653,-6.182445428909219,-6.1239149649164615,-5.166399109906019,-2.7678281418520436,-2.2094687566572273,-2.3515002980427546,-2.0157291821504315,-2.8816642427718118,-8.032733687514455,-2.669637109334385,-2.7225463059686663,-1.3131377208404817,-1.708945137958352,-2.7331958525908804,-2.651513343409241,-2.132049293438112,-0.8150479712871451,-1.0796314285177027,-0.7446009322471078,-3.6344652707621927,-4.326582288343957,-9.989936232641606,-14.770485674608182
-8.99411545146632,-9.216365264129669,-13.197361874927566,-9.540618884187065,-9.691050850945489,-10.992026755022138,-11.950089954025504,-9.260501429510027,-4.53723265809266,-5.6341776838621165,-3.605349904829187,-2.129758680371036,-7.572025707543881,-2.510369810589653,-1.1950521429007896,-2.4619368857839605,-2.2842176805553582,-4.869641894186476,-6.006377057508286,-6.976629491226244,-4.372057634720041,-3.458117037412474,-4.222893511917899,-2.3437222475264576,-1.70122155332593,-3.0863007162064715,-1.982946059945479,-2.846198170676553,-3.0074356458797222,-2.3729084459931293,-1.2654982904231833,-10.129108085337608,-14.73673752533593,-14.70616773607921
-9.223003238296343,-2.996130373464593,-11.59385871135128,-11.285918711261132,-10.820295540203643,-11.182593515845477,-7.006436165380836,-5.816934287352759,-6.311596111615873,1.3049809276894675,-4.778317858426038,-0.09526783142850521,-3.2979526388200346,-4.180396281129175,-1.1904547373296184,-6.832827717504072,-1.764834536769332,-0.7169060650778898,-11.470674569054319,-3.818893336218618,-3.6879078304109387,-3.591431685658086,-5.939385738548055,-1.6503567099499934,-2.8269022353441033,-2.336698340570912,-2.170569103729198,-3.4228092720092316,-1.4449548789654367,-3.4267331259929152,-5.0799066123476075,-14.464861636393055,-14.7740299950115,-14.796311477228123
-10.087102072561004,-5.142926723290748,-11.278150747052992,-9.835082295723728,-11.315061321316312,-5.360968941984725,-7.761166880237323,-3.8451786691233156,-0.5307596740739196,-11.408332369599508,-1.5306669645093898,-5.074706573587531,-4.011223041209109,-5.081256651892242,-3.015427971306363,-2.393732505977241,-2.6633332684205135,-7.8072630561818634,-5.650167924750434,-4.489618465392686,-5.393589875183635,-4.792142356768212,-0.9577481349526948,-2.766614618617224,-1.8357941699550526,-2.1542835648623324,-2.1683520156837908,-1.6380222527173431,-1.7666911567592984,-2.74132659273664,-13.688039638671857,-14.586734115587044,-14.563185164762551,-13.376369242904914
-11.202517203391418,-7.820661371540009,-11.256045286676416,-10.189436718298676,-8.04678564244973,-2.275281998341382,0.0021462869686904584,-6.445281293440421,-8.733736575948386,-2.9952113212031635,-7.473597854938888,-8.615110057635317,-3.1697210896622643,-8.938586743616536,-2.9859702219476603,-1.3327147177776153,-3.7313011662101068,-3.6528720997506747,-4.372442750298475,-5.396568726440195,-3.7773636483175546,-2.9180121316323726,-2.76525563790418,-2.401350811577476,-2.1195253191452768,-1.9271633478135457,-1.8112988620605233,-3.2401489456908075,-2.055835994406765,-14.701938321582078,-13.86362416060038,-14.175456841339797,-12.905005834723653,-12.639942960366199
-6.598633592569068,-8.221590941658125,-9.40280164011651,-8.179720543649298,-5.18744481610913,-6.363119653855546,-5.8250180749185745,-0.8380265264698574,-7.410097553734059,-8.038525818889834,-8.759115318932384,-5.914678376426619,1.1128492424635446,2.8339615398009688,-7.117500286180289,-1.5521513087973207,-4.791816102663291,-6.216309658088846,-6.203028039216146,-2.236162868552324,-1.735223415084092,-6.304708718083318,-3.1384414591435923,-2.930257609212769,-2.0129875527005034,-2.429028669132156,-1.584728482794962,-3.297577656357732,-1.4189735042180787,-13.874282410846734,-13.736414064996204,-12.42696098675201,-12.80518384615145,-12.688070869584763
-8.507063706804795,-3.2689457477793673,-6.915748284334367,-6.959865695616861,-2.2086658377336432,-4.867916096888817,-1.747742992420636,-1.6016877932766584,-11.524041982469997,-6.034692107343776,-0.5822048844366052,-7.632774850269906,-1.5567048708698823,-3.747638706800337,-2.0163547326484004,-4.581387393989111,0.28974022249964615,-3.1649033678874177,-3.416251807799618,-2.3785399661064437,-2.117402497502552,-2.515573389410232,-4.276612535838648,-3.394749132728235,-2.1465197620928858,-2.568506368208358,-2.8624615120492916,-2.185719280870794,-4.334731762180261,-11.976820466786798,-12.115709718766311,-12.137292447692591,-12.175196212435479,-12.914421547230537
-6.145595795662296,-6.84732755970467,-5.8690670303515375,-5.522122120413679,-2.1389111106513914,-0.18726379014995256,-3.6896167166520724,0.2782517953781272,-1.2746923481576542,-4.919085058497886,-6.059863220884395,-7.752950604370605,-4.251765085216542,-3.708933226002892,0.4145213231888826,-7.673930011971822,-2.085494393024245,-0.8580013165269306,-1.7123549005244187,-2.8242785035483164,-4.372460764284908,-2.4587051141449066,-2.25125695152239,-3.2895753953282334,-3.340110514278112,-2.997689179990829,-3.646278838119823,-1.146947795157806,-7.4556595912206145,-10.941384984937745,-11.042175279438288,-11.700195550186491,-12.280290263364526,-12.982111926116955
-7.662533933429957,-5.291827471928201,-5.34936852732346,-4.548245569025971,-1.472523125145181,-0.3300404302589496,-2.9507873016866544,-2.262288031068064,1.0055615496285248,-1.9701196089396857,-2.8094447069948028,-5.39044134394065,-0.14694628915185123,-0.15670467314785166,-1.5497608133839054,2.091752141487953,-4.229571212534692,-1.2109358964951378,-3.2751638493329116,-3.7418405950966376,-3.1734581281676744,-3.3452092343395745,-3.00847721285206,-2.102489518806925,-3.7473910932368724,-4.058937589535888,-3.7522572731236576,-2.094757924250235,-6.792825689320647,-10.054111218910169,-10.83006247438456,-11.555513729758754,-11.78783895416911,-12.316630678369167
-5.939947179037381,-4.370040789499131,-3.7912654291133623,-3.4767401915696965,-1.0562581822901742,-0.5281061426386243,-3.902502362859249,-3.194203740440821,-4.039169673345185,-4.571611198348859,0.569369522517087,-3.141722179285578,-1.6116477569178906,-0.5398262743572878,-1.7769300601911742,-1.9820890232233683,-0.6986162540190526,-2.4322155941045813,-2.8908281526818618,-3.8367412120967486,-3.8066183604106123,-3.4932531728450456,-3.319555990680411,-4.020103246503843,-2.5204232707521457,-3.415075900860346,-3.4797566627350434,-5.895784530267698,-6.1539324286111565,-9.633540648960874,-10.279753233895192,-11.211566032653225,-10.89313172213738,-11.483755133863212
-4.651472894212734,-4.818066935043719,-4.713635193791708,-2.266541915184013,0.3166367040476444,-0.012518824002742382,-2.5423455619582636,2.131767262198942,0.3772552530354892,-4.081290709029185,-5.319682223282769,-1.7608853438277692,-0.6802337080048557,-3.133903652947156,0.9564178282349819,-4.413309328659314,-1.346451435309666,-1.3459115935845771,-0.5906867077408001,-2.931045346939659,-2.7691285026929324,-6.610696729225115,-4.896641958429246,-3.640650148134812,-3.824462603176668,-1.9861648234987266,-2.1881368590177144,-4.724736550205773,-5.676869548918729,-6.397574684753196,-8.861949678360938,-10.106478397129282,-11.056261137888894,-11.399624445740969
-3.908236396831461,-2.3787113374736166,-3.5587983811623873,-3.027415765912943,0.055176289153503894,-0.9915469937525846,-0.7349808965090827,-1.6620915598095605,-3.3901195030751694,-5.241760619945796,-2.6186059708071547,-0.8968074132704235,2.0404273522412972,-1.7484784540103886,-2.6323595793278525,-1.6049172992930296,-1.5984670818797615,-2.297952897211903,-1.2453309952753173,-2.471438013021461,-2.658302254659808,-4.159881681231291,-6.061071218961541,-3.3577803370741917,-1.8178124799610849,-1.8275439991611344,-0.47376214580584797,-4.741663294090383,-4.91483426151369,-4.788123588486839,-4.997922422500341,-6.7576690371479975,-10.96515321275196,-7.58202905980144
-2.9197372836530326,-2.654953117883935,-3.755077153938914,-3.238193050218159,-1.862575265262135,-1.0668259096440265,-3.1212298116219905,0.7166968875060822,-5.232861020344462,-1.6441724137724611,-4.528473753482175,-0.8376884835127154,-2.2612197287247944,-0.0325516672162173,-2.2939810450869267,-1.7894246025952414,-2.967000613051319,-1.6922523014368107,-1.5087808398622309,-2.49438570395018,-2.2164812551777717,-2.610120358891119,-3.997716868205492,-3.6268217478373534,-3.8932796588724496,-1.1019917684390315,-3.5271835367103495,-4.595892646256052,-3.962239948307986,-4.663361173269061,-4.548370934738587,-4.893031366591076,-8.833318746570205,-9.269517321347017
-4.557582809280903,-3.663822988796287,-3.04789035493493,-3.235187777389125,-2.5913182135359163,-0.9757586873913802,-1.7445033342027167,-4.472709914264269,-6.1131843555453145,0.4768967414461584,1.4362744565168324,0.08620746053097479,1.0459163773079625,-1.0817045022016882,-0.978779331466144,-0.34774477725614206,-2.800606320978803,-2.2639542014408356,-1.0249842921434822,-1.7306582692521015,-2.919431437126016,-2.3477215089959973,-3.6748869360099157,-3.057149168290152,-2.466805092349531,-2.3750183132197007,-3.997279418920435,-4.072559482971999,-4.762304507566904,-4.517710678972353,-4.451533481751995,-4.849069949423407,-6.0196242913289755,-11.340892922962405
-4.1296273419159615,-1.3281154776153565,-2.133156400427366,-3.1291453433097205,-2.971049138061849,0.04667274600182717,-2.219619204778363,-3.333856878205893,-4.803740208733297,-6.2883993326014505,2.4484380146433358,-2.0864741336244346,1.9541298899711503,-2.7229704532644425,0.5951493227506071,-1.9548690298851854,-2.323397838991157,-2.3107508678799675,-2.0436451280689805,-1.2776221773215923,-1.2728658733701923,-1.4778690601839077,-3.2781764592976583,-4.40788082668265,-1.311777546110084,-0.6825605118857644,-4.356471745181741,-4.641775192292147,-4.4335042593066545,-4.640890359572422,-4.690088008006099,-4.739968551933117,-9.043046661078977,-12.787665797305118
-0.4674949240853983,-3.390748470161341,-0.6917000385284966,-2.832274969406927,-2.2865648407525843,0.7035828650614344,-2.1368520731373075,-3.098408147701126,-4.982291650661082,1.5308596954915585,2.168356580304117,1.189104092177604,-0.4278173757132084,-0.5882413859507456,-1.7646148236434778,-3.247921559931029,-1.2246369919391704,-1.9401049296088066,-1.2465362032173293,-1.4153394054543718,-0.6353390237483316,-1.34787652741702,-2.1866169513054374,-2.1635878531824253,-2.185803222901439,-3.483593020896555,-4.559898397416967,-3.5841804652660287,-3.372021575342068,-4.410220628885337,-4.136925329279499,-4.9289443083575435,-10.039721645077467,-4.788807948270823
-2.2064769796924546,-2.9461849518629233,-0.25815350424772404,-3.249442365956338,-2.106777932192122,-2.5475334837302066,-1.869704042741221,-4.15246944116464,-4.9263439829010425,2.390569401835701,2.0732119688059245,0.8030769019748769,-0.7482836263473689,0.24970872861612853,-1.8340279304542464,-3.745292893480141,-2.3820119384633545,-1.9426883840750824,-1.3077863773262441,-0.7778983574796481,-0.783697413108928,-1.9632419040513969,-1.8864928328380655,-2.1903747335090835,-1.7376498726114973,-3.125331859474784,-2.9451703656410793,-3.701098243445408,-2.7910251480222636,-3.7248108600633536,-4.298512295929703,-5.3475213180074,-4.702265221526477,-6.0410748678794475
