script/wind100m.json
{"header": {"parameterCategory": 2, "parameterNumber": 2, "lo1": 6.000198445256149, "la1": 58.999992894266676, "dx": 0.5, "dy": 0.25, "nx": 22, "ny": 24, "refTime": "2024-05-05T09:00:00.000Z"}, "data":
[rows 0 to 23 of 24, columns 0 to 21 of 22]
-4.160807859462101,-0.7029978524154796,-9.206555925668047,2.212400202215779,-3.3111073604265537,-6.355262270311328,-2.7986158328314863,-3.4404829632908083,5.428889417899267,-2.5424234390700695,-1.1457384402120614,-3.3857648751253624,-0.26289183162143404,-5.77225126455717,0.7720077175458511,-0.10631555151040419,-0.2919798683820277,-2.729379200096202,1.6354380732443117,-0.6964898019511102,-6.542696700190952,3.776962847562066
-0.43107959097294507,-2.7115246351931415,-0.3589383678162718,-0.9374057307746951,4.950738811574374,3.18381309865526,-5.200090773460109,1.2604956302496475,-2.615422643051958,-1.672180831938046,4.299733907549805,-2.0737890888508006,0.9007301749354922,-8.479452303183464,2.141343754263603,-2.8292754771830486,2.713900993066759,2.5138820848190115,2.826959055996925,0.4367501913040097,0.17396756186476167,-6.856132471032258
-3.0941895783883853,0.09741799947105777,-2.869332983022782,0.8080930435348173,4.981481675446989,-2.4086831434368303,1.5580841100360299,0.7328783156886256,0.3928087869704209,4.471125105923755,-2.8650964948242446,4.013130671223546,0.45804914722450163,-0.9916290799740617,-2.0721268454281954,-0.6796652995801633,-5.940503887031977,-0.5267609179185443,-0.7871579446811733,-2.1698685705987923,-9.75031427201955,-5.853098414490709
3.1789826467921234,2.127381477639384,-7.720342864429584,-0.022817371071779023,1.2906512507875958,-0.2951836001096162,-8.09956045475673,0.24934489514911434,-5.075761407537012,-0.22768584750996368,-1.4647444897069524,6.493524493661201,-1.9153036700410229,-2.0394488139369575,-2.900388633051094,-0.182472367726581,7.445351123937414,-1.1610465643205077,-6.542674645937765,0.5146882730164342,3.477595154488116,-4.204220695337991
0.5639656608217677,2.4416293861818064,-0.7528177767768687,-2.203891635969719,-2.5588074487839716,-6.838341423195811,-3.050275073560529,1.8609056721645676,3.3529955245798164,-5.853127989645184,-1.8681234445454293,-2.6537834530305244,-2.0532126537434543,2.2926712478861333,-5.85131224926475,-2.80715023304415,5.33476761855327,-5.011592239302173,-3.0436963701350903,1.0624359041002254,-3.141219709805032,-6.025443330561949
0.6741707122574037,-6.71942842150834,-3.1001948126889687,1.115454449368674,-5.772644661290463,1.6252242987549397,2.1102031784948623,-0.499199420683656,0.21714997737860076,-4.115058050772998,-2.5116940160498777,-0.49313830107415285,-0.47577057938743245,5.550067701860654,-1.4907599268936413,-2.505433041966184,-1.458609515995786,-2.05833553990515,0.603421379725053,-5.758021075675475,5.939097264895826,-4.3308509027871835
-2.4948674298244082,0.6875009897107641,-4.693784844641205,-2.225153132126569,-7.505995952283173,-3.94786909397067,-2.2210231299809617,4.034792393979958,-0.9643373306094545,0.05020381314986491,2.7547868668193214,2.0553537221100537,6.833781841123627,3.7444612258788132,-9.814074929310255,-5.842123285984484,-0.16941351172573815,4.701789418469591,-2.9271296217513205,-5.878472966102861,-0.6327938182724011,-4.785011729003855
1.469864571624156,1.9225053546005135,-6.4009940463901,-3.6534658228252765,6.910259612222036,-0.4794068094279939,-1.3009862746583485,-0.18483091215279654,-2.471323550430126,-0.9576499063055488,-4.27675996181231,3.539907772119525,7.0498860366127944,-4.77729077351818,-2.4742279127364255,-1.4926968036699688,-2.0385953710796696,5.335509018964544,-2.240490904277315,3.3083757387096044,-3.218428075780186,-0.22697952648499234
3.295474533695935,-2.1632203103531435,-2.2183693510129996,-2.9089084458590415,-2.7767912146441707,-4.882253494179743,2.247083680115314,-1.6174568852691686,4.056423805516505,1.1410693937885945,0.9371777431066947,-0.13330066028376011,-5.385649445876517,-9.092340647715567,-0.6184374800254259,-0.256412209504929,-0.677623689659096,1.5115859924202912,-2.2801081633029896,-6.473557275647407,4.8016446006868,3.5897060347594927
-2.2607250530501832,-2.266360404318446,-2.933786790302444,-4.47177993463727,0.7127589523905692,-6.153044932206137,-0.07205628442749698,-3.3399820400642013,2.7386002229438184,-3.916490861712466,-1.438220737686494,1.1932810376500518,-0.8254653390306214,-8.243315630746237,-2.94697254530044,-3.1467154882413593,-3.955803751387914,0.9312277874009227,5.488562091602588,-3.2651993841831897,-1.708522540317155,5.49680666770534
0.18129931739112307,-7.963786296340573,-7.888661635779443,-4.180388512981406,-0.10468727331647036,2.4570253402151923,-1.1297191715717665,3.5266643760416767,5.0306008777931295,0.04620618636101336,-0.4892496085994763,1.337653116649348,1.888123093287558,-1.9039895953685384,-0.423422845438883,-4.782179372514429,-3.1185812160920663,-3.7534483118222317,-2.9035058969598695,1.2581731347285625,-3.0241120753865682,-4.0503295758262245
2.010675883223279,-6.390641328918682,-8.156412819110491,-4.503308559471533,-1.206689043233115,-3.750772080280134,4.881005942853917,-8.722958779707646,1.193056695162195,-2.5776982939239987,-3.16944180713649,0.2963238541312168,4.954206883431875,0.009777441970016976,-0.38651365751116423,-3.0157016074055187,-4.13787275227479,-5.317010225157576,-8.785635263452361,-1.794837181636409,-0.5233209112911416,5.234550598727717
1.187526147398579,-3.315246162151668,-7.638844187569536,1.0959566268728278,4.034358784418471,-1.6524639549064364,-0.7025433238586379,3.8873398640779007,-2.882436586833233,0.6452490304925225,4.167530269266175,1.0505916971224518,3.176917390340613,4.694572945126091,-0.9555376635840768,-4.776170295586774,-7.305828924957858,-5.060335057660311,-7.670232290878145,-10.335285234181685,-3.4880596247544435,-4.393509048327445
0.8380981355389822,-1.690405686754555,-6.232372933815677,5.779851239882909,5.944539215440543,4.96847464559051,-2.324892817101924,-5.548754898302671,0.6867862874797385,-5.227443053793755,-3.0520566316008977,5.653985338879254,-1.9469552517144153,-1.1771042790759734,2.7801157815134085,-2.780909946811132,-3.189614270255942,-2.0267794255925597,4.206566440898083,2.0540943807802727,1.7998799666285636,3.6757769756508822
-1.6988152573481798,-1.120229838559138,-1.0595929398615491,-3.204674044915095,-2.360947100334512,1.8849728655345368,6.609744221986218,0.7918719695233214,1.3674329334264235,-3.5968635957982804,-3.3276289674360022,-6.387619851640913,0.28434845723973246,-7.269930524582711,2.4564075147093987,-7.119080467279026,-3.739597313233462,-2.617697083020548,0.2791366240199557,-1.0095411004788892,-0.3219049485824925,-3.021482133753618
0.031770911962100294,-2.9221269878854663,-2.2091289620300585,-1.0880151755157537,-4.9684193679628335,-2.687668601678008,0.24919931124532496,-0.3805076094971773,0.5865175882282745,5.365863472077425,-2.932787269600564,-3.983303286659769,2.9329389809716053,-1.6542407602278482,2.445988088450013,-3.4526806201326776,7.550743913452014,-0.11129579189770952,-3.0980489451291207,-3.7546975339629385,-6.947108673320218,-6.232126767695527
-3.429687705506567,-7.498507044999009,6.496643997817061,-1.2846628453738735,-10.506501546730739,-7.631675015369859,3.285373184564823,-0.9416900301666253,-3.59844427574654,-7.522895312269445,-0.5932331843777539,1.1751847385686578,4.61451693477039,-2.995833732526437,-2.2322094185422396,-2.7847683976496547,0.19630379279657756,-1.0646800145614532,-5.583684282462018,1.7667092252939913,-1.834353405007579,-3.45678641670725
1.456953123105539,-8.037084351337738,0.4842564363372348,-3.1180633810746667,3.920694163832694,3.33930625304071,3.9848421593288825,2.086989117117227,0.7730268297293413,0.6059287900318829,3.104768386913418,4.903997887671735,-10.131186481163851,-5.781269027505729,-6.404234843248152,-10.437087487595432,2.9889720983689774,-0.8397430136397261,5.038445439442142,2.516022176906109,-5.95801925089299,-7.420056285551824
0.16206781435496748,-4.244373970514972,1.3964055128910664,-4.687684178543934,-3.447274666717599,-2.1474062818327386,-6.499453024662991,-0.9150252826002497,-4.30835439749868,-4.176919359933122,-4.248256199856723,-2.9543367709090362,0.42038881657455884,0.08152952819000363,7.148595822337209,-7.672207795005132,-0.5374287087888665,-7.045554210501354,-1.117544936115768,-3.200985120419423,4.501402856037835,-4.033830509797807
3.5440602669278016,-9.165871984720527,4.164587325707343,2.986731405350393,0.6377195210281045,-4.533688051370064,-6.247036273936567,5.714958957959301,-0.17145901537460465,-1.5339680155085864,-1.4978321475406053,-0.5471325272965528,-0.49480677906673504,-2.846224944043103,0.9680943817871093,-2.990308865646935,-3.220951437196301,2.7049459485958347,-2.6031111794434847,6.5348532049606,-0.2528885949857633,-7.970335061361583
-2.1650559671497405,-1.3537738073548975,3.1458827261129936,7.565442436173911,-1.6122018231503625,-4.475520037100766,5.283388282412979,-0.8656927753804908,4.473642899040606,2.017134609242217,2.0077273932146302,3.3139191135630726,1.8271532883494566,1.9145379706212065,3.901262539832628,-4.137540411256026,0.23663276742580355,0.36049724625249024,3.2620078076271986,-0.28871947271206483,2.2373632733933224,-3.5124348670970367
-0.14580118014199692,-3.734928606972567,0.3227751702508001,3.356257620164577,3.3802181144427097,1.2723821608475712,-6.2096966496043695,2.931667889333427,1.6208026953019008,-2.1371793300052966,-8.11949508003446,-3.6966556374430612,-4.299799005357725,4.646334946825562,-5.930432294737496,2.1058606879614024,-7.167612817248479,-2.403618114850596,8.96235233380473,-3.025701750385785,6.234691767251793,-0.17578399071150455
-0.5584525331136542,-0.15083863858865557,-1.5712672251857556,-2.328337444229736,-0.017741656612569653,-0.1793107765042398,-7.161997806423246,0.26160204888038174,-6.694284615666785,2.007184994471634,-3.044353807475607,-2.8782185807813505,-4.539439540858756,-3.099169916654559,-10.146755388763314,4.015235703110144,-2.7603408549887996,-2.5636110322702113,0.8399925755721187,-0.8020494321353506,-2.511272537716247,-0.42677497353163735
1.2002363461102912,-7.860075938953937,-6.750737722187225,-6.150792039637566,-3.7142376910294828,-2.1810066307395486,0.14526262842482465,-6.85749193136024,2.0624568532798158,-4.580554567770528,0.5749359300659289,-1.3116030670255023,-1.8388486642401654,-1.7580754442191324,-1.6767288813950354,0.7061655342152878,-8.462740454396984,-4.39418564422924,-2.649044226960641,-0.6188270442221446,4.190547055063479,5.768466113828035
