script/wind450m.json
{"header": {"parameterCategory": 2, "parameterNumber": 3, "lo1": 3.000054539987559, "la1": 64.9999836372058, "dx": 0.5, "dy": 0.25, "nx": 34, "ny": 52, "refTime": "2025-11-30T00:00:00.000Z"}, "data":
[rows 25 to 49 of 52, columns 0 to 33 of 34]
-6.230225532809206,-4.92309211230995,-5.108147764206945,-4.632181049433863,-2.797991309675883,2.462490772032211,4.272302308157609,4.340144377738749,4.863720565410443,-0.3383861989086997,0.8209656564380682,-2.439701687715883,0.8031395673173896,-0.8341994231796553,-0.5871784649890613,2.1000749214225456,4.154997257640371,5.217835415559989,5.74864966588806,6.9704849744073965,6.971302708845376,6.280140568383459,4.8095789814000405,4.58512883078617,6.122298598656776,4.862831293427766,4.020560075183358,2.191519021833696,2.0700022439109365,2.326309889412137,1.0879430709530202,1.2268644441459677,1.4315398243749644,2.2295269917214124
-6.151492903316526,-5.370913674808824,-5.13942546190814,-3.9738827238389405,-2.9530898845919307,0.9322823384540285,2.4259071871450235,3.4756900397981623,3.0879724884172224,1.0641277098201698,0.4673612462249073,1.6256842570060965,-1.3376756133489351,-1.905087851387095,2.0816710941646526,5.958701603916676,10.09993659245392,9.745114504026107,10.431344725257631,10.328579129042001,10.69264793809302,8.851869343997093,7.55701153100602,6.369871863716432,4.505229183177306,4.538828557838222,2.376513514421585,2.423622557267576,1.685616151812144,2.8527547803065314,1.2000400077226427,2.0021547408407203,2.294686996796675,3.2045839199740653
-6.176624369680981,-6.885743267525424,-6.7841938112080795,-6.331171657868866,-3.4916001643717447,1.8544497542810368,1.5846667220711514,4.281286086861504,2.6283637427868833,0.0778942623420722,-0.46448189477834284,-3.445771067586804,-0.20461956605347673,3.104628196969723,7.2710132814623245,8.301863614461476,11.441662408445774,12.831666979611144,11.331238729487788,10.660688010080701,11.082609027486082,11.061290874671078,8.612144614405231,8.625397427953663,7.298638000386941,2.9504362351835294,4.224221620155152,3.391230088984392,3.1065269923471983,1.8444917706542,2.67567459044293,2.6645424667337356,2.3884706540176555,2.1055698894137183
-8.473095169194194,-8.61495543011642,-7.543817711829974,-4.359607229430825,-1.950679208393229,1.5397498081282184,5.343502407894897,5.882623635885462,3.86405397650271,0.9455711274195914,-2.3864896288927158,10.292575955382542,10.519969683519829,10.94052418506205,10.026891932275614,9.021277199882444,10.432501925781724,11.91887761440379,12.976311249870921,12.816000381481482,12.258948891102346,11.782344615227744,9.936321307489541,8.956115907820838,8.02614238736383,6.63534283382178,4.5557429733404256,3.726007808639663,2.9992522527224126,3.3816972935352343,3.2081944243101628,2.773429581342807,2.4767377821181475,3.0545506659548853
-10.82645490925243,-10.22084737324698,-9.168274284927826,-4.396578229469645,2.655690481580713,6.560923124886752,9.171200781910287,10.529315643791914,11.434501053789006,10.701445512514386,11.808173175361336,9.946907377740654,11.254256406478344,10.553019098947406,9.541992537982372,10.95424771746233,9.586918232458324,12.047007596879979,13.03739835492542,12.309225197869651,13.121146106760524,12.582855637283803,9.554469819764039,9.267157618023408,10.342384174058186,8.31726275023809,5.205869019291455,5.115022261457261,4.94712885430573,4.0049130118944145,3.933274314008212,3.7207650103973875,4.125776291522995,6.513224726988084
-11.832226964010331,-10.432940527334017,-2.2051227194308543,9.330822316905397,11.099139098879007,11.509561810229835,11.853641164117926,11.259843441727368,11.915149245004654,11.84326275488643,11.842028162726136,11.228972418198284,11.501828445189682,10.028764500029862,9.640810965224462,11.614181445197334,11.836244664585285,12.679612295721606,13.362529659301062,13.294508249763764,12.633475194117297,11.47769562212461,10.364132997495934,9.554250371842164,9.32962971448683,7.690216997372396,6.197765304439125,7.081723209147154,6.860301448364846,7.222147743181315,7.106269421467881,5.976339515567806,6.7104642763355935,7.430161251206505
-12.37180560951826,5.910386013066332,9.4519124248472,10.812625752469303,12.73254976249286,13.501162883256605,12.128009324762225,12.241010425193023,12.153508488922265,12.127931314192104,12.100650758012458,10.936463034642749,12.698437843874983,11.372338570747997,9.791283480694963,11.908489677089243,11.748156871070334,11.390771479669361,13.883473132816567,14.026611267302552,13.208527245280367,11.58182353201919,10.585280320522116,9.58302343971436,10.013227131281559,8.243198818814347,8.554276931270786,8.408508609414035,8.394023565904265,7.95156298760428,7.852168792792043,7.515994954222552,7.22872349599481,6.3843665232815585
6.4666758057301195,11.343929334830845,11.88134004382386,14.489220266005555,14.080156282211075,14.405334119943092,13.649450352537546,13.181580160871981,13.035486894342824,12.408678565540468,12.919778256040392,11.205897840711827,11.887879453792172,11.382791369654559,10.497322310932416,11.642345553633781,11.40612220210692,12.495451833490007,13.144724504559434,12.896398163887413,13.249055959407325,12.069910354961978,11.635622975680628,10.425235102656092,10.31638212268747,9.81897237104547,10.098867346902296,9.088582895661155,9.117457511965043,8.318908413052332,7.394973736742924,7.956091221102094,7.787194226502455,5.850304338770409
6.886742805658653,12.28700596815771,13.71751931889763,15.045220353610713,14.808107998029636,14.845765586315304,14.150230708554254,14.046961478260044,13.769536282021331,13.007411707374773,13.754164235481165,11.54318799096279,11.204783640206692,10.568341812092857,10.517442508699038,11.983351502643814,13.346857026177302,12.594116865877757,14.056285167674378,13.750475616029487,12.042596210493965,11.056321595116733,11.909249104989023,10.568520374820114,9.818561209347529,8.801732718386843,10.541881407628209,9.251190019959614,9.718801096578913,8.280880752188015,8.071073483225144,6.932440533416664,5.796449829518782,6.328812048732046
9.785275893429088,10.238100659508097,13.729549862994128,16.43841619066493,16.19961700424591,15.726553071708425,15.27704654763302,14.54865110133913,14.31961824903885,14.174346688725203,13.186527076117859,12.449669107974735,11.985806565490167,11.117956201539073,10.854662705053709,11.919587714291708,12.44873927050163,13.404033413529357,15.00468477043445,15.020546069948322,9.032177588814948,10.117798403336757,10.878817730873362,10.23613031546268,9.698041363688464,8.827667961122481,9.549007094770152,8.573452516101037,8.413010863283036,6.748174051164926,5.412923775040906,6.83373603713854,4.522113737616998,5.277140074231394
10.693499646727643,10.918805624618788,11.76329387111822,15.416364284313273,17.743715559905628,17.604261032912714,16.024406573328697,15.023015366583474,15.328322419918392,15.542341379387338,14.856871242822912,13.628972730514299,12.715924043094306,11.60293357026683,11.395967921792465,10.966790330818895,10.611844135123146,13.027832041730043,13.893275142659569,15.089857657501982,10.61733904365022,11.215024600125021,10.296711707329017,12.836782360833983,9.850823163087913,9.593925019183342,9.348348887780652,8.260593882383661,8.74819303300772,6.782360641613515,6.806143338277394,5.788845222930983,4.188502692180757,4.1887970899636215
11.704720026639908,12.06669707438891,11.572378635309029,13.564082682336917,15.551966458902294,18.37675159881315,17.962779004919682,15.479400279564647,15.285696557733948,16.210764117333373,16.415736453382557,13.389679283259692,12.735682640236057,12.29513794572146,11.031228362110287,11.80644885998388,9.43755241880254,12.683251305184687,13.263873368341628,13.37865168803394,15.194106747899633,14.472066785542248,10.26667259287761,11.66903019518254,9.968632230140043,9.29421909813851,8.663211942678009,8.509808909205685,7.0531789427930685,6.360026863477402,5.851940054326437,5.588223270079989,5.142497025373892,5.208919907200643
11.99009888528117,12.435220060524399,12.840606997647464,12.460341372445257,14.61450174907326,17.715957300995033,17.54339488541211,16.78362708150983,15.738884774767767,16.841933199722344,16.11426748935226,16.184157972640556,10.814043786950077,12.941391276469961,12.755942695340378,10.87271105870421,13.57577316778838,12.70072550451163,13.07184435766362,13.035732730639245,13.540311816862634,13.935185480252931,11.672822196077972,11.370769962731123,9.356252794295893,9.022642138461316,9.360202148910647,7.889357018349911,7.070583281743778,6.711651908417891,6.469955088267367,5.26444889239074,5.141666551542947,4.6869202208709835
13.000129334481136,13.386518927762216,14.535358214814995,14.05068512416983,12.847877162176072,18.312955137707288,18.017158857705084,17.80751302234444,16.50229697424716,17.114961197477598,15.944871941162582,16.94451073868883,14.193240636823981,9.848265357988325,13.162500204666257,10.371437706298398,12.003955764917087,12.768744220533717,12.558606717314621,12.09418381419786,12.763529491784618,13.961083160539049,12.000134259469217,11.825287210867767,8.799143741565144,8.20365386978395,9.260031760721155,7.6511718022083,7.58954172103086,6.584770166146116,5.628544441473709,6.458122412146244,5.068863318396925,5.634160850153464
15.872277227866984,15.855461415448321,15.505128769927783,14.55706471973868,13.19377977015371,14.307883575335559,18.579406108149936,17.780908094931753,17.266160729779443,16.9244008523315,15.986828714539529,17.432153637582715,15.419572951599175,13.333012071912323,12.810454083772086,12.52277906838503,11.083491866305703,12.355151344451206,12.247685373946236,12.086563946685798,12.613418630130287,12.2468020613646,11.805723469839265,11.245083698328347,9.688518109538107,8.736556188134692,8.273192047969994,6.600201241607006,6.923069724689078,6.177657760591883,4.442108678859019,3.368422057667273,4.9808262972973845,1.1110485407618576
21.083342061953605,17.870037425059916,15.819895225549342,14.85253605710896,13.763619139306611,12.550576891159382,15.015109022945522,17.64981001256881,17.992444524548304,18.158112308901142,17.396816225424818,15.434349022843413,14.75802610363851,15.899534448895803,13.793853741397514,10.85750253454591,10.944777438379433,12.057703419473595,12.166483291943146,9.510349912939041,12.4229749447155,10.80651339306996,12.199329743266105,10.72171373763893,9.59860057126455,8.060749732824798,7.86298735979382,5.887656353821739,8.19658047400534,6.687630223666732,4.93716607727411,3.607302846629389,3.136579625207083,4.457592432680526
24.45084050782854,20.0429520664502,16.590462935291768,15.062232948076284,13.242886970151629,12.657833114077816,10.599240360241826,17.400492836077845,17.65817731277332,18.71180293569352,17.607407130880365,16.437551729110975,14.604434079650662,14.444767093711562,12.68932323233929,10.362800037786643,10.35420232724738,11.400523364688175,10.625744927653836,9.20314568876103,11.472733877904265,11.449755998826358,11.446942686377511,10.965760682636802,10.096365169710323,9.069056322321366,7.382640072067643,9.708808004009294,5.845966586525478,3.6465956776827535,3.7429045569709234,3.853302737916853,3.882444176402453,3.5932479437404257
24.12185924969407,20.907676094137674,17.2726110020267,14.771235882940532,12.738047143979662,11.758289608065928,10.317108298481793,17.10579815124318,18.248341001258357,18.482792734796103,18.85849341205447,15.591475655945024,16.092070933830573,13.843253189521434,12.216693812973459,11.338666379830743,11.58286685634795,12.64870868393711,10.63000914418252,11.497970811935813,12.503230441583693,10.779725899129582,11.106843605805969,11.005527662052167,8.181176720759836,8.527736707581555,7.657146347792622,7.690542493495439,5.887079413457189,5.631640472383239,5.965093524820905,3.9825421227117297,5.209189736663842,6.044049903446367
22.032003510175254,20.036398232376555,16.353783930042386,14.022587713541043,12.034922701511057,11.162814210815958,8.837021519880958,15.794515479465037,18.039386989817743,17.8895186216046,18.32013522128027,16.41073881060359,14.691519399368202,13.376779537803497,12.27568141828413,11.707760789742716,13.247863456303541,13.274915754647862,11.65535040869996,13.32021361307423,12.617813465229595,10.409214313765908,10.331181729348497,9.422843576328022,9.707699832234312,7.835657191613028,7.795375383124866,7.215286370291414,7.705906223228288,7.831228151718187,6.977705072875891,6.6993535457470985,7.643395540554181,6.750748231883202
16.705913273346006,17.09837991607356,14.706189456704717,12.579963488754517,11.144156720873847,10.03547915747384,7.599935382852259,13.932497054087328,17.972077723995735,18.463159205372513,18.2065940091541,16.995887883530926,13.820832232577024,12.889326788973984,10.67285555166701,11.088717315736119,10.25134740066348,13.010754413234336,11.561945692766656,11.38279807379383,12.4200451075081,11.667887532846525,12.961276830213952,10.971412661453181,10.847252529963122,8.724311677197152,6.954220437022407,7.668599753566297,8.515944754513715,6.834328248756219,6.486914795269224,6.086854347447055,5.222212500882563,5.21963985050117
14.66699121152615,13.96058691914533,11.835156764815723,12.272172097421928,10.628928423286533,8.801635844947153,7.8877262010090075,13.687875007806937,15.420647229213499,17.638656048570404,18.41577274908395,17.723879339479996,15.365672416803232,13.073718669247135,11.646384548648365,10.3611027362859,10.877855702402563,11.648619495330333,11.260958095368093,10.294427552075657,12.873248766623545,11.322398209099136,12.689918157983003,11.912563555018544,8.927854922885931,8.636161804662223,6.567930271575965,7.577891642461657,7.073741457332482,5.661259630613178,6.0839722760300425,6.492185669419822,6.729108234402323,6.30762523800974
11.390977419328348,11.174339868664967,10.670277164014196,10.78180242640714,9.00529365370865,8.68930589984245,7.741909810206551,12.856510570027199,15.217050304977935,18.011308249381845,17.7232576714941,17.127009236327638,14.606184084950282,12.186479077034525,11.257636003940453,9.725253211376696,11.894256957296385,11.006827754178556,10.45447276212886,10.322373998802556,12.063109733936098,9.66638013788436,12.529529045365322,11.924358412126235,8.993933481241523,9.39550639433112,6.276047465402941,7.273372354770566,6.009073323218237,5.611704421365716,6.960130909962153,6.600598055326858,5.831432725327115,5.760520933240389
9.236807316795284,9.340914443056667,9.875308185358179,9.3277345656403,8.428579388768684,8.605999161466233,8.244133833642255,11.595106220185125,14.793671707739517,16.836143450388548,17.5423505552945,17.391589366102906,15.765267971971223,10.96729394599051,10.545683200981049,9.831932735748834,11.870041680241329,9.977288846174517,8.074173832657573,10.104660091093885,10.58408145582337,11.933914000176586,10.422931960452768,10.829400610627326,7.488960465087534,7.304879177114674,7.004562558215181,3.8666673233484876,4.850126803761737,4.9951425300417185,4.475527813107495,5.237459446474925,6.459285198266602,4.431315677278914
6.868808524671653,8.280191523962783,8.493624628120802,8.40680242511198,7.297363080813282,7.692461791577231,8.011285090029928,10.064536877525098,14.355458716172018,17.226440919126606,17.122081607494227,16.279530878445144,15.41273256921108,11.917653531375604,10.041175887015616,10.418124907717662,11.399472934966466,9.080983834083199,6.748463477939995,8.654400580777615,10.096369889814465,9.817580532293476,10.30436549077068,10.124485820796272,7.365899077964223,6.939731487626199,6.493330014645837,3.3886326642372095,4.512629071357063,4.541122165236115,4.555777329674631,5.464850795583383,6.217998723960232,4.410910531534041
6.919450460013424,7.1322402434259144,6.305883673601269,7.112719964077025,6.7354231353631695,6.470679250562534,6.789173774497569,8.452212650892442,12.668690151843268,15.91747152394753,17.14367616090879,16.725896029230462,14.802424375275772,12.600411683524298,10.371456124002671,10.425842271442805,10.902533777717013,8.324226548830067,6.3773547591270106,7.402261590089547,8.988359047096605,8.999149771859125,9.295735104293133,8.665130399944573,6.230643198820101,6.891439275487474,6.210094888491041,4.578018045880399,3.975365029279906,4.154163723152167,3.398466796161458,4.305713891123626,5.586186206987972,3.237299661069646
