script/wind10m.json
{"header": {"parameterCategory": 2, "parameterNumber": 3, "lo1": 3.000054539987559, "la1": 64.9999836372058, "dx": 0.5, "dy": 0.25, "nx": 34, "ny": 52, "refTime": "2026-02-05T23:00:00.000Z"}, "data":
[rows 24 to 47 of 52, columns 0 to 33 of 34]
1.4208504213571227,0.8064187395642802,0.026663589033995308,-0.08167271228293016,-1.3067771096597456,-2.170336248205668,0.47470136565050425,7.019612316088396,-1.1289761214637455,-2.580405168474191,-3.5315105761133254,-2.5194971733238383,-3.492359795510909,-3.6932794537459177,-6.468944008187131,-11.700117644422772,-5.46585324825896,-2.2885569621824513,-2.1668860390248477,-2.7956679138758407,-5.486670471142665,-6.141649523105108,-1.9664714628114348,-1.7648923907793121,-2.764073798823073,-2.560530208254479,-3.4100511111730034,-3.2906693170808787,-2.725984847263546,-2.7905776013379597,-2.8638208286845925,-2.7938573252685095,-1.6548700543141268,-0.93032962068327
1.4849997874209604,1.9008694461735907,1.8996094046857175,1.462891712177595,0.948806010129024,0.3048136497039014,-1.0649475244117086,-2.988858973062259,-4.4216135104576875,-2.8752878937865227,-2.3045336797080513,-2.56606544820302,-3.814780640439229,-11.408457548617694,-11.80963300076835,-10.105894697721869,-7.160595179058973,-2.6526758718614225,-2.7331631496646813,-4.484005862294139,-6.939661738184137,-5.7695511500151895,-2.392717162844921,-2.472267222172723,-2.1980224906058146,-3.019096003941273,-2.6439189330919604,-2.5943019350944727,-3.0737298614635615,-3.0602376027132565,-2.4275158746933987,-2.287766991453828,-1.62703661078461,-0.6432817537714671
1.7683742332866603,1.6726393441060081,1.4944056239695254,0.7431549399783222,-0.042206268276893534,-0.4639037873168665,-1.8244236108965282,-0.5337974051214708,-2.2155285820422823,-3.402024557369251,-3.0865525734389427,-3.6404049249482977,-11.195375540317157,-11.349988070570788,-9.711445768838804,-8.688191723985994,-7.010716636984738,-2.3215178649733392,-2.8744697274775644,-8.13404268340654,-4.594020257610421,-2.6130346325679064,-1.6996266234804358,-5.783525107129881,-3.9602362725855995,-3.1855316302256704,-3.1034200814073727,-2.857562917094905,-2.956268913970463,-2.391068227419306,-1.5343180882672682,-1.5116344920797151,-0.8099345001728101,-0.5905586750060289
1.74258763643145,1.9874578660879403,2.251417059278785,2.142144688275002,1.6183421001337843,0.6534938723205792,0.3173370127407934,-5.254855188856805,-2.551504368869654,-3.652987842268193,-3.942004950942634,-11.753074119730753,-12.286510304651582,-9.94601647876971,-9.075695107414187,-7.56759792840811,-5.904188259220405,-2.9962771269125876,-3.0381746082123717,-2.832054251959876,-3.627212224645842,-2.0778176514102147,-2.463042248960135,-5.104684587581401,-2.2824363316311587,-2.5379795736052655,-2.275933254106842,-1.4614556080281753,-2.475059296832591,-2.605548109125769,-2.3580273964127967,-1.6968413695099926,-0.8154099603384781,-0.32956405065557626
1.104305154157377,1.284701086586713,0.7552707884028919,0.7845676527804314,0.29561826671584845,-0.5011249298560948,-1.6093965627155933,-3.5710219139029666,-4.2373308180180285,-4.827974854698566,-11.742586416244766,-11.589836259304189,-10.063853812386776,-9.372603336056267,-7.915579879333654,-7.148933037528663,-6.241103145293405,-4.410580970677383,-2.551388009660066,-2.1010256871332973,-1.900924852817282,-2.3609715364251467,-2.504317427542149,-1.5713193622128714,-1.9657274280793198,-1.4232713277475384,-1.4984528582606667,-1.7113864643373289,-3.207494144895135,-2.5992109314111116,-1.55726584572049,0.028849367830092735,0.6819502003698988,0.64388856815068
0.434525180731929,-0.2604902176541719,-0.07715492172756808,-0.2060936436446736,-0.6744518799155523,-2.0037327375785536,-3.5730661254006395,-5.665027028761143,-8.70120938035101,-10.403619686264738,-9.3096900124723,-9.272346291154312,-9.091722615773314,-8.10767409623701,-7.305119818551712,-6.1873769093246285,-6.049948409832766,-6.0960759111743155,-3.4931762051583104,-2.1503201593619687,-2.0905108206982974,-1.9896749938688127,-2.685560878252322,-1.3221798478907765,-1.3194589344014906,-1.4606922118318817,-1.281002077334082,-1.1882490445882141,-2.424469795450246,-1.7316834715702412,-1.7670970182364503,-0.5311279396625327,-0.996399121779417,0.20020082128787953
-0.8749358728159569,-0.9814886049395014,-1.490818869074401,-2.0000724224958253,-2.928047831688653,-4.130037304328295,-5.218188586596588,-4.930961349991196,-6.26623300817103,-7.495099872088175,-7.905439075850612,-7.99551418981645,-7.711124888300845,-7.160896750851737,-4.284388570489049,-5.7924752092301715,-5.793239953738227,-5.198162463883813,-2.0808245656035593,-1.9680519905639653,-1.6444492287020684,-1.4287302361778405,-1.7610604097874316,-1.279203028621804,-1.3097905795152713,-1.3600393292127781,-1.206330703097767,-1.2512684127874656,-1.8715749659264023,-1.6134811152522641,-1.2041942056996273,-0.450968903750539,-0.1022623286515715,0.5817986677527726
-0.3005215813131948,-0.05654417911712457,-0.3346177914152609,-0.5083277906336819,-0.8963341579171499,-1.6265158038682517,-2.457869212340395,-3.4943317111245507,-4.58935295114257,-5.518222187541563,-6.084943255408591,-5.26654518151951,-6.002440024868887,-4.769127767867073,-4.111515865019888,-4.414875778288453,-2.801163744945388,-5.372459998225678,-4.496490399425366,-1.9537100666107092,-1.727517627374733,-1.6310102921463538,-1.4685168097207848,-1.3857552274161873,-1.7738859779130725,-1.2647103714383607,-1.2873917080800412,-2.967440947399511,-1.0257760823333923,-1.420480230262856,-1.0987170364633985,-0.7238025813654869,0.08376983311615173,0.912263008525423
1.3521253456044369,1.544631925716092,1.8956988843726186,1.6636298325063903,1.0335345260453743,0.058262927252461294,-0.7747136144287016,-1.7637800298651327,-2.7302294267875884,-3.9660285391522994,-5.259044014656378,-2.3736812322585004,-6.167588332027563,-5.120580299505484,-3.442373314314042,-5.883442377240784,-5.523277107611861,-4.6413194657135906,-3.9850174834255028,-2.162904480884388,-1.561842697322516,-1.4234512463169264,-1.5335525885239552,-1.4252245957290137,-1.4552861531458179,-1.457203088925987,-1.8521592238406765,-3.2934578754807387,-2.29618378448664,-1.259383437501403,-0.765727461224321,-0.7648199002951916,0.11781232273243547,0.6999970707329702
1.539582735333674,1.9005425710277941,1.9709147778875116,0.9438341950069983,0.2957210718369555,-0.5350739521439906,-1.4779459891027384,-2.5070439869536294,-3.7364126732838634,-4.949767920287272,-5.26160744477939,-5.092167866146522,-3.7713535391054345,-3.7531534974018723,-3.933356260918158,-5.186706969867121,-4.5307687289365886,-4.2257356634734915,-3.8302046916488344,-2.7459745699483147,-1.6332469535103709,-1.394425151670568,-1.4304517494785682,-1.4880288211063841,-1.3501918272858744,-1.5286234224315338,-1.694752224970713,-2.685226460909154,-2.1362202649688893,-1.2750489813856052,-0.9236117810626395,-0.16715945418793499,0.20273071066926582,0.7677431005297034
1.364106564870499,0.9272161482813177,0.22484956065317338,0.08716691839970045,-0.4607766906849673,-1.0879474534363005,-1.9032428843591944,-2.817773763232265,-3.635709911456547,-4.157959257953785,-4.847491647482103,-2.822507635595467,-2.516927504644446,-2.6150830950963853,-3.3446932569025147,-2.439785494489738,-3.8487663892405735,-3.836687429017183,-3.558923228526803,-2.9586878781387154,-1.0095161950408764,-0.8347798035169465,-1.28525736141648,-1.3732534641116476,-1.4625830727151177,-1.556580330712195,-1.7185867546281872,-2.421741840988355,-1.8032914777325462,-1.0373513156214758,-0.4558360743930396,0.515811088930511,1.04575608977352,1.8514581671093628
0.43330935687261685,0.33743609623262355,0.2552055339722411,0.016623216287674936,-0.23182927923083238,-1.0516491010393407,-2.1057974023282275,-3.0235169658441228,-3.5163760407406435,-4.0333928401683865,-3.6585937188282838,-2.2723058018620153,-2.9273904653954115,-2.6255157272531933,-2.8483810519150086,-2.7927645895325903,-4.505396996485744,-3.7000789836031704,-2.587569401026135,-1.3245765951026436,-1.3057022750302987,-0.7609662509400301,-0.7057977976513747,-1.0164882984971684,-1.5075059854206183,-1.6395529545135838,-2.5878443527575894,-2.5641942989108117,-1.2333718021357543,-0.4663028717604379,0.190072692247454,0.9330302467862496,1.5856591182982247,2.092480445703504
0.2232978815247573,0.3173639709737467,0.23736519438637443,-0.012174153133649149,-0.36784833662417815,-0.7984718445254743,-1.3472872710726207,-1.9679211913358388,-2.8210460118751097,-3.478895813691277,-3.5120472794627746,-3.09600820206532,-2.187960159205525,-2.3101764774061406,-3.514936213647848,-4.402168429646444,-3.2550172240195168,-1.8411153658439119,-0.5128788845245805,-0.30297767857454294,-0.8794575986029465,-1.360729623860129,-1.3427970873101296,-3.7665472547542502,-4.785802787696604,-4.0313258352728285,-3.090399422445103,-0.6998193509538209,0.5544197976763436,1.3267894043870248,1.7091369513060843,2.120180180821735,1.8902751073779949,2.3454103433830196
-0.3835926644892474,0.04153182208586025,0.16018631460700766,0.29504409825188227,-0.09549252112478669,-0.5592165330743185,-1.0215297092907536,-2.2031300229973425,-2.8237788686881466,-2.606247057322125,-2.622691161753907,-2.1334708979374666,-2.544817773133605,-2.7579062937666605,-5.407072158194372,-4.873922015957116,-4.086170653895985,-1.9132985266215177,-0.8423752156252173,-0.4623858642573171,-0.8194260576684552,-1.4430591910287487,-2.0611434095466956,-3.127674949107189,-2.251288744397942,-1.6409671727941724,-0.35863305220071284,0.895036356577299,1.8898023969241031,2.608283545816821,3.0891552980618147,3.5464381357463823,3.6211924604681496,3.679014312101995
-0.3474934502518562,-0.34355121830095436,0.12153466277120925,0.2089689195975454,0.20022602994587194,-0.1354869895585438,-0.5156976214742445,-1.2886138187793368,-2.2236918135131707,-2.9319049948380638,-3.221830949533312,-2.6749344218969804,-2.74303642824603,-3.318685513160904,-3.425600194043661,-3.842621208628222,-2.4948963083398663,-1.0821014276474885,-0.28726710760045243,0.3814024439293401,0.397172889394366,-0.4465188377399564,-1.7764005693284317,-1.4395746535824978,-0.6759057527010798,-0.328239502100465,0.5180817901460333,1.5241996526856856,2.585930577406236,3.4957939557413256,4.253356198213338,4.3758752676343144,4.436751265567342,4.573101444935288
-0.20000564187872055,-0.11462123898189319,-0.009715854119793607,-0.05613240116622453,-0.09690694753046966,-0.017377928634591176,-0.22933519257191148,-0.5054283441203042,-1.250364527266994,-2.7295106247856493,-3.6871780377251944,-3.343456913479878,-3.2210681454949346,-3.59657791582243,-2.666441674436183,-1.0048896925215638,-0.2615295794425998,-0.038953787596976965,0.5798272104938462,1.4636708103005933,1.6041933586030956,0.2743370238663268,-0.2277469261751837,0.955541827262702,2.0081357178972405,1.9944164592673987,1.9116854589805783,2.809485744711509,3.001751372539182,4.034113946755924,3.8697734558865573,4.237909651641831,5.1688065234151885,4.822075061515584
1.0005100688831858,0.8001538908374393,0.8065087150531499,0.5505428860868732,1.058347022470076,1.5518914607167404,1.4455757408111853,1.137240093796368,0.2622740815970676,0.019736504388897087,-0.402525007516757,-0.7764461770467818,-0.6311260798668182,-0.6228372168731743,0.2035426537852553,0.16963163598144626,1.1893006269626532,0.9318600352545613,0.891325462750703,2.44073833004458,3.3723263235758894,2.2736267239332704,2.1352839104903185,2.306078230358014,1.0041681463761676,2.6330240491656096,2.8174398394673577,2.7867918566234673,2.7600730566679013,3.2306521659880376,4.300641367860619,4.604248975098868,4.2472834480721415,3.7708993113042317
0.36662433000963013,1.2541897025709314,1.2443946637249377,1.271683107077458,1.337105304097379,1.2407267744540627,0.6048713462838771,0.784844404016767,0.7500813066096521,0.03513486578785586,0.01249634822924894,-0.050477305234303334,-0.32574202611281483,-0.6306432266494024,0.13767466976495085,0.1577002710748283,0.0815393115110188,0.7053325372054028,1.712387882353216,2.3262310799714276,3.517448577768442,3.5985485667768,3.316405762004121,3.277588128870975,2.927279325251067,2.935133852911436,2.841653759179351,2.21646241331868,1.496140534860783,0.30359104977640544,0.949173096064675,3.691307299418633,4.1366072540192365,3.4369087625403623
-0.11362678544610653,-0.04119975055016996,0.6908470351229776,1.0134936814235522,0.927310685103799,1.184802912868323,1.4185335208935805,0.954892259703459,0.8100421475071363,0.23947771232226914,-0.5239260725846219,-1.2891307247595594,-0.7644650286856224,-0.4782971354368198,0.7831610672422498,0.912405464322502,0.7092309666446359,1.1756315159129418,0.9154651372900249,1.6292155275729405,1.464124723944927,2.4528050448175236,3.337874140047228,3.2426835778468455,3.270897199089378,2.714484348986551,1.806984739431824,0.19786267370216007,0.1981695844456431,-0.7270364539830191,0.7825307298890185,2.082632649929447,2.6629598133276167,0.05311295642477739
1.1600312335754124,0.4191460514115683,0.5364130101851193,0.6145942557375753,1.0367367430652323,0.9594896892637333,1.0610825541638844,1.0228769727866018,0.6339055773094749,0.12398035924704563,-0.6669370836905081,-1.6350529894782264,-1.148644528895221,-0.638490453099887,-0.6670609618842995,-0.3234598356791747,0.30227252666691634,0.4978081129758126,0.2198112085402659,0.01098457649641586,0.20525745233944545,0.9484722654061416,1.9755266759548777,2.3047833903648263,2.1911100845025504,1.715739226985605,0.16604493220725708,0.48636485042154814,0.6581656769129052,0.8417016444417297,0.21287533229917543,0.32311202214496426,-0.015253236310194915,1.0198170558978132
1.1933186305023533,1.3313360644877275,1.4395346970073817,1.3004826754269303,1.2837934764095602,1.1399327036058164,0.757436378453312,0.837226731417552,1.057523896482618,0.15771732948649922,0.03365742544454049,-0.5417870689509402,-1.162132554292494,-0.8909667810008067,-0.19423805057980764,-0.63147216764063,-0.2695612074886882,-0.023716929458191673,-0.5719173927026643,-0.44735836882201374,-0.037114445802082466,0.21555099698348681,0.42133462953327977,1.3151153719151791,0.3346066649072371,0.34807678026499844,1.05174776583284,1.0726706940447732,1.263438487213299,0.4139880847831043,-0.15585225316139567,-1.4604507268297797,-0.02521225393877303,0.19704692234177912
1.2977083857496676,1.3432489696817675,1.0818994165312705,1.4259843727288113,1.4312857583426166,1.5541284436218024,0.9055781762553566,0.18329020037109023,0.5397626924894473,0.5025144066939218,-0.3000825613268843,-0.9065992485739056,-0.827382289702717,-0.8346830729975507,-0.9987017838868342,-0.8479927743935186,-0.3271156236604218,-0.049239801787157936,-0.6126398931871093,-0.45123374510494335,-0.06432298686620319,0.027637447011641267,0.5676630346256075,0.5211520890495418,0.2978051534547449,0.3774436941945581,1.0646843882514798,1.3703486020760902,0.14529330846934832,-0.07382478271942758,-0.5409105900726173,-0.2963336594548419,0.3562681260042669,0.5037488779037478
2.6659317857939278,1.874010248600477,1.4730866426636533,1.288302691932875,1.5829826978556347,1.6466528229428201,0.7334393752027181,0.012113128767796123,-0.5152276848779783,-0.28375992947062334,-0.5411186370220563,-0.9342205118931067,-0.6497145488524969,-0.4379853256227859,-0.3590459614677359,-0.5139908466668155,-0.2034806593577558,-0.4391970333392129,-0.0689748135512075,-0.5625547307801492,-0.13126213274741572,0.9344608168784564,0.1546048910052944,0.0459670981215732,0.12288636000141216,0.8492511423304869,0.6436265368499818,0.39728736960990335,-0.02306598795483339,-0.4242922461340806,-0.082300493854566,-0.7303739741777939,0.040360157050098384,1.31657963008292
2.3488484166162515,2.258754177923296,2.4226005418471765,1.8695317447216941,0.44954715687991265,1.0551929005103364,-0.09070686369224366,-0.1592408488628231,-0.22442973946954994,-0.3603630449414814,-0.46285381241897755,-0.255490267940355,-0.7618324472068491,-0.6030528729793824,-0.2734106961766251,-0.3196712251549449,-0.11570204132729804,-0.20686608915602928,-0.3204044933295813,-0.3460423663175098,-0.12061909079869804,-0.23282034138319452,0.11865203679238642,0.33775095898635793,0.5121859824429271,0.14030307996441502,0.033030228942641925,-0.31209527473658366,-0.33389909778224774,-0.5789656348141293,-0.29366234552808546,0.6623126547993814,1.0076658785151025,0.5685778910604553
