script/wind350m.json
{"header": {"parameterCategory": 2, "parameterNumber": 3, "lo1": 3.000054539987559, "la1": 64.9999836372058, "dx": 0.5, "dy": 0.25, "nx": 34, "ny": 52, "refTime": "2026-01-09T12:00:00.000Z"}, "data":
[rows 24 to 47 of 52, columns 0 to 33 of 34]
12.021109846332255,11.444212772991762,10.594765507360107,8.252417282763313,5.933580223471438,4.408243528335422,3.20897109942737,12.992514372734398,1.7102083205474592,-0.10836789120025782,-1.6371147988314259,-2.8322436492159984,-4.069080135429592,-3.594671123216234,-3.688740815329065,-2.004403327094677,-1.7667032047400628,-1.4372715518581,-1.1229123269465064,-1.6374374709923472,-2.09819256999755,-1.077197278975884,-1.3901105014183186,-2.0026632831348183,-2.66137428567986,-2.3266871858263998,-1.9715839679017801,-1.21403685319653,-0.38713064423905785,-0.2618973059509211,-0.43073122466439456,-0.5945559993697623,-2.2866525695294775,-3.0710733395123153
10.362751900948897,9.964416379145968,8.972478779102095,8.11908819492024,6.456556555875142,4.358949480441948,6.5362546963801025,0.16414204953817121,0.1982475530466247,-1.7562909790958054,-1.6945236548711913,-2.172862344117753,-2.7743880365592863,-1.6257311496658804,-1.7551063775275413,-1.4475522979331366,-1.1308196569083533,-0.5809937227958978,-1.0921190871019462,-2.8249272678850454,-2.0786732036685582,-1.89975797155169,-1.240844521670502,-1.5554422840611353,-2.3965989304486084,-2.934386025874683,-2.0735245021634863,-0.6504884784344642,-0.6906411238611418,-1.6479637917088048,-1.3285372477795028,-1.2924852297932414,-1.8822665072295561,-2.671311642758278
9.677538869263351,8.997396337414958,8.10324194360083,7.289102221751413,5.297166730524561,4.528811776577011,1.4719988452747987,-0.13827659426943173,-1.9875030564184084,-3.702555179800401,-3.074876020560383,-3.1754507926038835,-3.1679271433897416,-1.2847882314623562,-0.23720914908859211,-0.9228458290030533,-1.5954747939221476,-1.8919628603404175,-3.815412047881182,-2.6124110209920253,-0.7908504307302908,-0.3213336070913149,-0.6883295599477829,-2.403269012523538,-2.138052159135398,-1.362818608992525,-0.9669215408756184,-1.1443356179938258,-0.8065190811768007,-1.4783438336467352,-2.0820893374509852,-2.164053113189682,-2.5789433426840986,-3.3278992016111535
8.327602065297777,8.010368120463962,7.519893079612037,6.604706627760089,5.580405699134681,3.150323290960718,2.022088722314451,-2.0057968264643287,-1.3307581591369866,-2.6641606091813403,-2.7025636559818813,-3.6744238903923794,-1.984766007928034,-0.6582653015035483,-0.8333541982404196,-0.9333145993511021,-1.3549166356202198,-2.528942887608361,-2.7274403066390676,-1.367760787072642,-0.759213287638066,-0.32118387132256193,-1.8481804768451744,-2.0026624002390827,-1.1345620566729344,-1.1865957054449792,-1.5794855204498393,-1.6518930106561662,-1.4242327361788265,-1.597667775508455,-1.986545691020759,-2.797092264776793,-3.4637709061220745,-4.057073873470115
7.434140604742933,6.9726534021781035,6.223391623370928,6.4301534740020605,6.413439354703841,4.919587475964499,1.0712613213209665,-0.9181780864154326,-2.323037813862047,-2.3714028485237746,-2.3857285516588895,-1.58996762235594,-0.8626668797487991,-0.5737450918874331,-0.6320104985970876,-1.5222401393010498,-1.8250139225455186,-2.215404996399445,-1.1450861787092799,-0.016516583061523968,-0.3372972463664204,-0.31057157262936774,-1.5310093413484747,-0.657523345308488,-1.3474521678138205,-1.8311297496288064,-2.421444450784881,-2.6531909954879667,-2.452281582602218,-2.500268944575835,-2.579896675999836,-2.686012512328823,-3.3509731918988184,-4.711439969065165
6.775442263201018,6.48490909705015,5.700930648789973,5.327980742238731,4.891739136599768,3.4032420036512936,2.039868938616504,1.337523332871803,0.3669007379422358,-0.12206452723758227,0.026016840825224027,-0.026600282313768923,-0.14085152630607287,-0.5107585723374116,-0.5625826288177743,-0.8842204669213615,-1.0749181468141802,0.16939164295476963,-0.7975757298423649,0.41420732735722643,0.3292742191739716,-0.702061601513673,-2.4123166993472496,-1.5747252315094444,-2.158695086747637,-2.2664105992262495,-2.8224958003582525,-2.8755963148071793,-2.7245167823103946,-2.888578793022808,-3.213850890533706,-3.4412576706801317,-5.060342239309651,-5.4998192101930305
5.340018809929379,5.332181198303579,4.744201139141358,4.631552035910633,3.8746133651139893,2.931637368001887,1.9259659667831053,1.0827870887295499,0.38620755490993564,0.09335967003245729,0.5863225626268941,0.5471424510264127,0.04550484158418154,-0.32165809016485075,-0.4241050517185274,0.4569543424458711,-0.013815069304452397,-0.42055102479062034,-0.46829312769721176,-0.31249123141418206,-0.2859123984392061,-0.7154281758717244,-1.8568785383744584,-2.548683083129598,-2.6865092804355486,-3.1082524951366866,-3.0683064381017773,-3.6252062402206646,-3.5875516728898624,-3.38097641265117,-3.4177269820370437,-4.294905770141829,-5.893965599887778,-6.4976585047440105
4.241129785112128,3.5179334646625686,3.3590332512540897,3.5080777834428982,3.578865499992368,2.6038446466718725,1.7731242879722078,1.2305603759187211,0.7527637410260132,0.7983580365394344,1.3212629501872863,0.3823312900724361,-0.520981554022242,-0.7208069753480348,-0.11602513512101553,-0.08166489121653579,-0.08472358275721972,0.1403656137344817,-0.30134759982038367,-0.481966141220291,-0.852311077872164,-1.2625088373773599,-1.6767203191888689,-2.2180440006552504,-3.584284996343813,-3.5047544925744,-4.035512611853386,-4.611314409097332,-4.153880099835021,-3.824669830405424,-4.427588386465527,-6.044125479616817,-6.555824792141567,-7.128143314581722
2.6207401167561275,1.9543846023522833,1.6821377506936597,1.7843472447401965,2.5321099830576044,2.85045362725997,1.736563597683524,0.7824066518386312,0.14061066215778406,0.0602905490735668,0.027897224004648197,0.001235463139915765,0.09832530385896429,0.49997848727555344,1.1501347629762422,1.1891005289296437,0.6870351362697985,0.3245493928599594,-0.27419025936440544,-1.2453124198117178,-1.1900689305151393,-1.453809716857721,-1.710756591462473,-2.679501731475667,-3.1764609731443465,-3.9174658155937383,-4.3422367062896265,-5.411017815087527,-5.197641832043462,-5.668273064851195,-5.913740726329947,-6.930645329239564,-7.149079061049345,-7.676515659367999
1.904484814237507,1.5026530543748915,1.0873746187622122,0.948720172711004,1.5369875679262248,1.6541250537737813,1.6628409204886798,0.8603312330006622,0.6432804607527365,-0.1654306638095161,-0.15293404674550526,0.3171673265290432,0.8547965239836129,1.092967371167902,1.7374050214004244,1.9364132388733901,1.2943075680254348,0.6556532910952567,-0.05309815072429214,-0.38338567611233576,-1.1814375103688814,-1.6432357739650878,-1.9509111652095095,-2.547492119248939,-2.9665025838369865,-4.287665365348521,-5.279907824676832,-5.863201623626812,-6.255472106053477,-6.1526543787425965,-6.067495292994185,-6.587313073527115,-7.414680192277505,-7.8996745495610625
1.3307855965544022,1.5416035778504555,1.420937668757892,0.5127588476412376,0.2804001513023172,0.2994713631128323,0.4437704188264375,0.20478245511375953,0.012862790730388238,-1.0087349241577477,-0.6654841752082568,0.21055507429476134,0.7281195238473261,1.4010588416344734,1.6401815794195287,2.0216280638007684,1.2485500967828231,0.6492639324816213,-0.31695341727155824,-0.6432274270425087,-0.4750462209559597,-1.2965939795412371,-1.7056648564344528,-2.7484705910972886,-3.2050193760273893,-4.6076188761146355,-6.317207917617109,-6.879221842088182,-5.836554453151351,-5.74755179564765,-6.050385018409254,-6.483885753877993,-7.101253318818356,-7.925274846536045
0.35291355526415197,0.47932609029437856,0.6443532513476304,0.7605298959733576,0.7997969383676719,1.157670530008406,1.0050942237466678,0.6886372038584652,0.4088970500759338,0.2810858856402577,0.07069558752143006,0.6068394736646464,1.0568567562006121,1.5940859082377863,1.9936132593099742,1.2621150643525594,1.1732155503466302,0.6831110940780613,0.07978524510485097,-0.795697032575546,-1.2189660587842828,-1.5475882265563652,-1.7758821453363314,-2.4258589224903964,-3.324129722849083,-4.694146539674736,-6.51107268405368,-5.923034894929036,-5.834781649098986,-5.895497368670677,-6.0333509794983735,-6.248542548436292,-6.970693859269645,-7.727083758187812
-0.7777404537725751,-0.20478909708165094,0.21993817054047152,0.2972730583258198,0.23075065030673747,0.381927810366531,0.899661372820928,0.9245172528134356,0.6986029641063244,0.9512776794598617,0.8499359115594226,0.8978935130185952,1.0734965712272138,1.1111613108943095,1.6273204347052077,0.8764611730387487,0.2532253833088838,0.06525600361819017,-0.26135990437596135,-1.0491749572224014,-1.6015834060953482,-2.6227935656186827,-3.7916570682098194,-3.324910394022345,-4.042697774238517,-4.709635045540386,-5.521103996956835,-5.615113695925142,-5.780577841474754,-5.899106566629399,-5.95083919674673,-6.443525579200815,-7.02812198206936,-8.185168851046933
-1.9740766412526776,-1.4511663870814124,-0.8745756117088557,-0.3861272358400519,0.0631620359699402,0.402729593244046,0.6198788641273012,0.45526753153595695,0.7424868545160657,0.6286889810070941,1.147526403164961,1.2265292959311405,1.5141412211470382,0.9356642782559048,0.657384163011653,-0.16319963832606965,-0.21573345938224314,-0.27561952270084494,0.14423300107142134,0.0510110134352119,-0.43848800929927373,-0.5655570225778642,-1.256045093894403,-2.0865452455873736,-3.1229612893817693,-3.814359717575488,-4.892507014182318,-5.388961565850239,-5.395792573543485,-5.956203250693932,-6.377259763510793,-6.773078068746239,-7.254557153950195,-8.279573727118642
-2.9893820390654886,-2.0502589866035463,-0.9469027624275249,-0.4992452101487285,-0.1324518797030559,-0.053352484047293695,0.1380698300212843,0.21773792537044312,0.14006891424014178,0.46575122946511033,0.5223390087449843,0.9120768934324485,0.8105894501189665,0.4282836032471667,2.324721771438228,2.5032131448616877,1.179716236512258,0.6399916263371552,0.4216286925456917,0.18556100733442452,0.11941516896988642,-0.41462488437173123,-2.0007352616744916,-2.1286226591502633,-2.9351718073668738,-3.5817897931046834,-4.185846252541768,-5.09656596980143,-5.6779068649601525,-6.023221068413327,-6.666815626280324,-6.652958923826557,-7.3625532742388495,-8.709730455026918
-4.349836738739639,-3.736849292165697,-2.8236557064054053,-1.8254623782447865,-0.9976390749891739,-0.26735531082317066,0.2488105080362674,0.6849859028531806,0.8058530891122361,0.4650854298211871,0.26376825304950074,0.8777487798179976,1.3975274967015954,1.6832216006730139,2.2937191937088457,3.949886631325979,3.494409043287762,3.0016581686185915,2.8138016179202223,2.4346325311087993,2.185028589334515,1.1258235555763552,-0.3422937876624788,-1.9318883651765393,-2.0374736690554567,-3.4613993287726337,-4.295403457577223,-4.893167703715657,-5.828891042080704,-5.840827580324692,-6.011284375400794,-7.017404102909779,-7.29935081040264,-8.868541119995326
-5.4308064424019875,-4.717903238726449,-3.926270493355093,-2.7332398838743592,-1.8796496625760268,-1.205937838070031,-0.6789805384051741,-0.08675584028312956,0.15225525529565656,0.11162753666072266,-0.27445166366037316,0.7882529685523391,1.9695728967462762,2.8011828194105832,2.9744167208870604,2.401039695250533,4.021689737710859,4.30565350176861,4.275834263721062,4.91603220025101,3.569700512951818,1.8020140048731343,0.6845978559359568,-0.9322257998070613,-2.4840760105391477,-2.7139010040481315,-3.559776400823521,-4.4955241204033305,-5.1554267884249745,-5.60605900576521,-5.746595195011134,-6.501770836527576,-8.103379714687641,-8.119968907420438
-6.979330447190798,-6.333856621475505,-5.296995054751493,-4.344097894737817,-3.2589354626158964,-2.33686775877368,-1.5009520968077732,-0.773545887785736,0.1541487003941281,0.7460115050920081,0.7063436613756229,1.7182180666144145,2.7142577432726394,3.476146961281775,3.3514254333487905,3.1963116334244446,2.857302951545657,3.6114976399939223,4.081994008545665,4.604825372459741,4.776531164941346,4.032034638021315,2.534495200189359,1.356705769417261,-0.5645561198144795,-2.0126643691089607,-2.8927665095286725,-3.513196715188085,-4.310610075183366,-4.4699646553561845,-4.868187645381026,-6.140354098596451,-7.1684016918620985,-7.701391063460836
-7.719554387212483,-6.400647819739856,-5.096941515892421,-4.120257151752364,-3.1245734880708267,-2.668035868928167,-2.2022125625136915,-1.595381251941939,-0.9851525827980823,-0.4972925446673797,0.2663702580340765,1.1277730078284354,1.610377947046804,2.0507519041794358,4.078594838838586,3.9653328077802223,3.8149989121447465,3.520426253847668,3.154252617906713,4.200646773603777,3.8887725514375173,4.350685678167339,3.125927390667271,1.8480174905790174,1.5162172341484548,-0.7504722450323108,-2.2346125821783795,-3.4204886468113855,-4.0615865450667545,-4.5788795775592845,-5.71196984351044,-5.546929697959686,-6.100211653550913,-7.049308558340244
-7.2284821878934675,-5.568131219052352,-3.791265100304059,-2.562447637838192,-1.4577880031999937,-0.6590803039572043,-0.5766788907192029,-0.9771153947535135,-0.4828733588480667,0.0004188108100385203,0.3862613518250979,0.5522902595189292,1.5100416205274347,2.2685379608925715,2.7074626282753367,3.6985195363320087,3.5220964105569204,3.5097145721422947,3.604663442315701,3.241563361904555,3.082093719141682,3.4076652193061263,2.390676192076933,1.3599128621922223,-0.10928089755607466,-0.7932575654451635,-2.061311995358198,-3.3587254219965703,-4.239364438499299,-4.916918599010127,-5.727256102948399,-5.240175412615922,-5.679463997699184,-6.825945743390753
-7.5392902224060085,-4.901097210590998,-3.0413406118879345,-1.6064481979335525,-0.4964279407096508,0.4729132083985417,0.9406045859404648,1.7518268726589914,1.445990406943767,0.7548441310487695,0.5324632380724867,0.4307510751042817,0.7564334223221933,1.5369846056376635,3.0449264724476985,2.444477726240535,3.9025272243905746,3.956785972348819,3.3846901378824854,3.6860295257929288,3.811633049521435,4.069513691553191,3.460190937854372,2.954835110843389,1.074402060769128,-0.5250667051403959,-0.14620218198930038,-2.281616019751924,-4.76064503351369,-5.786489926937645,-5.214342639315879,-6.482232650921156,-6.656430755435128,-7.034514538438008
-6.337736065111841,-4.398666260179993,-2.852948636151909,-1.872614556797478,-0.7676190065318204,0.4683760804637639,1.027544359155225,1.3522785957030492,2.103086479406993,2.7231469453194905,2.1004812546753744,1.2258278505047528,0.6265566699665598,1.0652075718480236,2.1516834098913478,3.323380311084528,4.105653177520221,3.6962506859825135,3.172868088190588,4.42918492742736,6.638650148325833,4.818880281745896,3.418804106032748,4.3156308179557366,2.268779783294085,1.2561488974250954,-0.6527862776567525,-2.12809313515412,-5.503910273807324,-6.619139978442327,-5.068047406764027,-8.665632916198772,-7.86133703704767,-6.843877332065582
-5.957631648306419,-4.597343390428459,-3.4502446765099974,-2.087064195552941,-0.7997137539434884,0.663142087767169,1.455077730773596,1.7741316032510326,2.0821921014517732,1.9905436291471785,2.175424461666832,1.649432296484767,1.4496999152757566,1.783126098163218,2.2087510095356264,2.8635449868418092,4.183283414720972,3.108197683327474,3.8707754460318475,4.0242121447062695,5.888414480543246,9.334602671299033,5.51105019154981,5.912588039579194,4.717215741020957,3.1510082673316466,0.10582680215049478,-2.1362355989009583,-3.983647570441947,-6.206058806495371,-6.997644785607229,-7.9792874861401595,-7.315022215027013,-7.640869982055831
-6.327389178812156,-4.757849917863398,-3.6358466263234726,-2.5305433751773836,-0.9131392817429375,0.42597756046210417,0.9251776447100751,1.7492441712339086,1.7056708745102136,1.7377596242939435,2.303221414922573,2.99304891190654,2.3286990387211017,2.697437410275205,2.907628317227272,2.8360775086850114,3.7843838170508555,3.9022274773962393,4.217101270107073,4.368811291739491,4.463209716663953,6.0911584730855415,6.599908102693684,7.634076485574607,6.189029958024816,3.639911612252089,1.4513615639712487,-0.6625172271828228,-3.692548180915843,-4.90785303326946,-7.084693480629861,-8.511548960469392,-7.148049730466833,-7.728028170354397
