script/wind150m.json
{"header": {"parameterCategory": 2, "parameterNumber": 3, "lo1": 6.000198445256149, "la1": 58.999992894266676, "dx": 0.5, "dy": 0.25, "nx": 22, "ny": 24, "refTime": "2024-02-26T21:00:00.000Z"}, "data":
[rows 0 to 23 of 24, columns 0 to 21 of 22]
-7.364116538968475,-2.947928996741775,-7.036909430222689,-7.473465567069293,-6.959428776299369,-6.405209466613156,-6.7600542134410935,-8.54700100364075,-5.7770977792398215,-2.877796074195061,-3.231302524040032,-0.9430874818528933,1.853978352707093,-1.6926128867198655,-0.5417568545801954,-2.6689550481571467,-3.3060467237345312,-0.9195667454006246,-5.155727378695583,-0.558186521429987,-6.564127158829008,-2.97650575400503
-4.5165559974757175,-7.099130563415456,-3.118997106684335,-2.7228873611988584,-8.17256647682196,-6.8532932735589975,-6.083884037373871,-6.491616215996056,-6.854857833724055,-5.6234018899074325,-8.062834449143422,-7.822832877987934,-8.577893149358326,-7.522595879123741,-1.7190916886494199,-8.240571300113599,-7.43758257010238,-0.5372940186757792,-7.903173252508204,-1.3080762949922113,-7.45627890140361,-6.047997102340344
0.5253474106410467,-3.973192985547327,-8.061072024340614,-4.862469090110503,-4.602000322167356,-5.772414847065695,-3.6309705175818254,-2.672451430950531,0.6127683815932109,-7.769699985618392,-5.285690639615429,-8.139067007080328,-0.884657712879241,-3.0478848832506076,-8.142025840200619,-3.4792141232933034,-6.696623337651232,-5.195866134474254,-2.2126042535552473,1.3366585156428046,-1.251015701817343,-1.1902961405629688
-6.927283895203134,-6.6282498021498,-7.943363068275874,0.06430858269390467,-5.397637791681195,-7.473411887029296,-6.322156972611962,-5.749610691764114,-5.341858129371691,-7.978109446031735,-9.449722977329678,-7.141050090344328,-4.188164831649566,-7.723946614259302,-6.3062987053668405,-1.0882971325560034,-6.88093548066454,-5.699001102010595,-6.281957065952455,-3.1961293704456057,-3.016405936941276,-8.936200646891383
-4.795607535508985,-8.361230338680338,-1.6655991853990584,-7.811117939815698,-9.315827176175887,-7.240831686019311,-2.366690275461599,-1.5840407992310657,-2.4518297826433013,-2.0241958408548935,-7.029663381547187,1.961686937905634,-7.827925434935202,-4.976212143404775,-1.1897905124759385,-8.27369788297756,-6.521870786716226,-6.504844645122923,-4.957037692469198,-6.148861426421762,-8.345080557869181,-6.675469211834656
-6.366020254244851,-8.486800706618434,-6.269024316081133,-7.308723313111632,-7.252025808842117,-7.2922501676113285,-0.04599419335075332,-6.032024108123925,-0.6109931010480375,-6.842003837164941,-6.186151173397555,-1.5718260243278521,-5.454831807271962,-3.054174982722877,-1.6407890295202414,-3.6943077201812278,-3.5941577897229013,1.9496205973115173,-7.85365805633276,-3.723143373041529,-5.865398821051524,-2.41729921821635
-7.192350509117469,-6.629135296964831,-6.249252922121946,-6.817195027871212,-6.124477271400634,-6.442644868791112,-7.885415680060453,-8.09730606119644,-4.663087759530814,0.6595778826545468,-7.466203747962485,-4.582010641941998,-1.7888327086288984,-4.463112601759449,-3.7953099564067014,-4.719518567695119,-0.7881985845513353,-7.74096711027828,-8.71428221861461,-1.8884531245807474,-8.148868121413134,-5.9304783387869255
-4.932245657737498,-2.8316029484964296,-8.324342797666894,-7.113439027780304,-7.17186822468434,-2.9458832378130415,-7.568424331415319,0.04736628175621452,-6.027274031870051,-1.042677131230731,-4.36039974047806,-8.095568026377947,-7.308521898134591,1.9097418167250948,-2.4039147163838304,-6.983674257589404,-5.964886555184351,-6.5977221999128615,-4.5010839563799205,-8.649868670453232,-8.141802757830284,4.149682631469787
-8.200835015449522,-4.767977590851957,0.9425764713697689,-5.561129249688565,-5.437672557233052,-8.59973100098102,-2.594683070970459,-0.13207836129875367,-8.203313367689496,-7.410643393163698,-7.777859300342092,1.6132532757425435,-4.797522503371206,-4.613266726339267,0.23763921766422907,-2.698166553572764,-7.3684335543576855,-3.473971814738266,-1.3025246641054664,-8.140081428475222,-6.322101204821185,-8.35448711932726
-1.7613712411574567,-7.456306991358227,-2.9394863601021393,-4.7084692650099695,-7.904012418531963,-0.5815529001030776,-2.1521814067493166,-2.8239946209658076,-2.2177589810675853,-4.717325788136918,-3.9713866414029457,-7.659572702033778,-3.2525447845981414,-4.577439350484539,-7.3826005984023775,-9.723257552259586,-5.961821929486761,-1.4276761957984083,-0.591780841395665,-1.2921040545428057,-4.905802820822067,-7.958017221381613
-6.00938490831287,-1.1775547801037627,-4.447707383623835,-4.033900421867401,-3.194602971145048,-3.6292370788155828,-7.379580666029745,-9.61184103771791,-6.424569543564994,-9.19867220150107,-1.4382557972461105,-1.2031643527927227,-4.5719781743156025,-8.267672769350401,-2.608781081546502,-7.174887475955738,-8.734092748332268,-5.641660430473541,-6.065763985897861,4.117921966809583,0.8838761531414437,-4.841543565451125
-8.572847105393231,-7.147488716978858,-7.039468954855838,-5.88290287328238,-6.825135821937899,-4.83901096940448,-6.144935712209781,-1.3970085910018342,-7.949779652243037,-0.5183351286353357,1.4456511488517834,-2.509332436723711,-4.204076728952626,-7.279642801517528,-4.390584517418216,-4.439439026887389,-5.179452169062124,-2.3355364112710335,-7.670690006460007,-4.352281456640055,-6.400677132483666,-7.754494255674507
-6.034249612334203,-7.924833525322194,-8.322301599901063,-2.8560879070319056,-5.492473406058075,-1.180843295184134,0.6582318401251489,-4.244188455612678,1.0618187328985171,-2.273403765186888,-2.845505258511476,-7.079147393951591,-7.712588938048782,-6.944358460287513,-4.299452159734211,-6.762476745685562,1.8558848766639893,-1.6209547560534634,-7.3350184419493125,-4.721121385777853,-6.662562008410516,-3.539639807663483
-4.7122657402640735,0.01959267979798808,-1.0243965879240997,-6.073004006169906,-5.685564020342489,-8.386744224870823,-8.93379993850237,-6.519757228284032,-7.726783330435521,-2.7376220437891554,-2.7158495272951506,-4.726598691997568,-8.756591469600398,-5.323760480729176,-7.21586248131765,-8.174915330807746,2.2419856273809455,0.6084523530665452,-8.43956753465991,-2.573294882127928,-8.25255621717994,-3.147797696167871
-5.6572929919482515,-2.6382587257726455,-8.176983411479782,-2.424278629759511,0.10546062017683594,-8.166276913813109,-4.4391816096749315,-5.135423633306457,-10.332390397240228,-2.6815898733354397,-0.33003121900954596,-3.32296514014231,-6.744966581436217,-6.513202514460093,-5.9270418106025,-2.8220952313774093,-5.254937581353164,-7.222271283906209,-3.771523836045296,-1.6044358877957425,-2.4420832000861714,-4.582653782161188
-2.3222372890526333,-7.508675853269909,-6.333525673759446,-3.4473335829158684,-7.817042443262946,-4.589679766227331,1.2898338347504774,-0.011278361400307172,-5.385952717111936,-8.16894421012684,-8.012210740881914,-8.482484572857796,-4.366820201929836,-0.11229643509205813,-5.0041291179302725,-1.7463802853120003,-8.182639590400736,-4.627175719442538,-6.775889215119011,-2.8778315397769445,-8.001866984390748,-1.600740827089783
-8.167179527609388,-7.025861333037941,-6.651755738086525,-1.714936456814003,-3.4904828295966164,-6.4577721311872684,-6.355441608510458,-6.251752410202571,-7.670788828230162,-1.3157700761218165,-1.6771560707434203,-8.44246913930205,-7.891855679584317,-3.490066750400703,-6.532278780743328,-3.0044261222119015,-3.223657169653039,-4.231380105394065,-8.38963897957571,-2.2553206674281916,-2.453833091039824,-8.498351666645249
-8.141595754537084,-5.926350612868382,-4.616900942727585,-7.860888858199566,-6.124709773164449,-3.422600400805503,-7.745857315742787,-6.224057481620554,-1.2602325570289354,-3.555733194873932,-4.642310704513504,-4.638713974764375,-4.039847806255183,-1.7739315795170327,-7.969855099769685,-3.858013890452969,-1.1156125832073733,-2.459338030262514,-2.3174052907046483,-8.144102965427567,-8.618499765272352,-3.0306039350115226
-9.215383439388024,-8.782236023685122,-3.1695014727302597,-3.7808257269606864,-8.42629327153006,-7.0928743681977755,-6.44704610471767,-6.847102286084354,-0.15008056947432427,-4.621046630293609,-4.797883344918656,-7.223901499530176,-1.4414579197124986,-1.3596903436844197,-6.7433015468974675,-0.5549029429136872,-1.9965949823204712,-4.472110625476669,-0.6728211248171778,-10.483741544936874,-8.370745730763733,-7.970728582602868
-7.295858744652734,-7.8871654758975716,-9.178949038697374,-8.724698347549538,-6.575419508374891,-4.957414494773023,-5.717885781674717,-7.781748948666455,-3.3935381232454818,-5.9689421440433446,-7.337964017013138,-8.505756556989674,-1.0304102329949067,-8.94979285321977,-2.6329724574755247,-2.120422015339754,-4.67106839497279,-0.924694682575631,-7.213789768470321,-6.647028125203845,-8.260483722289951,-4.14927748144356
-6.941557572862677,-0.817063293919949,-8.24029975121766,-7.186320684364146,-3.008914131934799,-4.203663849807145,-4.335506534837945,-3.9842633788685076,-7.838167285031526,-2.1012890999850278,-2.0721402377182527,-1.6431805338324352,-7.000838548818382,-4.990048286555578,-6.288078048444885,-3.8076946717721154,-0.3211966597116827,-2.107901511667106,-7.813537600968961,-2.5351312876896794,-4.317104035641947,-8.033034025313235
-3.002749885975488,-5.740309250661879,-5.3489589580491455,-0.68815912647936,-2.7880405313319745,-4.560766972189706,-5.709588015099562,-4.902620587720262,-7.062812519734926,-0.5561813037510496,-6.1493814085164304,-4.013257646353254,-2.8475985484466406,-5.8199440258419575,0.31833840380988193,-7.864068662285214,-5.069830642173784,-0.11813241014459255,-8.137498578196052,-3.744945062263069,-3.147878128029622,-6.4814859989192914
-3.578933198991183,-2.862577464952256,0.18013303439785497,-4.107195984784803,0.79403165324426,-1.7064358090253506,-1.234847482163945,-2.2021674166729093,-1.0062765451332283,-0.6168767741205942,-0.9612811336268732,-7.581526177164789,-2.967038193244066,-2.98988046845901,-3.910022055370266,-7.863186890768881,-7.775789478375796,-8.06887511155797,0.18911622284855134,-3.9328313148445115,-0.45336553883241915,-2.7925000904666875
-6.4875272197485225,-5.657733794923045,-2.1016676225014077,-6.564013788309558,3.449393289067908,-0.01906807424261701,-6.0221021612125805,-0.9912324391076902,-5.438315481785051,-2.8883561963375324,-4.967366411274365,-3.108243320593224,-4.799204611920156,0.2725138994940149,-6.353840789971172,-3.1364418683985535,-5.98746982591798,-4.482192722885965,-7.974739189202414,-6.632925593463335,-8.14722331010569,-6.933776667768154
