script/wind150m.json
{"header": {"parameterCategory": 2, "parameterNumber": 3, "lo1": 3.000054539987559, "la1": 64.9999836372058, "dx": 0.5, "dy": 0.25, "nx": 34, "ny": 52, "refTime": "2025-11-21T17:00:00.000Z"}, "data":
[rows 24 to 47 of 52, columns 0 to 33 of 34]
6.366251939270285,5.710995483707503,5.419638145303356,4.687819982053151,3.7333647921127118,2.832413645771055,6.788174709722337,2.792581238348435,0.7101168360478307,-0.7510236404510836,-1.0382326460177886,-0.9524645403981806,-2.307205026352611,0.1387876133929618,1.9759620163475033,3.0745087922902843,4.529700146052417,4.289552132978708,2.289126694100441,0.5962504372565868,1.4675982851961022,1.4477431380472525,0.13596255746074998,-0.5345772261598246,-2.630559371505393,-3.7726463447903296,-2.5183503816669695,-3.6615217611735926,-3.0207666848564325,-4.249681518257816,-5.2966983426083845,-5.952648389224208,-8.551421277366302,-10.777546528907132
6.318371250730754,6.166479863677675,4.93620152886678,3.7561135445526217,3.2135777751828334,2.488340857610775,6.483057742248765,3.36139929784579,0.9981161852568692,-0.2808890525970634,-2.5850000905328074,-0.182688184022459,-2.039315184568312,1.721360993600397,2.08332812256633,3.323560706855955,4.318673992685059,5.227428013893283,2.723013339561614,2.915258282465407,2.306575625428314,2.5355555731440087,0.6532429116678059,-1.8624125705210244,-1.4565481401771454,-3.451769087952455,-4.489587805330036,-3.4054971399869647,-4.192024231474619,-5.08631224767648,-6.877116344852814,-7.848702847824571,-8.967050780819807,-12.089237936971047
5.899151577409879,5.343839974678011,4.727483627654583,3.310964256931615,2.8179431896618814,2.0871037827720214,4.7078491448978275,2.5480443522012637,-0.15902581885997288,-1.0576588809115963,-2.319181129533172,-3.8778781710908787,-0.2309840633910162,0.652442805485323,2.168958504698913,3.156945345966816,3.915686305494616,6.177704889960592,3.315155127558225,3.019613392065107,1.471243976557991,1.092238507299044,0.012791136822687581,-0.3833335497061695,-2.397257056720951,-3.8685185532077724,-3.7718366130645204,-3.6843969897057693,-4.261827739084657,-6.120801343352536,-7.538881006222699,-8.654931879007545,-10.797776173162271,-11.633859457245917
5.678959725266578,6.033808403550065,4.395651607196983,3.276870479457259,2.704542474848352,1.7656842612158419,1.539778465806414,3.1926642278628368,0.16560190826411378,-2.0918458713075623,-3.912895440210953,-2.901010456385849,0.4777139182574457,0.22805514362366192,2.170939752030647,3.0806817457230857,3.4447644203826804,7.540803930415124,3.0073615286654327,1.0635944338195509,0.9273966005119523,-0.2702537444556181,0.007283350331392037,-0.06467224897095124,-2.0284596048107937,-3.6634743478449714,-4.013223357395896,-4.00847865603738,-4.718797835824465,-6.918494946921811,-8.709654613729946,-9.430416474341765,-10.369045104615177,-11.40934873153194
5.6654981508509135,5.8657988573317486,4.2654822036172435,2.9702137864996914,1.9248844627196213,1.7522808990777254,1.3392472924543266,0.702452846071684,0.9934604659286899,-1.9415222082981975,-4.136197109902115,-2.4101537434577627,-0.7283261500847751,0.19625825959118023,2.2541864949346886,3.2366000499889807,7.004878028755531,7.870554018832082,3.356040483967094,0.23964773664054248,-0.6894418778836138,-0.7992247070136529,-3.106163469075887,-1.623038201666355,-2.221273973519451,-2.415461954723817,-4.091711123287064,-5.267904183420782,-5.924270132589569,-7.680990466609193,-9.505889556292306,-9.650704449379324,-10.690972952138095,-10.366659001238318
5.324788936057336,5.231022991939147,3.8678731077984234,2.2659224238166895,1.6440200608718052,1.1922889178547664,0.7188070151268924,0.003180361645932594,0.5757629196739338,-1.1104217856196779,-3.2528294247188927,-4.089364495255933,-1.462940400646004,0.47150852457803605,1.847975116037722,8.656638927143417,6.469850243070005,5.483104739458741,5.076844405678506,1.260024693507456,-2.1931102342898963,-2.882373091689868,-2.050148372394097,-2.0993995547842994,-3.6193929296528187,-3.3582905093391116,-5.2190351047896035,-4.977695836736601,-6.718063653390512,-8.527935612340666,-9.206247369247908,-8.159260610211113,-7.450941000547451,-10.12252067365894
5.557709873558448,4.242392009900349,3.1932346682279467,1.8498669409008544,1.3862023523216491,1.0434526299993736,0.7028919745492265,-0.12315045785182267,-0.6800226730087112,-0.5016546976221166,-2.4152078108458945,-3.544183046262026,-1.95130025177749,-0.12717574850698146,8.736860148961044,8.707899788573558,4.961145119371459,2.627802855655558,5.391913214935947,1.6089911883044692,-1.5807577953545322,-2.198518961370177,-3.2580508319818064,-4.470999897326152,-2.7214796496480096,-3.9784406735815074,-4.104930832137385,-4.634080151074881,-7.89922076736611,-9.129749450618018,-9.574880843795098,-7.099098700551845,-8.848203239664372,-9.839848030401033
4.417158242393686,3.806879436110679,3.041483161005863,2.0537310873924817,1.400140990886305,1.5199744055313875,0.7378695973912033,0.12768223022655453,-0.08639528598278587,-0.26947301181349115,-1.919666870824648,-2.932830554447696,-2.2104292178170937,4.231636348440726,8.18264970168592,7.849920180700288,3.665530085677102,1.7494167015272573,3.8624709335177316,0.2399380177502556,-1.8241263098470004,-1.5851774170906936,-2.5007280120388735,-2.170415310145935,-4.323925699808469,-4.160862694924778,-4.558729104403103,-4.955975715067177,-6.976009354867305,-9.069966865303028,-9.699093885005627,-6.2130598115181135,-8.627849347163375,-9.925294391715926
3.5333358499907304,3.4476067567392223,2.8877164659307333,1.7123404934473583,1.532691529082553,1.314015630878449,0.4527220573826045,0.33758060571473003,-0.27205501363017054,-0.8491820476937008,-1.9860171094524117,-2.8004525766913053,-2.052269817092936,4.592984405300364,7.7676701297692325,5.775060876364238,2.6194417306170212,0.7352654031346847,3.0043761162051603,0.1277215776046552,-2.8820856641165484,-1.5213051569052325,-2.193975569030996,-4.589004049118874,-4.481668230665581,-4.60858619666458,-4.839757520154538,-6.401332589144517,-7.177605607923835,-8.758623087025073,-9.73818901066908,-8.021016023170638,-9.129830665790426,-10.353147089022032
3.402561883289702,3.256170757851233,2.8790308232883715,1.3862761143139744,1.6241907914644758,0.40910731741107864,-0.2021922631457277,-0.9040858820468674,-1.4026868621913997,-1.1134565843691193,-1.7793988388049542,-2.2951864774120154,0.7099659930697297,4.9127316251884,7.261089708937519,5.3231297422366595,1.951772060692022,0.3416223522679901,1.8368342337703556,0.8393294135328946,-2.1786936725669004,-3.165445932006469,-4.187001847114011,-5.333745007005103,-6.034886609055239,-5.631754058323151,-5.398619764667872,-4.35096413885338,-8.037956424679875,-9.423860447271387,-9.916172117742683,-9.374763203462022,-9.925578863627997,-10.593440009153493
3.1411801028910804,2.9414418673980336,2.433294047280005,1.888046296287414,0.45220695321931365,-0.11123114375018132,-0.7851522377805724,-0.9884051926531643,-1.6731454045105836,-1.6869204338401498,-1.081105600152624,-2.0615097962653377,1.9095079945802762,4.048982964477893,6.983007761291122,4.7866039994917235,2.402933500203571,0.3076851753839932,-0.011051723406052096,-0.03422505165782991,-1.5403170738253387,-4.244895792883589,-5.057313569629181,-6.31976252505985,-6.500944724784647,-6.071100814514675,-5.516395312352803,-7.089465889822312,-8.21099564816836,-9.235974605790503,-9.476714477628471,-9.584985359690325,-9.891485706451533,-10.80754045371398
2.596886351594608,2.010402307546936,1.7892036788778811,0.6451147334021325,-0.3130447989379617,-0.5793856247966964,-0.2537226805299957,-0.851220847036679,-1.6864852886888686,-0.9088419481379567,-0.3997375821284399,-0.47307480834165,3.2802462177400042,6.506185895469739,6.426211600337122,3.7278789067032934,1.7499547544914764,-0.8315463141537995,-2.315743620994585,-0.10963206556030271,-1.8156793245097287,-4.1120200234685225,-6.59628935923074,-7.511418719352407,-6.8999086432669525,-7.089369886011592,-6.199133197730168,-7.081188344823153,-8.458031001275574,-9.039196108593817,-9.292238030254769,-9.372422205517596,-9.84744087764964,-11.383769333974069
1.9425259228325644,1.4073822305445205,1.0929654950204957,0.3519767136654917,-0.386013823085546,-0.2787035114786023,-0.4794269767649529,-0.615860070165848,-0.8995458489685608,0.49123292736300717,-7.406372364143596,0.1470347853013875,5.790478590639531,6.266738516994753,5.455968976026459,2.9067407079757728,0.06967539138969027,-1.885488548461529,-2.48285877739286,-0.4675446186289449,-3.79165757617153,-5.342715523650029,-7.374907573975936,-6.855361788411652,-7.244896746605792,-7.432451164636935,-7.283757663696707,-7.421129182907499,-8.504058671177113,-8.48973859790622,-9.028978402523602,-9.413585521505516,-9.636893914089818,-11.258709806145509
1.084239551730012,0.730858190234954,0.5865315842673917,0.2612694767585111,-0.3786617525188139,0.13396585507677103,-0.473602331521477,-1.324320607163988,-0.11951189483079945,-1.144974776626721,-1.0544383990425208,0.5772527332343533,5.9105132042481525,6.42925596060014,4.741462167650628,0.6522226226767547,-0.867571362423541,-1.8405485527306669,-2.7685613781191845,-0.28752784079341004,-4.0653659879172865,-7.608606248806004,-8.85086377072849,-6.7765398081988,-7.35246769513105,-7.467412862962502,-7.266076855064251,-6.999644137967052,-8.0131250481449,-7.846004885906222,-8.565223908087374,-8.941160172925105,-9.140436760665969,-9.889671748211912
0.3792330108156895,0.7707558039672202,0.2502713672694179,0.30150345793146577,-0.6149822114526885,-0.6680469874166183,-0.5447754549396422,-0.7016327686081457,-0.2453230892944679,-1.1746090127188602,-1.1982848371932877,0.8061051624453582,5.90237557435995,4.816995725326637,2.769385984748244,0.3098385966413728,-0.36246255428346913,-2.6540063244836745,-3.7403414447667473,-1.8182400104535459,-3.090476367160084,-7.6658494536399635,-8.553217572232644,-5.121710187437674,-7.204163238992777,-7.404031191421098,-7.839033696747109,-6.562979748861182,-7.262423389538663,-7.916155495541458,-8.645901958314042,-8.837833868204974,-9.007129002712496,-10.24227923284152
0.06615829480835941,0.6597476273829944,-0.3478280806779,0.046527154001172376,-0.5869511407767434,-0.6884361632718652,-0.2764695694630596,-1.4950705414172576,-0.7344560050971257,-0.6525204933042482,-1.241593582349338,4.917473215827379,5.65048430022099,3.494388252233774,0.9633967375330929,0.13454842720278487,-1.4543761692794814,-2.658855885471859,-4.864191853430162,-4.777759194266054,-4.636450715717221,-6.210831832142263,-6.990702490077854,-6.9666751681906725,-6.228548583107897,-7.452284914601778,-7.894447940716315,-7.212496463473523,-7.012230278409609,-8.207091337842355,-8.263634030735151,-8.816326693631535,-9.068345687685733,-9.887976836776428
-0.3420959640965578,-0.2526221921670575,-0.4659574971529574,-0.7042173096911907,-0.4673094064689856,-0.6355077321105714,-0.9435922934644891,-1.6443141854846124,-0.889148718035565,-1.137962445887691,-0.6068838707968094,3.991939144991221,4.278636791689095,2.5072413990174094,-0.017314559703008013,-1.3590449008609435,-2.548128689730471,-3.415971748273788,-5.030095759250965,-4.699557561435739,-4.146064751531067,-5.092941065234756,-7.823324239960987,-7.134172030758603,-7.250554217701978,-7.498866811649375,-7.590038399813822,-7.80903779673365,-7.143266496683327,-7.407786573428617,-7.833515110580345,-8.257645274517616,-8.621042856738988,-9.305509546559826
-0.9241017321078051,-1.1127154469064784,-0.9624084593634111,-0.704717270878671,-0.3928632944258678,0.2588094266552704,-1.2093800790931344,-0.7048766362802716,-1.5270150456226141,-1.2878150113212792,0.7183633018780474,2.5663265286313908,3.407450700732246,1.795497827438523,-0.7378731944322635,-2.1182626645354654,-3.466400102510579,-4.193858809054995,-3.4732117207567685,-5.49301771715518,-5.1882483551561975,-6.484662747833497,-7.323722606062896,-7.861180469530992,-6.826720422062014,-6.565023240218947,-7.564293255912048,-7.616589316647,-7.091382468235377,-6.193504691903394,-6.434427546018452,-7.80003244350892,-7.54512364931973,-7.9736209491443635
-1.354159775217864,-1.5144559181137822,-1.8064377971551342,-1.2728128546398745,-1.3716532552483265,-0.0717368976692625,-1.4547478098578088,-0.22999599714128627,-0.7345726608059712,-0.2628192437036559,-1.001717650947319,1.3513430626147278,2.889747675745259,1.620283338869909,-0.5603630461533656,-1.8058639755580215,-3.2652935702728074,-4.129589240779709,-4.5127071233049145,-5.735847335596298,-5.184503426992349,-4.642854204231804,-6.264929867809145,-7.68069011505173,-7.178817072236509,-6.999235874155503,-6.9347899136749,-7.130689723265028,-5.436804467117027,-5.337246407138048,-5.119282081367508,-3.9007237804365875,-5.189656122823823,-7.319697544916899
-2.3552266246256894,-2.09313582631946,-2.022009760929485,-2.1633328095713473,-1.8471027710416226,0.5761213499891487,0.8487582572183971,-0.48477889296302473,-1.3167668398812271,-1.1405920992518912,-1.371350464644981,-0.4899484422875205,2.547522888025503,0.758892171404826,-0.36668818184871754,-1.5578000313887796,-2.343040714377509,-3.955273130307643,-4.924117854827022,-4.54779215612749,-4.574287597442766,-4.096395599174935,-4.404757711863657,-6.732065723476128,-6.983226965185815,-6.936985646800094,-6.661664308206971,-5.680861153746125,-3.759738673232939,-2.743328181758633,-3.3195488465426015,-3.6677876895611674,-3.137467032659412,-0.878762557526425
-2.492994741837545,-2.2495281342955566,-2.1087593446171033,-2.453773409461283,1.2584160891300094,1.4797363813496818,-1.530728746871792,1.0447785931294744,-0.35196463257245064,-0.6808014641307407,-0.7363921074480425,0.6121194953777002,1.3130220814322686,1.6741567136172937,0.3213493084323027,-0.38744880508189183,-0.9472067883620253,-4.262242393311902,-4.3301026910475,-4.572547650663641,-4.042396808053821,-3.94338275265493,-2.7598234388685885,-4.923165500363682,-5.669397287373262,-6.230606399118266,-4.713264997831324,-5.014612463236121,-2.833216138524702,-3.67516726406963,-2.6529762455846555,-3.9626004183510872,-2.6317636729785168,-0.7684424158514661
-2.034442512243725,-2.3494740682216113,-2.915881140511025,-3.021961566668264,0.3879039712937211,-1.376080111746112,0.7825134300185496,1.4891615018615059,1.1076596865846557,1.9332741733089769,0.8500188048263985,1.5667354573767822,0.2428932837218311,1.35620461586254,1.1152875263830107,-0.598609276120515,-1.4590082124962742,-2.4598312219059304,-2.082675451588447,-2.0815759261638087,-2.427055063900178,-3.6694099137726024,-4.160115412997427,-3.5439381093519757,-1.9420253883427683,-2.7015872819199633,-3.932805347620286,-2.90184226129651,-2.007257255934927,-2.129861588802831,-2.6962292306617024,-3.6451144307631993,-2.105468246648899,0.6750755227802231
-2.4311327698460623,-2.9220177083127847,-3.351289015344434,-2.9826856184339405,-0.61257034441565,2.0324562331265805,1.1116909118581422,2.20382782207641,0.8113307866405878,1.126865265654787,0.7148882613982462,0.16723848121362048,-0.26551783687444913,0.8302601350150882,1.1030280209592016,-1.5246573109779613,-1.3799340159823688,-2.0926376317930564,-2.8033676166555375,-2.366154189034452,-2.1273997226267793,-1.8214480176979493,-4.288630642627358,-3.8068257011049815,-3.7539126435913386,-3.4323545611819593,-2.2170334665042013,-2.5313642341450975,-2.7795046114963498,-3.5592876704601326,-3.0719337663141872,-2.305628806672694,-1.53618318239579,-0.8822687839853961
-3.436659151492724,-3.3101850592543607,-3.6770283190166873,-3.4673239304124412,-0.935745840221961,-0.06852862919771627,2.642574897291553,2.6231135849199294,0.31151953636900154,-0.7272843294444686,-1.3450622067719713,1.1931872422139977,-0.18243063436843993,0.375520558290738,0.3782474728425565,-1.3545747058015114,-2.1957653232833585,-3.641121602235885,-3.7154662457476224,-3.4635908922062404,-2.8028275407897154,-2.554170297345845,-4.692641234916388,-4.5370223065783435,-3.8436512617973944,-3.0156595518034073,-3.5513846513287137,-3.88711106405905,-3.5978031660960625,-3.4562947158600603,-2.7195312148198307,-2.9884466964636056,-1.0045073488650966,-0.3099707497341219
