script/wind150m.json
{"header": {"parameterCategory": 2, "parameterNumber": 3, "lo1": 3.000054539987559, "la1": 64.9999836372058, "dx": 0.5, "dy": 0.25, "nx": 34, "ny": 52, "refTime": "2026-04-06T08:00:00.000Z"}, "data":
[rows 24 to 47 of 52, columns 0 to 33 of 34]
-3.435220101917789,-4.967755737359771,-5.478371707428303,-5.644027408408682,-6.983925733446553,-8.227528896210616,-5.0474934130594455,-7.587265045097776,-5.958038724003772,-7.696216017979658,-7.014224547926628,-7.205300485416351,-6.635315154482147,-5.799370424180442,-4.089455821586776,-1.590851143857679,0.04603106668614788,-1.2522454784082104,-1.8171242754810328,-2.0370599564406517,-2.7253054675352373,-1.5313222176087986,0.29991089053068515,-0.8473140705893067,-2.04983188272179,-2.872941397589387,-3.5267157554653603,-4.1384718337744415,-4.244818644320005,-4.513545692874894,-4.171986928028638,-3.9326043487526627,-3.777531403351252,-3.2594630240030167
-3.4399424177434352,-4.089593828993052,-6.067641503415126,-5.099819288212291,-7.2130667654042195,-5.901248942069031,-6.858601234896097,-7.360526354243377,-7.252567905904377,-6.471059113714056,-6.3976984585757455,-3.9827960108669753,-6.500026656119903,-4.84678913329445,-0.7769938889405122,0.8128295342768378,-0.4514042971114746,-1.533949312890462,-2.3134593940007226,-1.9978891453310694,-1.855496789754089,-0.053585008230892114,-0.6523170458247595,-1.7899819726951038,-2.4760793246195854,-3.012164147065644,-3.097628155300082,-3.7996289443957956,-5.256558562020589,-4.831614590664388,-5.0430242768467,-4.3055499366699825,-2.501073462835917,-1.6460449133013513
-3.393371426803567,-4.362011893583205,-5.467024074908344,-5.8510255358351975,-8.034279826434357,-6.589159899402208,-7.1902652164227066,-8.061347327794119,-6.513454180665557,-4.971266990052193,-5.7457083381845235,-7.168301903495711,-3.5211620832586337,-1.0401576984811784,0.59605559498889,-0.08557621352479435,-0.771766527739831,-1.5884279834772814,-1.900358977810008,-1.9293842961531598,-1.4107491602486943,-1.2565104964527352,-1.6579918940268994,-2.184491207595031,-2.161161306573272,-2.845580174930125,-2.2504219261259744,-3.379977433303478,-4.098638010160275,-4.049564888911704,-4.063990143539518,-2.9589613308598253,-1.2091720243532984,-0.6343915631906972
-2.9912488907105494,-3.0383929010217994,-3.4186648031271667,-3.91655812298882,-4.4641939843740115,-5.251757379457144,-8.010774166881166,-8.199765369719449,-6.090169336475736,-5.972217682631805,-6.7398074542458275,-3.9376162194170163,-2.303552752335948,0.7543451882897868,0.0005635272811407138,-1.2743343843007773,-1.9924665978874994,-2.5197379146783936,-2.6206705020967918,-1.9142761841495917,-1.4118565133221954,-1.1766260517891178,-1.5106976674395434,-1.2586062487924914,-1.4231519131642778,-2.3138981611756773,-3.2076578276117877,-3.836544203112182,-4.224870959348332,-3.7911383114842145,-2.5107003785661512,-1.208724722137831,-0.1383111736450855,0.3541858868618806
-2.297431055921988,-2.7940614246021074,-3.418756410435946,-4.813618688235346,-5.65524742895132,-5.617857844291495,-8.051471314805328,-9.40565668010659,-7.536368274747902,-5.638049311384609,-4.821812453520379,-4.570403429560034,-2.2312938540485185,-0.9992784097896489,-1.7977232169495332,-2.146160689077509,-3.2937484503690793,-4.122596336746109,-3.7346368415439217,-2.541289948514516,-1.330202544075006,-1.4454285932378617,-1.9409538028933293,-1.2064275636133173,-1.2726879377504015,-2.2620498098541013,-3.0271693747325803,-3.7666098313436986,-4.358076011506872,-3.730674602325537,-2.6834580813210835,-0.8807053609654945,-0.02109212428368706,-0.019138388107427177
-1.7416278715509441,-1.4287552873188765,-2.5644894539705265,-4.167367484239402,-4.5568542877651215,-4.919339767533971,-6.066582693590202,-7.836065131901756,-8.13387212273621,-8.237992945090197,-5.984335357657362,-4.150330967637698,-3.2114999874418446,-2.2472983711187404,-2.345011792579018,-2.73035699271591,-3.2725306503814857,-4.044333592416393,-4.022106974919898,-2.595439619680839,-1.8595074823944393,-1.7583737684729204,-1.1380594193605402,-1.1897473807537386,-1.8880415484322326,-2.269037350716938,-2.7827421524331317,-2.246070256837328,-3.226986597316933,-1.400176940224557,0.3602362173566815,0.7022386153123176,-1.0151633448691741,-0.22414686470782422
-1.9486188749667053,-1.8216516326844905,-2.6185847418218744,-3.187685046332321,-4.973456022457197,-5.070656309760225,-4.816973230122921,-6.908213946591584,-8.021287722411016,-6.820141710247608,-5.031109345087342,-4.775512088259985,-4.335703172116917,-3.715778100490015,-2.51245556743734,-2.789718481735021,-2.468483292647606,-2.8067711876493595,-2.671824253735932,-2.58757528451035,-1.9182562340541203,-1.3521449488165345,-1.104155434898253,-0.8793260085254271,-1.1186042553610214,-1.7424561411926363,-1.8516761605814094,-1.6559957264209733,-1.819993252946791,-0.9864681400007272,-0.03730732292571193,-0.5391889124642713,-0.6271826121925195,0.061682788757331734
-1.8127297717022572,-1.9353152445572397,-2.2769744881254157,-3.033451952152282,-3.8428439689465144,-4.508730814016071,-6.0483681521136266,-6.67059536004954,-7.071665155866223,-6.796141836383785,-6.4315380267195845,-6.576235538348369,-5.093019486595996,-4.374101644631639,-3.3310825675926576,-3.217897194382837,-2.709130410086719,-2.002951990580249,-1.8117835502032762,-2.260733066597902,-1.4275011025852558,-0.8758854742308653,-1.6963996773629029,-1.2539264698050707,-0.8222675239142836,-1.1906567085698838,-1.9588804437235292,-1.7553176189797979,-0.8372602375131075,0.16941980082025795,0.7304394157247287,-0.6512021300113126,-0.6675442907351694,0.19415102609896767
-1.9418725866738562,-2.4826943328401456,-3.3452666845691703,-3.8994071174699654,-4.53543381358103,-5.602102604435369,-5.2258960912032375,-5.060179468491131,-4.954870956065519,-5.109887438924888,-4.512282310030014,-4.530931988280372,-5.798265938041786,-4.397684915089703,-4.003702395457091,-3.915360025585384,-3.1519144047925054,-2.5895158236043594,-2.7893196341442517,-2.961395196188599,-1.8203019855282196,-1.8876950719257255,-1.4011030814108534,-1.2769606146445764,-0.8154386909433012,-0.9352994362188733,-1.0047965060700264,-0.6272089507118964,-0.22970907771996923,0.15056975246947926,0.8036006267239006,0.5525857521402922,0.6857925631487344,1.6940035453726918
-2.6448498152615367,-2.6782125532347503,-3.2121476775435047,-3.4904134666620297,-3.7308651262801353,-5.1409262094054915,-5.925574990650446,-4.979771457442431,-4.378189763482754,-4.900318477711795,-4.8800140274384685,-4.350393971974641,-4.29879407108834,-5.099641181815399,-4.58756901875063,-4.012635062060185,-3.3791996730454317,-3.321519868602334,-2.8717815864436,-3.207998594232304,-2.740217781204591,-3.002811508987896,-2.2295817824406106,-1.997275439414018,-2.0081092731083263,-0.7590514215960191,-0.6386766887851548,-0.4175210439197651,-0.12776424450122237,0.7805803152552413,2.047492436926572,2.0729288096704086,2.459415098230905,2.5019135292322465
-3.5149348404028222,-3.6696710965468444,-3.4313056864654636,-3.408118731823197,-3.511965836898069,-4.484174950180973,-4.605090432298447,-5.223344670747962,-5.326241771779483,-4.903948035159977,-4.482147586660838,-3.37383029411054,-4.146833309132042,-4.2735407586641685,-4.761408786887671,-4.633282592758536,-4.88118717920021,-4.678128366958144,-3.917803110675893,-3.89746275224357,-3.855973070531865,-3.7449531600303088,-3.3566222831904957,-2.3052276843852133,-1.6568721867471985,-1.0172940342213732,-0.5986019694606041,-0.5007776700827651,0.7458925261548971,1.9875668455687263,2.2918091633951665,2.0622167472249693,0.9325857483762527,0.48830207328105774
-3.3480662730946458,-3.844825190737712,-4.274372986309507,-4.332650827837709,-4.03977498798909,-3.6448238769978096,-4.2266149959742165,-4.197248746138647,-4.049258553106923,-4.755957918948573,-4.307502219483163,-3.67385315656019,-4.447438080037491,-3.6709998948596008,-4.175095419033699,-4.624097143043541,-4.4086496596301155,-5.121147114714837,-3.2872163063605075,-1.6112965396556835,-2.1854730592503104,-4.0145655883322675,-4.270556834288255,-3.318947783508953,-0.08534541707800528,-2.0009212914552394,-0.4821767326743807,0.6941688923255903,2.259699954730552,2.2922611210269004,1.881074114977714,1.4523497570448858,1.348019641558399,1.1891309746824688
-3.0660326766893458,-3.663824909139187,-4.2211010336127845,-4.409051316747761,-4.530723768155587,-4.461572410332207,-5.094990283192055,-4.663854033476634,-5.9623244074034725,-4.8652418791938,-5.430211170364388,-4.2322113004466635,-4.4449765466745355,-3.768453844076654,-4.090589373542466,-4.1907973459453425,-2.5987931468378447,-4.216904846272681,-2.240002886194715,-2.22698716830603,-3.1124996199523163,-3.8135600078442615,-3.876696277154073,-2.0272004317835637,0.37865539472857784,0.9513189876673798,0.5841937192177958,1.3870719073999191,1.5093922882384374,0.9296956040826829,1.181849723646001,1.4951447713069481,1.7086379350564251,1.5192773387548224
-3.0886932803359683,-3.3619875866103497,-3.5841110124101063,-3.8554769047496906,-3.710778784941906,-4.408880807538768,-5.367553610378947,-5.915510829368106,-5.966900604923196,-5.774831580469777,-5.2298425736140075,-4.750991399900475,-3.7503687854144303,-4.531385813938327,-3.991613855451098,-3.059940593919926,-1.4453167518854695,-1.5598677852483065,-2.229748342868154,-2.4521769847573625,-2.732346636696933,-4.60289728214381,-2.757420390267371,-1.0096687310787784,0.6941048155071385,0.18862571664201735,0.21629115963532444,0.03573612284250366,0.7145473557663151,1.055922048293925,0.6965641443544072,0.8261439123481279,1.4998931950757404,1.5430836117999744
-3.0300090917749127,-3.1603403161814,-3.1050343014100816,-3.291862449508682,-3.8555927492717887,-4.1344636057275315,-4.456353064646317,-4.915374675747502,-5.34799931082583,-5.230513987176059,-5.1420862492454615,-4.98360604750717,-3.9500825168017424,-3.918493192882161,-3.525289688160061,-2.7977719017026073,-2.7920498286948634,-2.2318126396973237,-2.4335793873302247,-3.695342088579318,-3.754777662156453,-3.75561648080961,-3.8491282399642532,-2.897951582001884,-0.6320079000275719,-0.8850615518841367,0.4779170320679947,0.5696348464704108,0.5545986022232979,0.6342088074326873,1.112550730986632,1.2303512597982078,1.6409979578415697,1.896740496954628
-2.797381825101493,-3.048681276273436,-3.3737160253866363,-3.776447614145713,-3.907861759486002,-3.962536134078466,-3.977741155306655,-4.25901324890946,-4.196023800118767,-4.054029032189656,-4.104193573160242,-4.252226456089675,-3.805450767475906,-2.5937323521382774,-2.964854514792213,-0.8835726219253608,-1.6334286660482162,-2.290433124563636,-3.3032769777657642,-4.050837712203479,-2.7549259357055806,-2.6819762710659885,-2.0327118253556153,-0.6410826002474408,0.3531710780087446,-0.05757897472648679,-0.34290546216700696,0.15574128209779914,0.7789203758984837,1.0830692988203865,1.8203907919026017,1.43675141524197,1.9705193112096295,1.98153393924139
-1.8609064699648667,-2.0854674453884825,-2.2323198311273034,-3.4735230770529446,-3.9732268896160523,-3.932405354316405,-3.810587476704317,-4.423550794279022,-4.012561767745567,-4.066570597140232,-3.8978611020709075,-3.507562372184088,-3.4774259692921747,-2.0550426249504046,-2.8440097222727445,-1.668093997442695,-2.033182567675132,-2.1732049158995617,-1.7208813262896174,-2.0302819782421433,-2.0935951199898515,-2.372192880799592,-1.8634483101002361,-0.9683278130572289,-0.4149459884140326,-1.5257123163115183,-1.2020492958659421,-0.5910297971355866,1.1947208722188887,1.5038142425536447,1.4787557291920808,1.909234563159952,1.5172555605947067,1.5373215292219802
-2.2609398655591635,-2.6775499561868843,-2.997093595662515,-3.0774197687271614,-3.3551119651678083,-3.8566450798663356,-4.108619514403412,-3.958269761767747,-3.837583426643319,-3.792077594896501,-3.880135981575383,-4.079327947320465,-4.1953014162781495,-3.538438628305564,-1.859058054304369,-2.576582214810417,-1.1821561607029816,-2.0418020312511604,-1.987998664551499,-2.480395235436395,-1.8841013532601996,-0.5041230839230926,0.09719145872025385,-0.06324913136083217,-0.8432542276854214,-0.5667647655641753,-0.4636135783002742,-0.29374109411518873,0.8239996869059959,1.6904759857061997,-0.31603665902261,-1.3500122577901164,-0.7512143436250504,0.6264258744698337
-1.9030521113383916,-2.345074161167759,-2.8526051450741616,-3.466525653266996,-3.755985450583198,-3.9346920063895423,-4.109789717005711,-3.919044960232463,-3.7073068478867195,-3.598538340692646,-3.228191498807783,-3.606988039122629,-4.588536713485995,-3.4848989773529597,-2.3433329230426874,-1.2033777927413927,-2.117037709218724,-1.5050024593168763,-0.755976589363886,-0.42707180562152147,0.19718646459350558,-0.6037371903638166,-1.4126311385419246,-1.8821486591851437,-1.7076688185204731,-2.3221393202068414,-1.093551284115949,0.4602261122693831,-1.408842438961723,-1.2768733229767146,-2.0794871254309277,-2.0042098096336893,-0.3677812892953402,2.1627503826108665
-1.888257664957995,-2.735552132016361,-2.9462448830855026,-3.119829844133007,-3.4463529627464196,-4.27754793273652,-4.923985882724776,-4.7147600030260985,-4.385888885553066,-4.222406067106173,-3.983769450631313,-3.69883249872219,-3.7126090464711052,-3.340101505286505,-2.3820373757614157,-0.9207951380009716,-1.447434523370923,-1.3527934341309045,-0.11592870859157665,-0.5559651888618067,-0.6239916032464808,-1.240130992529264,-0.47291973523289665,0.3972054767143718,0.45575191192604125,-0.7927443292587733,-0.12462764326454079,-1.6868273135167384,-2.5693828839509787,-1.73834582201767,-2.626174806541323,-1.0695114803886485,-0.08479833659786074,0.8102548845168516
-1.5351173142264376,-2.4773042435460217,-3.2406356241109435,-3.314040205078473,-3.2764581529165686,-3.247207859069929,-4.5588229632015045,-4.789410461167869,-5.076760911202105,-4.485768949137192,-4.299184546272457,-3.8780317560117994,-4.044044911374395,-2.9743835549153843,-1.9045267815741183,-1.8341867717883074,-0.5850975475288631,-1.221989572782287,-1.6496055997879375,-1.4402835233777755,-0.8932982557748136,-0.3745284040300568,0.5768971566033064,1.8963850616931155,0.0921617876425554,-0.4745790378882353,-0.6016530357850226,-1.7124838875430635,-1.2856736959780237,-0.152634882264923,-1.4672212374964224,-0.7993551433532585,0.16860473071014143,-0.29041162194327974
-1.0687588480667285,-2.218565463148039,-2.70156192306305,-2.620035208711072,-2.908618705268433,-3.1307535378600235,-3.3741403426834227,-3.8834337811785744,-3.8032374845813726,-3.7659619221893093,-2.9459240039285204,-2.968822337391652,-2.6559484823745434,-3.0458695754951086,-1.9916062949702273,-1.6565866975646755,-1.3889221583045315,-1.2950664417345736,-1.0962430281949938,-1.139336854297447,-0.5140289859706103,-0.24176008608440253,-0.07708790250097025,-0.7347272170088431,-0.7619112050062705,-1.808462006983943,-0.32469662780589337,-0.6549304330584089,-1.1201565731020204,-0.5496703803280794,-0.2734718616244386,-0.6791936321908303,-0.8537177286144899,-0.7502900797612251
-1.1267593906599154,-2.0293517981366334,-2.452903233095774,-3.084631703065309,-2.9503341692191745,-2.138356136297043,-2.6763337332881822,-2.9989187642849413,-3.0864887104362664,-2.18899736454059,-0.9617557111465359,-0.08723626291246281,-0.4257446616490925,-0.7427831300954703,-1.1639804099490196,-0.5482252172996718,0.47327775655154547,0.5990236294802682,-0.09184877771739466,-0.8788635947825393,-0.5917698465667826,-0.692036920079859,-1.1365296680091361,-1.354662034664241,-1.8560832740818378,-2.477756670715402,-2.09766311152646,-1.3165533376207943,-1.1226717435022502,-1.1940076138176572,-1.3165680936780841,-0.6977220662770596,-0.6227731692939307,-1.9584077232092287
-1.9608799835835151,-2.367558708747193,-3.150121595160049,-3.269865363964438,-2.583744132212258,-2.6565925564181923,-1.6842620741549754,-0.8708275681629423,-1.101287832034768,-0.6833949673020158,-0.6648010150343324,-0.3537311144541954,-0.45015545730267403,0.3441663793526217,-0.3593030483530002,-0.10818244378834167,-1.6961454761473966,-1.1841589522811329,-0.38205502613206527,-0.11183636386134822,-1.0372013126539767,-1.8541105347136884,-1.8038338523100783,-1.859062745639369,-2.0709159771268304,-1.6109180119551252,-1.861707720255604,-2.202091628537694,-1.1751862096568393,-0.8559198427657734,-0.7865193764463206,-1.7977455138332015,-2.2226817598566684,-2.167737531145921
