script/wind250m.json
{"header": {"parameterCategory": 2, "parameterNumber": 2, "lo1": 6.000198445256149, "la1": 58.999992894266676, "dx": 0.5, "dy": 0.25, "nx": 22, "ny": 24, "refTime": "2024-03-20T12:00:00.000Z"}, "data":
[rows 0 to 23 of 24, columns 0 to 21 of 22]
0.7178278121815596,2.2895233700248325,-0.5526776217787707,8.493616274921491,-0.8015085634570471,3.819032336831323,1.4518081443176405,4.744504594731806,5.967288253662444,1.8620092786613942,7.013489763656865,1.4040186961723755,0.6929462825358466,2.44176093470194,-1.0353473468394339,2.258202081052737,5.1623906519530065,-0.285393985061743,7.2859564527338785,1.0144796465714163,-1.515561854244982,-0.3607198347645189
2.168590499006334,1.5887297000577008,0.8836952517052951,0.16473567867935196,2.255355040394353,6.662182138392541,-0.9113807224889783,3.967364438020779,-0.7263169598386867,5.612891645448953,1.458424998006702,2.0141757782047542,2.0655342193760973,-0.47655980590588315,3.7058931458301907,2.307335825407831,5.483081359757587,1.1057623165142798,1.1079310222573115,1.9297589901560408,-1.8775267047864275,5.853123458344815
3.239064247535091,4.840749458332586,5.463383781563762,5.113517362993921,1.3447457399192162,3.6940563659902974,2.291349422545361,4.782605641925588,3.99135615509686,-1.5973880275938135,2.538738647728469,1.8761553433308054,5.842572560290872,0.9505016880465647,2.7950955816457657,5.81088946896019,2.459344127631822,1.82840614516518,0.4331646967608879,1.2476039298101251,2.9885072618102297,3.401150235354822
2.607764231941135,9.318734573928243,7.382937570134575,2.8059861808343913,2.385389878851368,1.6712926531270982,4.316005772305557,3.5606302079265593,1.787030694824155,-1.8950047856103724,5.775384010861207,6.401740579284748,3.729441818458828,4.597847862580424,8.69388486594654,2.36724703165002,4.016650024483325,5.32764867454334,2.761587939485549,2.2875600815568857,3.925707607750689,4.073930693748492
5.079308595311966,1.059359357064402,3.9095751845500444,2.8889519142883997,4.6583394804455915,5.135765634057867,-1.7891710368654676,3.933817333241652,5.028982080886277,1.8591913943636937,0.2677030469332272,2.2192464941487686,8.443753009698613,4.390044912976312,6.880244219261253,-0.30160973490811094,2.168577150157284,-0.26468028568506524,1.5213711583489533,7.615991609919517,3.434076891898556,2.5974257112215313
1.5007396462659646,0.388167527688328,3.2980102274635565,0.6744355225052638,2.0209392693200074,0.9701625428146796,6.597087554562595,6.473074628290342,4.889181812647743,2.5418298598624283,1.0820922912241362,4.294181896961067,2.2572028854399457,-0.002340283272881103,5.431792990813201,0.30484442725728655,2.0203042981986794,3.2518429889032707,-2.371606444729303,5.596358646347408,0.9389404518042715,4.405200381762652
1.9722040761405115,2.4292791721798808,4.670435528908478,2.6082401490648683,1.4433753453293487,5.480492966648486,2.186461274010011,0.7978254735886599,-0.37815992099258977,1.0115627059098087,3.6275432578050584,6.670258312559636,1.1666678625939941,5.890750078951588,2.752593520181221,0.38752567791177206,3.5189846853167714,1.5149456016070126,5.815760027460211,3.0036712940817387,3.2096471616497126,1.1868114832156484
5.865426209366937,1.2728407342848302,5.573601511047764,1.2452642297799397,6.612127448893906,-0.7910062945015267,5.202691623538277,6.7031043762532025,3.7607401491471824,5.5703774963293755,1.2641584707116873,6.687500145206754,0.3447544545371318,3.7079510584683533,1.7641402360514895,4.111681037143308,0.9483042956288157,1.4470306821372112,2.8013350909938386,7.890941005496163,8.136521207612804,1.074750317837809
2.726405551884196,-1.2972341097512625,2.088767157846063,3.386275410510993,5.867070717781412,-0.7190336079711711,2.526215135956271,1.7092491725309886,1.709898437375159,0.6072519092054028,0.6393130900283757,5.298991168585391,-1.6118518121159375,3.777758721746631,6.346469199480458,6.929535696193479,6.341527059678668,-1.314115353449778,0.03664285339777406,1.1189722003676246,2.7443199281112296,-1.645658794044233
4.153010284139203,2.152563153640747,-0.3173580715674159,-0.1636527840895252,8.363674123544946,5.482436275092807,1.3945623620225542,1.8912038184978617,4.764054559528158,2.2689175491395246,4.380889033710206,2.1660827848713766,5.749566658835732,9.41405289161053,2.858458347456197,0.6192270000953606,-1.1901720527272293,4.444378484903485,5.301225396839877,6.943334488216627,6.612369704696232,2.327017754165672
4.549940819695178,8.211769096077472,2.112882914913553,-0.3777078866626948,0.7913239089859252,4.8981212383466675,5.95984703655332,6.5554177391714585,0.3556661510882614,7.155153619134355,2.749833558170538,1.2589049736963334,4.3853677813742085,0.4036709062900153,0.8512792744198666,6.008770788635167,0.19522136402583284,7.707071108915564,1.2945518335450983,4.949450670908161,1.1439438751690363,1.8205686337661116
2.1493001005984484,4.388716379173987,8.257499035306335,4.449790841860087,4.832110031973834,1.9850236166088024,7.091617630005515,3.020479423345111,4.973910465057246,1.5172757611085084,2.636582724836565,1.8061068399770306,4.87466821549825,1.791177768012169,0.25176795359673726,5.1050368036130545,1.4735065760895134,5.167696900261144,0.03758398843448773,2.4340288542140485,1.5745919617948205,8.111517972544105
6.856194804997164,4.2078157496125925,-0.15413483635770758,1.3697715351484878,5.452455990312199,7.743981330648682,0.44553048062201694,6.261625897558794,-0.7934967731994318,7.51779440593962,0.7908867001306669,-0.8069808842030425,0.5392448688387323,2.5715309107611155,3.1847736410015783,0.04322504521892546,2.7814102077691016,3.1088885866352394,0.7969091954232591,2.0618806346680287,3.801719988115342,5.325004440686506
2.8360373403011003,8.596156878452296,1.5018067996577182,2.725670694125138,0.09679750478190012,8.663485108329407,1.8261429574586574,7.874903675547793,4.833550958870262,-0.3683293932456806,4.25295657025917,8.086901020222635,2.3978115044013784,2.530711598386753,0.5585679931019107,5.370672525455226,4.503431746741251,5.806139810605043,1.7421352126562921,-0.9806672897671799,0.9768625046235115,0.5841753748584779
4.921989867861547,1.1919608082982398,3.651869025589461,-0.054927729327644885,5.941411242938833,2.1962646583057177,1.8081010154150976,1.2649311552557914,5.697616624270728,0.12860499127251038,2.4002577426189515,0.6083673421629858,2.331966765336773,2.449088776604265,6.85660636704526,1.7213889180937127,2.0773300453575145,4.733324746545395,4.220984363212105,1.9264571953052532,2.549157806536131,0.29538401269503584
2.769069376085976,1.2924188801012177,1.6365344028538218,-0.6610027129469714,-1.1862309507124988,7.732224208804696,3.055184682800419,-0.621933146083271,5.518954249176294,8.588499789050145,2.9123720416437435,1.4611874799904883,7.540853510438551,3.220623927456546,8.248543937858628,-0.5809426536702351,5.2762453505200275,1.2908782501398015,4.820126782003655,2.4025324590650903,2.2263610889702994,4.766326962789706
6.017642536203738,3.3213940880801425,5.912735038247527,1.7296074947841762,0.5843691226868346,7.724852464750766,4.047121790782061,-1.616777705272161,0.7414571440977132,4.182664976516303,5.631283545822486,3.256356061360114,4.504754870498369,0.6089081628068571,4.745839609265536,9.195364313606849,-0.5314758171860732,4.823894943106739,7.309018953987614,0.8101691860592427,8.746386376604079,7.438902053159314
3.0273770848160795,6.42928843837142,-0.22461107146743825,1.7375944789504387,4.057719297958038,3.8884957638843978,1.5459287936153991,1.1403208212950076,2.1980887726122083,6.872150093021126,1.999527057166804,5.131620079214102,2.6663088129068138,5.6965390616249385,1.1382274072125782,2.870039180342298,1.385117746474932,1.5165686913433596,-0.20383437272581814,2.484627119677124,-0.3279054848770838,-0.9909920608450575
4.626206815069251,3.612640497948637,1.347546311684573,1.2268912703739159,2.6981679062502897,0.69962621005855,2.2057211920919926,5.660062073196729,2.555153689805477,2.581180898181905,4.170255238139932,6.433270892655221,5.274974810037947,1.8246504468723688,0.9314432139687162,0.3350722937846337,3.422746245412955,1.970827921652843,7.73751151058529,6.183225343236022,2.1178825942782917,5.514572046099817
2.7936650947264323,0.9850203923458618,3.5771463305396654,2.4658541278867583,0.80901766132297,-0.0004452442964863408,1.8318362006591058,-1.6141684101330918,-0.813272628421307,3.8189750661072006,6.179977836905238,6.48464960671227,7.015502957006418,2.118577519302734,4.458464679903445,0.6587332421354386,4.2156895580758995,2.3208231765106984,5.314599670835326,1.5424006671493384,0.9610897847945871,7.221885312656668
1.6681721145553998,5.172605061184561,-0.27189352628517216,3.391997541215586,3.244587686984512,-0.6789213752730664,-0.8176160173303897,3.4934102930755815,0.6387167859324112,2.68701188769637,6.888862865924962,2.7115570820978303,2.204602965085604,6.291714210481846,0.21868015425424056,0.6012301132862986,1.4262823542498122,4.928559275725192,3.886918852616174,5.7619641830950625,1.0353495150361753,5.815633857419406
-1.1718961703461452,4.106355390948914,-0.46785222078916483,0.9605577296433532,4.98062556378736,4.4889363924654075,4.463939016652286,6.649060660272809,3.715009524763612,2.1996327890147507,1.0930572609480267,5.685971056402569,3.7319574280017487,5.295743994346513,1.3857011519301623,2.2891320659645698,0.3751459831877676,1.8583756975891716,7.445166168736479,2.283476042972501,-0.11152172370706213,3.9476136834129076
2.645986868899318,7.7723497239479045,5.557930185532565,4.982637480347422,2.545421638322156,2.1361792121152914,-0.009575730923472036,3.2261836768089367,3.9154061222270826,3.6971864339527922,3.2726939762443066,0.0603307645978037,3.441402290525488,4.355603051077294,0.8455224920604971,-1.0656321048267836,2.015169207099709,3.211286274056205,3.3486889304155265,6.866382105818495,3.245069314652279,4.782406226767653
2.390378269324832,1.0674554587251084,-1.2265429177573597,4.13507907315254,3.3104180516371384,3.0898759039468358,6.550012104909801,5.6040911473510135,2.8060534431536825,4.9256299420167515,4.462766527206205,5.79662163344434,4.280281494976866,3.5012347834729787,5.308935559526204,2.3981762883115536,6.3999396410935745,4.202584102525267,4.1038236080632355,4.835035490169488,1.5414626394065878,1.3179681576640527
