script/wind150m.json
{"header": {"parameterCategory": 2, "parameterNumber": 3, "lo1": 3.000054539987559, "la1": 64.9999836372058, "dx": 0.5, "dy": 0.25, "nx": 34, "ny": 52, "refTime": "2026-04-12T16:00:00.000Z"}, "data":
[rows 25 to 49 of 52, columns 0 to 33 of 34]
16.78961605263579,16.45071611158043,15.750974582166602,15.400905983015361,16.085958328166573,13.906049787016872,9.735702336880937,6.933601680131459,7.00199419376918,2.1268248428463914,2.079356094454006,0.5409117985860196,2.9341443891485754,6.157346212871509,6.870478263224118,7.473880003625152,4.92909734294439,4.238920054063535,4.172189461604569,6.083762214522903,5.56310503605649,6.52973364216069,6.216552500608365,5.813417907197388,5.415913179379468,5.167376111962455,4.544396092630897,3.6884575836861475,2.0960220372965317,1.9352176951826896,2.9158961099776075,5.619487705271472,4.89843687985391,6.05111983452119
16.149328228114708,15.874290211073323,16.100015087301436,15.192710390680539,15.120400477272199,14.774419788498404,9.89245583886992,6.280854581180587,4.683820322889167,2.6635685705233296,0.6872452012454178,0.4326628342264078,3.6719011165072164,5.362722280152169,7.265223497270458,8.616416819376592,6.4269526242932455,3.5826516434207654,3.923924872047676,5.481826829679747,4.6706750952320535,6.020122467384063,6.392187925974816,5.250788086589917,4.71079655391618,4.942294887609043,4.0545323631558,3.3944941607918673,3.525382673954944,3.290425669193077,3.405943041366173,5.546451200416905,5.75923495186148,5.020631853891345
15.736351247130925,15.4766832659633,15.56909547912056,15.196629308376172,14.476660479125847,13.843890139615512,12.545458339542424,6.716893660597269,4.7382357338201855,3.16545114356454,1.5494685956374203,-0.059298642279619715,3.8681959802361456,6.245530070804778,8.513174079301681,9.290868090519018,7.311885391610071,4.2114237262702225,5.0339357761438315,5.731029019605889,7.393523939196334,5.574185553421958,6.172954827038612,6.3492752383587385,5.713035308520412,6.121204413431285,4.756727504109748,3.0283392648690466,2.923631972849061,2.643810566817315,4.61834919434614,6.356503582311312,5.25582571141293,4.608498242302779
15.656508807292893,14.770266371845272,14.688658054994333,14.793877056992494,14.225037409527216,13.892841114856816,13.01095176897313,8.997918816640793,5.709777769663428,0.6711924473319192,0.2779806376720677,3.5641152186406204,2.5416676641715426,6.487692543749648,8.7346703499198,9.07698433089727,10.369393275365622,4.89334419562933,5.548478334262315,6.3441750484376565,7.387207316993195,5.509620175959646,5.822296058622675,5.72760052992723,5.5174335963141194,5.131114029907326,3.933834955907628,2.3423549800122827,2.648498847678437,1.158821534324731,5.926348533660918,5.067973371542643,4.804535315264445,4.384735855856006
15.314156281188636,14.683023424704322,14.368979429097777,14.42642397072841,14.531608008474318,13.830361302281812,13.324413870749135,12.541077454287594,10.497886540341247,6.1207278091952855,7.128853790230612,7.452018960437354,5.498443366293947,5.845613150309399,7.094803065778974,8.391809209582785,9.486504093248259,9.30467500992808,6.098299841089533,6.564047145734247,7.53833219097574,6.905904209227144,5.552567938652949,6.034037878332306,6.158751208405482,5.074583271373631,5.530397324238207,2.264120805090173,6.858012355944089,2.033399099168828,2.2847081301845344,3.7285535720534693,3.472985764835844,3.040332806636458
15.677353259440036,15.439931026906534,14.88495110833893,14.655886574997135,14.34027819174456,14.320801164920764,14.20359589265255,12.815834946331792,10.21352374353604,9.505604399605437,6.368484880837389,4.332409934351158,6.698020407401258,5.518711977837826,6.163595867091201,9.580713950549987,7.606941955882049,12.272383404392253,5.792503901893808,5.453625125105875,5.823219186510654,5.949679356688537,5.532278096084037,5.856074003095881,5.302111506912798,4.968506461070976,4.401986015721326,3.266759283465678,6.8880753068710066,7.203484045055689,2.380849890679769,3.1551149137231516,3.879889992747723,2.12104582437812
16.14247994614987,15.44517866124013,14.953155901936944,14.999042690332761,13.923478842851209,13.925705602660512,14.434402103209692,13.275071635461899,12.003757892426146,9.147404692492055,6.740197383636365,4.762853322300246,4.281714804336716,4.662245630021946,5.708047611250937,9.465269420655613,6.185444241036749,9.604021804423777,8.101573272635033,4.698313003701462,4.739816494934123,4.9581146829810345,4.364522055901135,5.158858650597247,5.3011118404271755,5.116104403496958,4.3722159291202285,5.1451407847625825,4.943937672282637,5.412150477426376,3.2762009476088023,1.9927967889258826,3.1829438183152265,2.423080068985253
15.806239534280042,15.454878970119095,14.406733357147948,14.866882352730961,14.41216380420584,14.10475270108023,13.922508290228272,13.607837358616628,12.612813826377154,9.118045900459032,7.6014661363867795,3.1528375718984143,4.666030479311784,2.6515886874223127,5.131695196029155,8.653997958264847,6.407841769591173,11.476568242743319,10.839579946502687,4.967340808582715,3.774030528451668,4.756754308592764,3.8180591169932248,4.801202103171327,4.953864692799477,4.7955693924327365,4.220101853752252,4.31871304756787,4.1053896635452265,4.9172749874455866,3.393165853283662,3.285370198819857,2.154996206847402,3.469364613901946
15.072084003481873,14.944891551403282,15.390507691094037,15.351594232161794,14.899968570131435,13.570918676376996,13.292232960853859,13.736154253123773,12.272490718873222,9.776828204007932,7.211126153420781,3.6242966879516247,2.9438064910361725,5.629034333677454,3.709520797917082,7.587551753455544,8.087787743084544,11.597454301488408,10.036510208209297,8.309123391780615,6.371132027145673,4.006067380620642,3.911291488944039,4.161987818217678,4.3808784681368,4.134399752278335,3.5692010096092446,3.191990081803486,3.9856547248518583,4.443157985668941,4.001420263528903,3.158231706513961,1.8801823816105274,2.9668515322623477
15.752672279599693,16.117538154028015,15.632751738496493,15.206391883836291,14.838669771281827,13.500823689004234,12.656742933961942,13.460420428369433,11.47640074132518,10.206343952029123,6.741794861562488,4.310865437671629,3.6453481744932166,5.375699539161312,5.4796255158977285,6.1602607871516515,7.1438819309995925,8.200948549656905,11.869527654601557,7.9444332907237865,6.184294079370168,4.541909434923296,3.0606508349448847,3.844581002257534,4.299054865442212,3.4738700881248086,2.531026689191501,4.205257668682415,5.159934434592743,4.604904673838794,3.731348665361134,2.4876778552808667,1.4084753111008792,2.4750024734279945
15.314948016888057,15.675261262087705,15.736369639201225,15.383266746187635,14.861034885915632,13.755031178155411,13.155623860056226,13.1176916282523,11.242845806837074,9.590506600863678,6.607766303984104,3.881352143082371,4.446755040370573,5.567614751416156,4.856561065953194,4.720496915537263,6.246149008791439,9.049580309891326,8.099259534635035,7.624636613683355,5.163316447123627,4.122995417370488,3.2627381486020517,2.821689249145038,2.5842857964783614,2.992992167398532,6.472714906518275,6.100760444257033,5.7502189108215225,4.636199333395442,4.034910708319639,2.236536635315845,1.0567000108426026,1.3030233512933258
15.320384825641975,16.245527151179722,16.495647075841447,15.55983254091705,14.553829323323262,13.522734897703048,12.905968654717709,12.223614453187476,10.46619504501209,8.976395828561524,6.540219470497644,2.3166015575466035,5.247766270686446,5.737436134535147,4.134635358613234,4.340776654448155,5.818847274573552,6.6965139032234955,5.699227613854985,8.1593339458076,5.1907501041153,3.7254015938886513,3.690650876952898,9.21710141204906,8.513913842141381,8.253283095931083,7.524667825638569,6.944900982127419,6.265068536926427,4.882817647460157,4.118630739331129,2.148553592009737,1.9777700158514595,0.3327812987085878
15.85054953143792,16.70347747541323,16.384080044756136,14.825311815894107,13.84310103055523,12.996811449853787,13.147649131158962,11.282806300802418,10.200536308952763,8.059575824672581,6.513086325088944,4.855773193282308,4.0428740951572,3.3503877014908108,6.491067895695799,6.861121532571518,4.050871041786933,4.394365192827273,5.546125496422101,6.462559595290079,6.164941660963202,4.840556961814323,4.433150542663485,9.344028780052295,8.155587807755332,7.218293209477667,9.764169561707185,7.961802515301662,6.508354062657811,4.810473575494006,4.138703225724689,2.851205510777726,2.1229763606729333,0.6542530844052477
16.520597319851923,16.601689749181446,15.704903698237914,15.114901457137185,13.492760716438424,12.14486753891201,12.22028819346796,11.39705536894153,9.819391055473421,8.048506029773609,6.3704296874994135,3.8189795298603486,3.0464375527586425,5.7349047761095315,4.078117875341112,5.688850047538596,5.454325331987318,3.7890917908826243,4.154683089261846,9.010057936729316,6.2202800456521254,6.56137972142333,6.47020705202742,9.273208698316516,8.851761135585859,7.469087912415684,5.92238852639319,9.108521902886743,6.627712379587274,4.502789178541867,3.6875593404179092,3.8404561396407537,2.081999413004511,1.3774934706873148
17.03357068462258,15.873639194970377,15.45493094855176,14.022805974082448,12.020533742184218,11.133478130054181,11.491610653933021,11.373406988883108,10.024141100103334,8.647116434886687,7.062474296765168,4.758827427033978,2.9228206592567028,5.634469496423081,5.75359899440264,3.14192525974642,4.61437692386073,3.7255531110290994,4.226395056159048,6.752756845990004,9.645458352332566,9.696787418737596,9.266407404715707,8.409435863709326,8.717666478056186,8.038675101704667,6.094200219004771,7.180132567753387,6.199217787620416,3.899662221216901,3.521121885750701,2.471253384377749,1.822282043252953,1.7226959001010977
16.05992014423031,16.08896554670992,15.80568093367492,14.258830884592154,12.86422313759173,11.117814523874992,10.69511857194514,11.085737550854383,9.301864613099005,7.727734475674535,6.4102616842336335,4.242575894064096,3.0899364314798037,4.934875958691569,4.375730550690148,1.3739050324360178,2.358625597299608,4.150377400855338,3.842164271726681,7.851974226467691,9.186088033318194,10.081806088170273,8.526841304562621,9.585782741529606,8.975386947169769,7.527935119071566,5.534901346904189,5.565725920262576,4.475897830830812,3.740571713474784,2.9330235040937294,0.6428567754311538,0.7600254893513442,0.4865682944328568
15.661910957250589,16.07598164291114,15.875787264052965,14.476897453364648,12.827696311351833,10.611463808507859,10.542768214884012,9.04926609584878,7.676115133315722,6.741311631598286,5.241627827738882,3.013919635630863,2.2351179828032484,1.5756692915780461,3.5198071897089473,1.725369427772819,2.924071965536824,3.1759081621680303,2.6283967698139126,7.141325446461927,7.475649374213435,9.084330578404915,7.953162583160075,8.781187595193277,7.247706782480071,7.523908824045721,7.275323300193148,3.5573952732156515,4.671848216580646,2.089851971856759,1.35937272284535,0.29433600901469725,-0.6748104945634958,0.08972199994537067
14.590659450949683,15.870241074914714,15.935160643795394,14.029180685638075,13.055785685754516,12.738185890866177,9.446572087160968,6.0327152793750285,5.654022253113643,5.7982379840986065,4.054217663280292,1.107839316676015,0.9281976442345449,0.15595840363398328,3.082805920948363,3.343441260056992,1.1202820842250152,2.902475237362995,5.206397826140601,4.936751087764495,6.090349063372909,6.519204734183407,7.529546646061844,7.3573012106889415,8.17830836977789,7.747436376792423,6.966908926334405,4.194522628937389,3.564541103278664,4.5978635883791314,0.992030086422434,-0.3752134475997165,-1.802986655254201,-0.9813598021865608
15.2240907946004,15.497300550333383,14.838659409554639,13.843868250150487,13.431020159665968,11.338735474404176,7.709007738147761,4.5886517112408285,4.350676211577674,3.4761191195787795,2.9018937160762652,0.5133303277187139,1.4771223359983559,-1.427735677073747,0.5519077495360242,0.9623774448144079,0.34030064661382,1.416500075546943,4.906014588332098,3.040785586061221,4.255236133581345,7.260672149496,8.234317655051948,6.372947253693765,7.408000206355573,5.171300601322002,5.5812504895813415,4.808014473244794,4.16369882244442,3.145444695546851,0.4425014700481021,-1.3607088737469195,-2.859043630043394,0.6849486675796918
15.506470087599215,15.380588804535922,13.858872283093124,14.038010491592237,11.5480086922776,9.15805881312515,6.066352828602595,2.4800882348320363,3.1723483979421325,1.3484488056574655,6.853689987705816,2.8376204077459706,-0.5789121408943708,1.2004626082221648,0.4498372363193208,0.40967233157511557,-0.3299840728621553,0.3477900233120053,2.7831483890337263,2.94950033283935,4.085901789594095,6.874727728586456,7.081905472976734,6.958879709358728,6.454437609232348,5.192581337124929,5.177520373671581,5.464855935472849,4.738636648144722,3.745992293628366,1.7770687530772271,-0.7229899551707473,-0.5020786566881729,0.03497189117602232
16.623523894391987,14.740282635990642,12.834110256401766,12.875808786212604,12.055847498052584,6.943638654016902,3.985144427623848,2.83096473218109,1.7944812137385027,5.118892043668051,5.393873465321158,4.362732935263854,1.9910035084933317,0.7269713964076691,-0.7149554686420555,-0.13622788305144712,-0.47541375790288426,0.24491612273504,1.092397782540603,2.924469436129191,1.8235906327658804,5.434818047535105,5.527175136779125,6.594798051590023,5.596756746862335,5.0217176625533755,5.086707695016513,5.6213923394947765,3.492365940868277,3.685962074969188,2.4234936189678815,1.3987756188321736,0.9601565445199517,-0.3499881792827267
15.965111476284521,13.333815341355544,13.710041029774596,12.24121815151013,9.899456168860096,5.665202270760473,6.902323893670997,4.029968053342507,4.9860533207713855,5.4597788253686765,4.67419141901221,3.262663672542993,2.493365983760857,1.29696373355176,2.136103880110079,0.4496719910475973,-0.7147489308983385,-0.6730975775659589,0.30557972536931655,2.320113330640245,-0.5155357394040461,5.564594769600371,6.110552339268833,5.991529949623868,6.518272790471984,4.607893935176233,4.642745177799375,4.846648654677626,5.2225514881487705,3.009426856651491,2.5406463458477733,2.40594762668281,1.707223382801043,1.7402897679172495
14.19697531366874,12.90190622301556,11.965200727070938,11.109224525839977,6.847900075705494,4.289009551249013,4.754749960316934,4.2240375026548564,5.671558718049916,5.3223510780802545,3.796346328856736,2.856118668246663,3.1124048149915406,1.8334956751866751,0.666868222649294,-1.1265617453923504,-1.257111446812222,-0.5882581026559917,-0.11679016984444153,1.258478487683155,2.831614186582947,4.408134574945624,4.486686357922205,4.568019551312138,6.18275906030636,4.408023332660483,4.453442235692857,4.6393271991489895,4.7014783198031225,5.931173931713412,2.683736467260619,4.350860011960988,2.6565211709393117,1.8071120721916838
13.146446189767506,12.23945166010477,11.222694357516694,9.425097071300643,5.604460250919414,7.159949274512666,3.5779232633982825,3.4866956238550593,5.567179229638463,3.805761974663427,2.6954746944595094,2.529435670058294,2.655883249784822,0.8969949738545844,-0.1800385407298871,-0.7570045098124852,-1.224192104932983,-0.7772229978140107,-0.5201310998722044,-0.3490719130712616,3.2842694450790058,3.322833570006426,4.053884966295565,4.8873492100888525,5.228497381244222,4.334840016298631,4.276520528033413,2.809727082652862,3.15668617334906,4.305927104707334,4.096441303891299,3.13296614272945,3.4278549817463886,1.6349282263507838
13.04969368528033,12.669241876415546,9.941112424004096,6.714837798892763,2.0210894899888245,6.635019379076492,4.842377829498411,5.603196021641933,5.3354615425375735,3.7044182576979128,3.0897313176646213,2.3993577238635844,0.711623444396806,0.8620318344488561,-0.4424680504494635,-0.32372283589716355,-1.2908569673853156,-0.6525482131783372,-0.8093795703796031,-0.113541148309513,1.5603480000062864,3.0208620128557913,5.294014966073822,4.818537449559021,3.6542086305104045,2.29816702098346,3.491564689491649,4.014158240707034,2.1687455379105818,3.2808890360973355,3.897700785373321,4.271032390405389,1.4690895006953648,2.0722179934297267
