script/wind350m.json
{"header": {"parameterCategory": 2, "parameterNumber": 2, "lo1": 3.000054539987559, "la1": 64.9999836372058, "dx": 0.5, "dy": 0.25, "nx": 34, "ny": 52, "refTime": "2026-02-07T21:00:00.000Z"}, "data":
[rows 0 to 23 of 52, columns 0 to 33 of 34]
1.5827079095347576,2.1746893259066615,0.8125742985995598,0.33102248950030644,-0.9097777116686323,-1.9733327769858204,-2.3100358483119634,-3.1134731735879955,-5.2013434094119955,-6.098067286868433,-6.545966986578434,-7.0810501315356875,-7.750554556320643,-8.707113722705554,-9.624116153203518,-9.226487285562222,-7.757196840071611,-9.506680474261184,-8.91581661543171,-0.24364715024252798,-4.981147193685803,-3.227125867323087,-4.440891723708549,-0.13012654318846423,1.1603820500831492,2.0161785864583672,2.5457453367885012,2.9896515966883666,3.9124056321498974,3.983972065719725,2.9237000354577845,1.6289339166825423,1.6758625247817351,1.6218875155475851
1.2219780185337774,1.97068968265149,2.08370325870908,1.0934315101018657,0.23649069216542928,-0.8450789575391238,-1.3437771087713488,-2.0857925614643014,-2.5886363262639973,-4.20639733672386,-5.5033523815011405,-6.217583706207352,-7.162626162712969,-8.11840662021574,-8.591538669569433,-10.255995885275812,-10.45841914514776,-9.498285063619468,-10.189717470673138,-6.098459123306816,-9.758223208010431,-4.261046586632407,-3.4854729915973333,-3.7861641454058463,-1.1183765695786938,0.7310671249688584,2.2025660504695903,2.4899135173893914,3.285038084987356,2.358894393461292,0.7087747568582298,0.6892043567401279,0.28389967414007433,0.30977804366631695
1.9724345595255723,2.5316306927427785,2.8537856590222965,2.0803031041258273,0.6004081871931192,-0.13023448158829787,-0.7795229335124501,-0.5796280106616485,-1.4119931010373135,-2.3163759412783227,-3.5911093727292394,-5.22020529517952,-6.404572009112614,-7.041640804965715,-6.3777266624847355,-9.052579973396949,-9.383301650605343,-7.830861055668225,-8.286899166004833,-7.445849588427772,-6.364821989253211,-5.517950890406903,-6.295210440764313,-3.365366678996473,-1.8772612707534488,0.5826686789185954,0.8476767379620521,1.2323725312487288,1.778578136008813,1.2526955100653885,0.5447725461424195,-1.6168643406240113,-1.3637379069836526,-1.62340625773324
1.8847763378000173,2.652752613063222,2.7856606117597207,2.656878114823504,2.1635945632370155,1.1333164147628991,0.500464997757903,0.5016154530727173,0.3036416324682102,-0.8107503327434409,-2.283218960914013,-4.458853561832834,-5.8482313902680865,-6.927305221129803,-6.503110667554567,-6.786403627046999,-8.738017039115554,-6.835277337436503,-6.001252459346293,-4.757957621278619,-3.7689198416949825,-7.245675164991582,-3.8303988409664216,-3.134481931523323,-1.5474570335037492,-0.818588329672712,-0.6449791105215472,0.3096169792279228,-0.47320350831766117,-0.9017068186301804,-2.146250259393346,-1.7818850732001426,-3.2384206921943193,-2.8892687644192674
1.0373076195334474,1.3304506300976946,1.1784316416012452,1.842368973975928,2.077899903968962,2.4236826819792276,2.562618130575413,1.6505994987744528,0.7030093354222817,-0.012905033674823159,-0.1947757743146146,-0.8657612972893521,-5.061573204582977,-8.24486555196411,-9.430381344587465,-6.106284323459999,-4.086731244846612,-7.165685151253089,-8.30806182176579,-6.029072858740127,-4.002920239916891,-5.2343229032538865,-2.394042692448332,-2.482077683963059,0.8077202012937128,-0.6129615150951191,-0.7916113849017331,-1.3475650892365427,-2.923499783570315,-2.86428157465906,-3.462324994408159,-3.220530763253783,-5.163349142469126,-4.689898987003053
0.698513380463907,0.9161988685494036,0.21618636626937832,0.8772418853319854,1.610254947074741,2.287725814555215,2.739015009533159,2.424367024348851,1.716957496829784,1.7769064114463864,1.3566117710645091,0.35616060471643674,-5.060467028465659,-12.346414700881361,-10.041780014762871,-7.524715731996127,-2.891384373685074,-4.782350704844222,-4.082123178336991,-6.907447179055479,-7.635089560688451,-6.294265519915615,-3.9408440818862442,-0.813571966250505,0.26056769350359565,0.19145914464734884,-1.1987247306954412,-2.5208346338520853,-2.743446788322573,-4.371294325281758,-4.008313033269181,-5.440900625566916,-6.933665484405782,-6.715518448644093
0.041958379044574765,-0.21568395884225283,-0.44117385637761725,0.3182246313066158,0.8939212031979269,1.4308514066537048,2.0779513512037013,2.3053514541388265,0.8952807639719911,1.0408701921427874,1.0227191257276507,2.1746398419657433,-2.4255102317382353,-4.199772953934504,-8.600496139432412,-7.916661626512045,-4.38919060537975,-4.486786127405804,-3.670912585899402,-7.053799864373671,-7.430423050800239,-4.649004259434203,-4.509661244529914,-2.759347028776354,-2.5772308869881444,-0.7265783209859601,-1.394281078775024,-1.7976399647475,-4.546319525659677,-6.343442254901573,-5.3086772844200105,-7.186068103014975,-7.469296054009988,-5.785070508108273
-0.5841739810525575,-0.659335345314745,-0.26601853750405335,-0.46447913969454124,0.8765029718402038,0.47741773743031296,0.7978648382105992,0.6698599139587985,0.9072101990734269,0.8885238561944782,1.2887367231276705,-0.005247205093339593,-1.5318866091780956,-0.3332879449119043,-5.244043978694946,-2.9364037925486373,-4.291006482697839,-0.1410924337970744,-1.825369757998495,-0.10184131081911624,-2.294183218811654,-3.176555175537143,-3.159527675622562,-2.575637353705361,-2.0472761922862355,-1.7525872799377997,-2.112332787304045,-2.7297838947721487,-2.512056093960588,-4.770957442005768,-8.248059923876959,-5.660869878929841,-5.186201294993176,-4.674762758385265
0.21196143363303802,0.5370945794852545,1.0862027512291814,0.5820254083995192,1.1364893470161308,1.5504007282928924,0.306771598404956,-0.6010425825731841,0.11693096213304777,0.3028330362882312,-0.8212522968189163,-0.8505509114469182,-0.5444523430007786,-0.7756718829202548,-0.514305014223328,-3.269756739402328,-6.470014946033097,-0.019881990415015413,-4.541299588582235,-5.673332009206279,-2.9394110324230893,-2.614432337928416,-1.316845900250622,-2.599506437230673,-2.28449007232292,-2.3133865243178113,-2.1908747923717766,-2.84061642421433,-3.3156400260241132,-2.8876830060933263,-4.003531170575838,-4.254793950813094,-5.082092522260906,-5.420290650962245
0.2929837301934386,1.1351779104197528,1.0980161950190033,0.567728519406125,-0.3305586065275623,-0.40854241029313537,-1.1441743439415881,-0.18061392950054017,-0.6418182184247436,-1.7237071849348429,-2.146778184275433,0.1993792919525762,-0.9087899140259988,3.7593945745243986,-1.9113206052187266,0.0794377523484047,-2.3436077141334053,-4.457850595450326,-5.746578710268729,-3.358488989195309,-2.7829238341168585,-2.2526623308341236,0.5537783999222446,-2.6645873395572237,-2.6266648899869134,-3.109303530631358,-3.174382924310391,-3.8219576303753784,-4.799063044156266,-6.324833691575057,-5.452815136378292,-5.83341041521228,-6.288242960053327,-5.963822503861853
-0.6372064177599803,0.09964675000873637,0.3634158805212893,-0.8526627681225197,-2.0018917258115083,-2.007964006860675,-1.3976042751020876,-1.5062658327180547,-0.653698410185512,1.188650394906733,-4.313984677880174,-5.6369545749733865,0.009205258914894847,0.7578360831903994,1.8726548582483953,-2.551949655936262,-0.0043287605454996655,-4.015109394444929,-4.137455434831704,-3.2119033497819283,-3.1869870088532624,-2.1096483890486004,-4.0775372128417775,-2.518390993767599,-3.7816414220665777,-3.536878572667098,-3.8642396785193482,-6.422153590401936,-6.653543448020705,-8.092355662119592,-6.2799965033511995,-6.119132360200749,-6.734277557566605,-6.294213998056628
-1.369190175914099,-1.5184890087038907,-0.8018779814392113,-1.4552837958326046,-1.414755035049533,-1.1324043438867228,-0.6136928298132709,-1.1780503068333354,0.35848648293791624,1.2485264542982915,-1.2862112725888295,-2.0331774522602486,-2.08286358996722,1.1120902399751242,0.4502404764476256,-0.8998136754228211,-1.8249030127602162,-1.5511982897426395,-0.8280480219294274,-4.30146107056796,-3.161301582595556,-3.7441081037538737,-1.2406004050707147,-5.2258485135432675,-5.102848790501315,-5.4604553278299655,-6.77462031458467,-7.846896424732914,-7.535982252152037,-6.126950025219038,-6.434908944000579,-6.57373436715148,-6.19583682837103,-5.925602759976375
-2.581341536387285,-3.96328413552947,-1.6689709870104665,-0.27376730332548765,-0.1315663272323389,-0.005067808471831311,-1.7058990009291255,-1.4934410443784691,-2.3288284063329567,-4.414493563519597,-3.0564636044976994,-0.9219024737264372,-1.9297922981371396,0.9754260568855367,-0.1276116406447392,-0.369231057704904,-1.9183709382574512,-2.0308811831566973,-3.895442043107722,-4.092706737772453,-3.0123957302335116,-3.9481750795875574,-2.8578525851513166,-4.979660346755886,-6.1508255986374225,-6.337417587709935,-7.705359144474553,-8.36601702712679,-8.125495244367917,-5.739569025490985,-6.428167122958327,-6.157777025142018,-5.786675894460865,-5.930160772830628
-3.3656702502506977,-4.8963178445665765,-2.3904397962625876,-1.2253840235658036,-5.298341011931583,-4.898675352375432,-2.34920214218134,0.5339964649797064,-8.43843570702127,-1.5763999628324616,0.9108049423391481,0.978341029112437,-1.271223332360686,-4.066239078427742,-0.42272537101952123,-1.5891081537614653,-1.3202645564291968,-2.211292820139947,-2.424263843030023,-3.298998979750564,-4.007211302923276,-4.839953806363058,-5.156030772138001,-6.635912713583641,-6.979925198267459,-8.406585152567546,-7.9374768882018785,-8.326072675269693,-7.964724338337901,-6.496294964984641,-6.831272632738077,-6.61256905835805,-6.2277052787013325,-5.896179890014482
-4.801952922252425,-4.374721290404346,-3.8390348814387347,-5.084905858424211,-6.461547971754264,-10.642029713199005,-2.4499616658465997,-7.875270632153865,-2.3783044665951256,-2.6928862648924388,-1.4296084217897538,-1.0276092633278004,-1.2612836697284713,0.19686202010140047,-2.6396669991846657,-1.0195357285577522,-1.5135985537617502,-2.925311272419487,-3.9409566319184735,-3.2909957474474107,-5.059203165632413,-6.4284831874554405,-6.402989905409052,-8.067563532973082,-7.5803880138594115,-9.502048021078025,-9.216064945193342,-9.570982574361922,-8.091704809730864,-6.7408561357568155,-6.588066608013905,-6.35802619488328,-6.340802933914033,-6.331113266332303
-4.578664936544558,-3.9229418039126553,-3.822504032719701,-3.8042505492273975,-6.485291459106184,-12.17449621256247,-9.441117372470721,-0.8063574115137049,-5.584956443498052,-4.718644764841397,-7.676391568026624,-3.740429764759138,-0.9683950370376971,-2.294260390538167,-2.359281235354122,-1.629675867719019,-3.019607480658434,-4.802424912852014,-7.172012601493225,-5.132559240537534,-8.974560254101188,-7.389994419585854,-7.754499594946684,-8.473617045404106,-9.435921249090084,-10.420748355007046,-10.221038110441821,-6.311548548648857,-7.2367512927442945,-6.136968469961511,-6.310821750666969,-6.545165668491052,-6.515840336540158,-6.872339552744737
-5.67883894040922,-4.43271261555382,-3.353091121911967,-2.6894654615590294,-1.9900859632140204,-1.9599200850431298,-7.940284777475834,-8.124762662205036,-6.074543740812207,-3.41350676066806,-8.165606750216803,-4.3541857800813,-3.2923900495621936,-4.113012135390012,-3.905405168332602,-2.439438821196295,-6.688830059229394,-5.65909288526536,-10.311616488326223,-8.714275070922367,-10.707052416311546,-9.6038805306,-10.61373682428241,-8.960387846449404,-11.094190041997011,-10.746917535249171,-11.434415422503044,-9.628795844530563,-8.044442702601438,-5.871042443490676,-6.031945659159171,-6.258094078982876,-6.6057718014951,-7.497847872876095
-5.021669802036025,-3.2421873748032395,-1.456402115395448,-0.6689987257643354,-5.018028293321955,-7.933399107381593,-6.933003463547116,-4.027010425800617,-6.643026206096429,-8.932978812192518,-6.096049025677109,-3.666166030760688,-2.0996128159807674,-4.821663940678729,-4.832039818620711,-7.134039560972808,-8.612286189873762,-10.783153071289703,-11.378834910983258,-12.394670390908091,-12.54385201757846,-10.87417456491309,-10.943563222060073,-11.362254387650994,-9.236070464901832,-10.40658245533086,-12.017733685604624,-9.92817774721882,-8.371712261343871,-6.1302816947203,-6.622690376614558,-6.799124677400853,-7.243103820458199,-7.413731216549757
-6.806915627486686,-5.97489838835028,-1.4318028273414203,-0.4836425668930184,-2.233096127800168,-5.24019184435881,-7.463638098087182,-9.601562593610515,-14.478498648928221,-9.097419561923429,-8.679361668416876,-5.918887449368102,-7.144370972516747,-3.0378196849081918,-2.8160721112875544,-7.886669633098309,-5.765416380333621,-9.433144092493729,-4.326703624971572,-12.72472121068076,-11.032513444663584,-13.841469823448605,-12.464796850860655,-12.551579901967557,-11.306563108723674,-10.539256299407995,-11.828752892828026,-10.265337642133966,-8.025347716295249,-6.359901465743856,-7.000522758233448,-7.035864320854888,-7.644777024613679,-7.720477653869395
-8.394778516686742,-6.7615147465824865,-6.1213796956552695,-3.4565617053147935,-5.860118958678213,-8.308665871856341,-5.258287688994501,-5.599908864387503,-11.643418548295159,-10.164399875999107,-10.106326264898971,-8.361298441178237,-4.472170975902393,-8.199236175159086,-6.776566362606539,-8.20329409831078,-6.5246350992809505,-10.87585755200878,-7.974411357183108,-13.572327257526016,-11.744883650939087,-13.853415189392202,-15.04970126045973,-12.918802411749036,-11.11835946625475,-11.876118660363378,-8.99691071415539,-10.631816389875267,-8.173932750483624,-5.984979982489549,-5.9511106466860495,-6.037085107650619,-7.192180527487003,-8.844503541146116
-8.165360529159473,-8.297860289017146,-6.949379164102564,-9.139976000591478,-3.3486625414925917,-8.235878066734431,-10.48513005187612,-2.452030551497935,-12.95758235752219,-11.891986319484351,-10.619123207489986,-10.388516712595646,-9.999474588133616,-5.053412209686664,-4.35560614331565,-10.032290944669292,-9.50697958259215,-11.914236945438502,-11.578392972634639,-15.01384228331202,-11.783954877804483,-10.391132540606852,-14.5110953115541,-14.64051194781163,-13.945212564595064,-12.468383143733677,-9.808832323827708,-9.996825298599294,-8.92489843200174,-6.10525839266878,-5.395257757853974,-5.246955247463755,-4.953322512788274,-9.248971836665234
-10.958977943547364,-8.631430356775782,-8.045916934088087,-10.624601793713211,-7.6489824713864225,-12.100918563888033,-14.330368314125923,-18.3717223161428,-17.122006955462414,-10.615380518568989,-8.838372412163633,-11.950804646907317,-0.5100503172268908,-6.865784216322405,-7.909561462030994,-6.002638295747526,-12.588648504411719,-12.76257522335546,-10.491256781055137,-10.711921450547827,-13.310035441943295,-12.084748894979006,-14.905875417009206,-13.38527476586907,-12.761808397375075,-12.092415171496977,-9.331594987478269,-9.467197440541192,-9.479613150007717,-7.764921996753353,-6.218342454791601,-6.448266194158542,-6.236242207160127,-7.921275226304764
-13.634523696020784,-11.58582105911553,-9.519096832429373,-7.236381231217025,-10.866789089630098,-15.473549708829136,-19.148718375321966,-10.930220481725426,-14.208403158841667,-18.8225368956186,-6.701546028584993,-12.349855868332106,-9.896108393534867,-11.610196266616855,-10.294491595292339,-10.706200103165243,-13.964016544908139,-13.912920492113518,-11.316567739421895,-9.327899484257776,-10.991674371609268,-11.602051498596541,-13.045169189339042,-13.55538891203759,-10.485709710500188,-8.202498451661734,-10.08491915532499,-10.017895262919577,-9.941600084814716,-11.256198214003433,-8.924983257718745,-7.840979694727868,-6.716252454135932,-8.688897614469232
-16.202495361688676,-14.717000299904868,-11.76046365569734,-8.631934073592165,-5.775384263437278,-9.641091759685825,-11.287708690569668,-20.65380280009317,-18.540850366982756,-19.938397108457714,-6.338988552011546,-7.199234638381743,-7.720954990878082,-10.274704296993322,-12.128971154302558,-8.228363904602936,-11.98665124164745,-12.556542744430994,-11.131602972364007,-11.614215428925904,-8.758362627400682,-10.677510038616449,-10.098706044049841,-10.317963196862134,-9.698616992663558,-10.941521286709666,-12.31442026648682,-11.490689858267489,-10.62094937838613,-9.978257794402467,-10.054769082229408,-8.155098250102004,-7.9338343708413115,-9.42012051595277
