script/wind50m.json
{"header": {"parameterCategory": 2, "parameterNumber": 2, "lo1": 3.000054539987559, "la1": 64.9999836372058, "dx": 0.5, "dy": 0.25, "nx": 34, "ny": 52, "refTime": "2026-01-21T10:00:00.000Z"}, "data":
[rows 0 to 23 of 52, columns 0 to 33 of 34]
-10.157498669494514,-10.198772601744231,-9.805333013013342,-9.640413417652814,-9.90439820139639,-10.534722975220918,-10.790012324000651,-10.84654099862297,-10.80764979379183,-10.930583563370115,-11.167602770164281,-11.919238585286624,-11.787186762643072,-11.551178553796534,-10.688407551505822,-7.494871165002782,-6.376912131003548,-6.416426870081537,-6.707030591774937,-15.810969709335572,-6.254339129593268,-2.5514135690561393,-7.450405078471645,-4.858008563859961,-3.1325076456971397,-2.172187446919909,-1.5157926205163306,-2.7711920892130864,-1.375828664615177,-1.983558138168325,-2.6315233640490296,-2.5466637494589035,-3.6184146099595984,-2.1491969440357646
-9.834338258581429,-9.949174317165157,-10.039387403856912,-10.220606573203726,-10.162416108446608,-10.40863273613311,-11.16993565320603,-11.692759647051474,-11.738117274839192,-11.572528854585991,-11.43880737922593,-11.380375035725,-11.609628519968854,-11.938038064966896,-10.930783751456733,-9.09858967884745,-8.43209668371485,-5.147141657515657,-14.189541702585784,-10.169681202522462,-9.260405507838053,-6.237099681594452,-2.7418440925038747,-7.077456980317654,-2.4868219564105067,-2.4133623082421467,-1.938272713307554,-2.496994556333339,-1.818603396387799,-1.7892704183270778,-2.5666220330599057,-1.7109338903359614,-2.0907012692598363,-3.0419076392261504
-9.150919435446125,-9.33278480688026,-9.19267890493288,-9.222969255511321,-9.452252417757316,-9.824699918642908,-10.53322230849225,-11.076650945787211,-11.885883651387847,-12.299951368663724,-12.533732161018326,-12.13837226083415,-11.189459028798245,-10.300243284378016,-10.316750193620642,-8.295720975781647,-9.837874341819862,-8.133767930365972,-6.225523094979122,-7.127689493074203,-10.331268458099144,-4.644871924380095,-5.525891059475346,-4.35149530344397,-2.8671167246382,-1.654423188306202,-2.0963340991092787,-1.5042583013538922,-1.9820210814303716,-3.0188473740312545,-2.280988217590486,-1.4567543850907003,-1.9734819610563092,-2.7170392334743467
-8.29847292037568,-8.823804102659071,-8.968746283201876,-8.909767521547584,-9.094347052661504,-9.841979902715853,-10.272823880811462,-11.246615506468192,-11.887067585750106,-12.472640608997448,-12.792207952363986,-12.923599482269799,-12.6441193691741,-10.081780882338835,-7.984115908838402,-13.276954050688545,-7.2174190651698025,-5.803970553168425,-12.979585907852485,-3.9741864362071655,-13.159413634954442,-7.7405039445821195,-7.609145576295337,-3.3150541348175753,-2.339193251418928,-3.2198926782476076,-1.6666890726468846,-2.1186622073975374,-2.162778525375916,-1.7793028106492716,-2.1492649341440866,-2.863974145989818,-2.375755332287599,-1.9375861136185575
-7.374807365910952,-7.203395970087694,-7.3981617481688975,-7.869579702746061,-6.921684705750269,-6.802546344083961,-7.557515401312671,-7.9985615696047105,-9.092122775795902,-10.283417095636409,-13.326838393064198,-14.249768630636584,-11.386585372759281,-10.278038663569214,-12.009083693732046,-10.410147443238348,-8.689071066232964,-5.178978033883339,-7.7636221188703445,-10.33547908762646,-10.438577783237365,-8.68253610117351,-3.565323892927016,-4.048201814392587,-2.108854626881343,-2.2639192368073164,-2.576471921173524,-2.0938297449583763,-2.236031201083927,-2.0880230065075818,-1.7131628045977412,-3.668048976738769,-2.5147344835899186,-1.836125743262709
-6.605800091540715,-6.968966780089836,-6.4166472218869375,-6.456830591039843,-6.751296456035749,-6.623842179968352,-6.441184920572643,-6.740645092059518,-7.556453377999959,-8.987808673099543,-10.599051325923623,-10.448483807807403,-12.405123300949333,-10.251712337756482,-7.155460667730742,-6.460630090091186,-2.7874403443854137,-4.882918448473532,-9.24887525489978,-11.434842635193526,-4.955728681222627,-7.1025985413410515,-4.068820632295828,-3.159240871781263,-3.2446377760467233,-1.9113393639965308,-2.4433435873293545,-2.215667341856368,-1.6911393677888362,-2.766112578999519,-3.0792288231800016,-1.4582789703796992,-1.9911773681984095,-1.99619334878553
-6.882403304191337,-6.824381766422883,-7.018191102417476,-6.555324275486742,-6.665965572567451,-6.69078265475623,-6.167346686507612,-5.662423919759896,-5.220527244591011,-4.254871634365345,-3.369669382021973,-8.122972931064721,-6.685651649213379,-10.576075629230617,-10.682657121556797,-5.3183223236454955,-4.057474988367701,-11.752741456196933,-11.413731074434905,-7.513774498319521,-6.1079044633698905,-4.189577753064317,-4.851172347278241,-3.8533828587876227,-3.6515554310709386,-1.7480824009579286,-2.8011709098085955,-2.023888803563286,-1.6774612979976837,-2.6953965343304445,-1.3370977589960624,-2.0559082496765884,-2.720837473067283,-2.3322702328188187
-7.691631961032158,-7.052693419900944,-7.593229087592673,-6.956162372494691,-7.054859367077535,-7.112230196037416,-6.723140589433176,-7.082517157119526,-6.774971132278448,-5.786979172197484,-4.806090492042456,-1.3445935855648763,-1.2753518102776567,-6.308251508393651,-4.01737572328739,-2.0311598967872126,-1.513311638622846,1.4544564958542099,-6.367677075739849,-4.281136264137703,-6.641364256071155,-4.631755010759314,-3.3610373301449155,-3.4506959367647423,-3.1157416917068015,-2.171495572761189,-3.010128564094176,-3.696674245908604,-1.6485416071584138,-0.5426806169784624,-3.22392301326227,-2.125075725590163,-3.430376686216084,-6.686830877148813
-8.174555429324709,-8.518127873619779,-7.958371336165224,-8.322727074573748,-7.922620449211718,-7.85613136349612,-8.05768578793092,-8.086554362904563,-6.807534552218694,-2.8336383472030895,-2.6740250423252223,-5.25262612978283,-5.503806712828402,-12.00112345953802,-6.0326439779273295,-5.451190601842259,-9.492141620486825,-3.340404475476977,-11.22607074751321,-10.499690773439548,-7.361358334003732,-3.444532385117665,-2.6411378470087263,-3.2554828701564182,-2.8493474193988435,-3.007038667469559,-2.7839679879275576,-2.5020100117319966,-2.409781079605525,-1.691679893285664,-3.1979940334704655,-4.382851157974623,-7.258412948043918,-8.180599625244952
-9.060230441428,-8.729351146711485,-9.064567784415676,-8.684486236105915,-8.50859329535118,-8.651306748887345,-7.833827363757856,-5.289202316853581,-9.294749831173606,-3.1956753488736815,-4.420438017076985,0.7352916185079933,-11.906571299125531,2.447614494760151,-3.84942845501553,-8.417470657157061,-3.483666909273148,-7.578189488782466,-8.163617733071346,-5.38088581588825,-2.262486616141631,-2.2870605990703616,-4.189508027294987,-2.5671612755598274,-2.5563895657255307,-3.48155041469962,-2.1721424769311195,-4.125370568680466,-4.321965919250758,-3.614860129381892,-2.8020643908909166,-7.919080092758433,-7.875267801457154,-7.670454856811829
-9.659048618606093,-9.447758327893698,-8.67183909228535,-8.311116844975679,-7.407753046140361,-6.2026114663719305,-2.261400173602708,-2.6940490616026294,-4.4587006884301825,4.3754055032717245,-5.614966244367323,-5.2590908790979585,1.124608737457028,4.364327221783785,2.685840383072338,-6.240582584917868,-0.24334159555024543,-3.2499863182101065,-12.185390820271692,-2.2770603297449887,-1.7159255844934074,-2.736129815884425,-5.039061277923161,-2.612762209723423,-4.123328907166109,-2.3854432767696667,-2.074555827940963,-4.778682524000075,-3.0672987680222277,-4.5282748478635595,-7.561157345114579,-7.891995684738746,-7.545777770284686,-6.404200671028349
-9.189818371881787,-8.859975478553595,-8.28349856362378,-7.6257584844060515,-5.999640585782789,2.349818164639062,-2.22499423868307,-9.509139522559142,-1.7881204304376614,-13.289400121015737,-8.16116950113691,-7.582944611818443,-6.566266838572886,-0.7517743116020302,-0.4596816935221157,-0.9731745647123489,-6.950715676850542,-8.07576926258945,-5.039206074584615,-4.714304835341068,-4.0251578552703995,-5.149723576546551,-1.3451370283112252,-2.6911838077259262,-1.0707867423072104,-3.1179624913067787,-3.1035659582053325,-3.7506780996575215,-4.073980806844541,-6.953849739156766,-8.644166787380374,-7.585198091066203,-6.801120824110744,-5.901334693915694
-8.809960199517164,-8.170164546215753,-6.728972279577202,-5.476907046264563,-4.936630559016954,-1.4880046392345154,3.141367437318463,-6.19051452735075,-11.072153152570538,-8.059132888856162,-9.428315992424501,-11.110248132197516,-1.5653829826657004,-4.203132733922364,-1.9189044890679336,-1.5988680878831023,-2.5557140492944503,-3.463958727621323,-6.013048400071216,-3.0980520626037436,-4.188935815998247,-2.355612712750501,-4.6084766397486066,-3.213782753375175,-0.8958284319415762,-4.456583252613113,-2.721989119339006,-3.9273137492381935,-3.7499553838642745,-7.605440541321432,-8.111525120158232,-6.71962233005485,-5.159087747891199,-4.658064777192307
-8.110337570819688,-6.76000040065746,-5.050562136129504,-2.6189847155678887,-2.9326268414931196,-4.2842612725247475,-2.0414906536122883,-1.0515983273305778,-14.794865461916766,-7.393738240685517,-5.258152117441307,-6.586445872023642,-4.862123575174987,-1.6286056226838266,-4.728598147881594,-1.2629210895196017,-3.7357883524438957,-4.926043231834985,-6.477170068674043,-4.107880251419648,-1.3134250972268213,-4.399996468202594,-2.7808956269760587,-2.9277948322746217,-2.296969630828736,-2.700137975107903,-2.5140200893738824,-3.008296409176686,-4.461626806074358,-7.187528143934186,-7.160722795741956,-6.737265506341038,-4.823269011368826,-4.732344061162123
-7.517084131374124,-6.4102872578832475,-5.434023993690982,-4.979555246050385,-6.215132679106805,-13.394655368710678,-2.434833931987122,-11.206152738486214,-3.5491004697802366,-6.373060176372579,-3.2324465173617565,-9.320543711057496,-0.3580833621951374,-0.8011584822502081,-3.8957452617241146,-3.9340150261088245,0.8285963860204764,-4.407221470564092,-2.2905402247853326,-3.67233874153284,-0.27883155998462855,-3.455800370993525,-5.674159087498879,-3.7176579588993413,-1.5785710859071627,-2.6104266548086614,-2.4060107406770372,-4.43078941805774,-4.332763381430908,-7.678703423770957,-7.119224586961146,-6.994983330675323,-6.433346272002481,-5.407679831287669
-5.921968145923423,-4.467083361462436,-6.446191454482044,-5.273075872115549,-5.519808597144008,-6.752368019308362,-11.036063412636503,3.7710996915800017,-1.9681647896808458,-7.6507474114498075,-9.86211830782971,-7.393067769077251,-5.735596383176753,-2.597893495299464,2.3680359301216938,-5.251219629403312,-3.5247356169823436,-0.7910734351301687,-4.418223574657084,-4.36940021293381,-5.345770357331387,-3.4029497265976496,-1.7896551784667405,-3.7412938679599006,-1.0666666363539612,-2.199351554932018,-3.4786519954817803,-2.8696039106513624,-4.906627724710608,-6.754430511519754,-7.206051678142561,-6.722679301928899,-6.7178707743948936,-7.115825358955725
-7.1277311062845605,-7.097786847333382,-2.7622778666542898,-4.427115736305565,0.7841755221290628,-7.106794429284334,-14.081185679701546,-4.2811899636249775,1.6963737315836216,-9.063255838621966,-8.346586794120835,-3.9149038272594834,0.8262797906927432,1.5273306183080821,-0.38050382493992185,3.5086363289958924,-2.270964613100816,-0.29729150284941713,-3.785322877458862,-3.756335169624914,-5.7963113002930715,-6.310619505673703,-4.740735424798261,-2.15293699006211,-2.490540357534017,-2.1727683041737826,-3.809644448936903,-4.247255500001404,-4.9451942823736585,-7.135820718019127,-7.777926230487884,-7.6577651835088725,-7.654164238080529,-7.793999338819719
-6.608351638894894,-6.409904834870826,-6.158451494505931,-6.668785513380114,-1.6738376860865247,-4.587599958192848,-8.63407803158702,1.3788091189717184,-10.061435342461115,-4.23724186891797,1.2903451851098102,-7.004418292189888,-0.6530911388505967,-1.548759977346919,-0.5454482114930459,-1.377978278487751,0.3042669597114892,-0.6625632503983171,-2.798648414542164,-4.2028975949307945,-4.257139423607748,-4.186141806739072,-4.238978026724566,-3.895396547480007,-0.7380354373009127,-2.2673417292725575,-3.891446377653496,-4.729667343261824,-5.496415134527364,-7.417641912005139,-8.130412903966727,-8.957393403340514,-8.778894557457926,-8.40942923664375
-6.303295214811275,-5.6398651232612735,-6.268538662860084,-5.70709196957469,-6.3159643203094165,-4.240739993345916,-7.626131167058001,-5.144607751376731,-11.592734765864156,-7.979012589109088,-7.516877046180583,-0.8854109171118469,-3.3741896510802354,-2.699270805666079,3.029750565678517,-1.216683786397915,-1.257451035729075,0.018060992970636073,0.7834250732094116,-3.7225202837104785,-2.9078268476163687,-5.228384314011835,-4.356896485327871,-4.29853876823648,-3.5918451953600803,-2.1338605797384043,-4.017548970025721,-3.6774152478927475,-5.100781551705846,-4.316563376047881,-6.361556651252104,-6.400390566640435,-9.014508134879915,-9.029559740262815
-6.905159993867699,-5.841309755805414,-5.616277389591355,-4.479726877819341,-4.035961447653199,-5.693761416212674,0.2073622246788996,-4.87563003340823,-12.248315398669888,-7.366262327497842,-7.563965407110654,-4.001475152926469,-1.1467252436020623,-3.564095371121539,-1.8236303543657582,-1.0789962288298023,-0.442119218685825,-1.106877154890334,0.5924014093315181,-2.9166817581233455,-2.9825331817338996,-3.2789942524230886,-4.618368974965916,-3.8427457981206565,-3.8563646413627857,-3.0040735589176357,-3.7464203192407264,-4.356526476552124,-4.307184477464529,-3.5019989448787263,-2.8211926716754445,-4.110602618198384,-6.40942931770142,-4.0655886235799406
-8.450528858584189,-6.652499221475924,-6.100009836996369,-7.09259693477202,-4.913062604194638,-4.588434687151043,-7.060377985845626,1.9684512626615729,-9.718268609380571,-3.308604694857271,-11.35084008275389,-8.251913536866297,-6.33528061807259,0.15589167765154344,-2.3547324554853577,-2.2264527849458973,-1.6779582300013718,-0.27145275092271925,-2.0793030012247065,-3.2151355342501566,-3.305450442596941,-3.372258680168215,-2.9679525040217642,-3.519206204353038,-4.5251935639188465,-3.7280659720964153,-3.332483900677266,-3.226351112753211,-2.770486028008491,-3.0821129871655772,-2.9598381168149643,-3.5024284938679267,-7.242594001830581,-7.999408286032169
-10.003313338234411,-8.694867158825362,-7.908800902158138,-5.759251225267108,-5.137335305554072,-4.091209907574676,-14.06521950163563,-9.654524041040458,-13.605043995470288,2.1122179600904896,0.34738858741987316,-3.2920518897754913,-0.6378198988141053,-0.5090109527315179,2.01247906304205,-0.5087411646559923,-2.4565670941994036,-2.9122299489902135,-2.8724690168875933,-1.8189210580941773,-2.979410532844947,-2.4166118193980632,-3.7089167014685427,-2.605222969844241,-2.3837380882346673,-3.398765554579591,-3.757073691703263,-3.91319179437909,-3.788137236184952,-3.983349840938473,-3.9916172452153056,-4.576450624583723,-5.561799077734049,-11.409966975910143
-10.773183066864021,-9.03618230318309,-7.896150828373547,-6.546121017265058,-6.8578730967343615,-7.330524187160007,-15.201072712513637,-10.16247939025364,-10.052431184786728,-21.19705203358304,1.099589423459937,-7.319596985256365,0.6236386800797712,-5.5416034671159045,-3.944510712794301,-3.976661784976609,-4.4013613439197465,-4.10995942570092,-3.9719727321968654,-3.913754483808161,-4.254061424168363,-2.42387846037131,-2.598832455388912,-3.4764935134142543,-2.7448460634782634,-2.4082741545021435,-2.998181362115081,-4.394920286756214,-3.2247070400848648,-3.293702219871977,-4.668038812548916,-6.268254705397658,-10.234566157995273,-10.809630903574698
-14.476693631894715,-11.656301789207106,-9.279128748225766,-8.073549053099736,-6.069632116056546,-9.829468078515516,-7.621188540889086,-24.649892880652423,-19.665944836882453,-6.136377091395682,-0.8907218545459678,-1.7220992975378755,-3.8213602213472733,-2.126240814071863,-4.962726055120247,-5.077155377289074,-3.1999302049602516,-4.50894779524886,-3.895675614092395,-4.377000208784066,-4.477976157808988,-3.375547246172029,-2.9299032964075145,-3.6094745730212776,-2.5097583425661703,-2.6329287044285556,-3.7940835103264763,-3.971821787521283,-2.9229371887750903,-3.9330756613324827,-4.743535195669594,-7.412089114839673,-11.989300030052426,-12.163836787597972
