script/wind10m.json
{"header": {"parameterCategory": 2, "parameterNumber": 2, "lo1": 3.000054539987559, "la1": 64.9999836372058, "dx": 0.5, "dy": 0.25, "nx": 34, "ny": 52, "refTime": "2025-05-18T13:00:00.000Z"}, "data":
[rows 0 to 23 of 52, columns 0 to 33 of 34]
1.9835510295384613,2.0598884210744743,1.9563392178497216,2.2045037878428224,2.268839167103475,2.1947023162539145,2.3748597468105186,2.6037099677561684,2.325164766692467,2.861601549490158,1.1936386838126862,2.0322968494145384,2.3450396483131883,2.3085768080780658,1.5663801031947648,1.5289638171039848,1.253381776901499,3.0805643680564203,0.1388291908730928,-0.03946720395058809,0.9777339097060345,2.234305310468358,2.3647084416298894,1.8726063016909045,2.2062286562517204,1.0204897350041107,1.4957002201737293,1.2595276904449109,0.547217136745948,1.125246993862547,0.46405964064329996,1.3361058268794481,1.1558793389096336,0.4664618746843194
0.7978747972979482,0.9802227319858425,0.9660022163179535,1.09206381205131,0.8472240529943387,1.2811564181423736,1.5540087076100764,1.6509298490911928,1.1419776898524734,0.9012185414375519,1.1963211351394,1.8558551789557536,2.2314079771631654,1.3186784403743876,0.7244252316202698,1.112475812813852,0.28428999840453767,1.1363596385830252,2.519375462980749,4.1271817114413425,1.4124751873913808,1.31929007278207,1.2585552568540546,2.387927128304036,1.523467368957339,1.365464981028475,0.13726258200793875,-0.052344684433508905,0.5823814831688224,0.20221484699727743,0.3391771275882052,0.4939156001127273,-0.001670256908886002,0.0948775875586491
-0.04088605557485128,-0.03649461951377535,-0.0016652119602959697,-0.34188816843346576,0.4354073951317792,0.32829389919246516,0.3946325880713755,0.4535761409990178,-0.7933572580398784,0.3638499911609558,0.7238860930281199,0.8369841537918298,0.5713001401445121,-0.6246856276066834,-0.45802666995948527,0.6489101072024337,0.2591015643184415,1.844336487951121,2.1068781446528795,2.052188345334631,1.5749639509917115,1.2493213527768452,1.0177359305053688,1.7797217807321988,1.1684573932752518,0.854663086100237,1.5908397270570163,0.2643346212853915,0.49493493804087596,-0.3963395062927688,-0.21517245349283365,-0.22986430077459102,0.16698710567006111,-0.548609694584106
-1.3126163789907555,-1.6251856969334397,-1.205194736534948,-0.8707261085122375,-0.8256854746803195,-1.2017734110413816,-1.5508450104239835,-1.3076774766839396,-1.140236903356243,-1.013286118339921,-1.1422110050851344,-1.8666806306842105,-1.9483607217713685,-1.7794340704225893,-1.751123358060289,0.42626887951533116,1.33925245358612,1.031216878349133,1.9844582569704667,1.5640972151166255,0.04517556516451451,2.9336727999632553,1.1552942809053584,1.47466542998735,1.6531702065426805,1.1522349081977832,0.13618428681249853,-0.2101235498952203,0.497439819146336,-0.4078233174104975,-0.29048142667498744,-0.21715792079823562,-0.33104936009428826,-0.3914240249647432
-2.277012324181378,-2.13499652399811,-1.4080852153807177,-1.9043829614621324,-2.7876034111486745,-2.2424328025408298,-2.459607384339331,-2.54723704098223,-2.6311946705872304,-2.6247000116843293,-2.844590780701725,-3.4272682595874575,-3.126718687542544,-2.7485155175799054,-0.24017457531736194,0.7261080865326078,-0.7690057245691407,2.1494909536016285,0.9186127886672194,1.6094465894092378,0.7585938768848858,2.716574811633401,0.6480634869542446,1.379031974415308,0.0473839019636585,0.6263663046548432,0.8843239253941623,-0.014893365019705,0.03586172959683498,-0.08153512824809177,-0.42883139635308076,-0.5561401781818586,-0.8667661882033418,-0.8307574873028076
-2.8930069557305753,-2.290132453310742,-2.9587640379472546,-3.6068243009827623,-3.1661378559595303,-3.590611948363426,-3.4883692136444155,-4.0380020553895895,-4.099553742633084,-4.290557440505368,-4.251442545080512,-3.6807935081760306,-3.277154155947373,-2.4414142606950873,1.5059112986413339,0.4164443639569353,-0.22381928768810508,1.6139098964381442,3.0954899097815676,-0.04305223636171526,0.34739113259990584,0.9262319110556515,-0.44076124188153476,0.8613122165614652,-0.5334455625044194,-0.24457269022630226,0.24153268536249847,-0.0625184082920516,-1.2054478172083836,-0.2997164059349108,-0.8968931228226202,-0.6600644535898949,-0.9112871278340411,-1.0973072659023144
-3.515313451705543,-3.842799234945752,-3.7613509707048145,-4.310810269974714,-4.546143391420691,-4.930443007517744,-4.641671348473495,-5.045066190966648,-5.34444072558092,-5.344615805212944,-3.512946099300116,-2.6369384049393276,-3.2367581624920057,0.11427296170340141,2.5387167594385245,2.1180814225851736,0.07130668987168992,1.2373594480930674,1.861615139534551,-0.10921254554763754,0.8334189957650558,0.8705880962841456,0.4009714472374613,-0.504169080063992,-0.6302384630677222,-0.4344416161273548,-0.30957423774604986,-0.3123173168755191,-0.3415097672872346,-0.499737838259533,-0.9478417129875948,-1.30200867841696,-0.8948970042779208,-3.628720637607843
-4.883797306330783,-4.619630925966,-5.188833113931618,-5.4403983184243385,-5.489223305725716,-5.7758523270752145,-5.944965860714795,-6.004856779971214,-5.77528314582025,-4.079529550468429,-3.477569618651463,0.48301690731073965,-2.0012691810997865,-2.8067192353061827,-0.34901968090221897,0.4665192275321211,0.0860935472985991,0.8007677904854518,-0.16480179430658692,-1.2039165881988299,-0.20455592451852106,-0.3132753443066121,-0.6389869446345096,-0.5783439545723186,-0.8742390344586559,-0.649031749234745,-0.6086733040896931,-0.9105891174444117,-0.6823546348992672,-0.8999912498541232,-1.0527670926807953,-0.8685228610443452,-2.632077572165038,-7.731514963482028
-5.224885108923331,-5.708850572597869,-6.139153147535455,-6.415617768728809,-6.577575890190511,-6.637887482926322,-7.138590915538557,-7.286526233099534,-5.01940592791555,-1.4928851474114269,-0.9617737034808785,-1.1254228449139239,-1.5367423594248004,-1.1593020942934518,-0.8119961420098544,-0.568928838714791,-1.1146939801141866,-0.5210208106745753,1.6644338460282952,-0.0015526362526531179,-1.5623760979300994,-1.2581207531548062,-1.0534859110869097,0.04836386136807702,-0.7032247395442044,-0.5669216741507076,-1.1983665492153746,-0.8010929595694263,-0.5693740290697332,-1.0756669121826752,-2.111800574968847,-1.937718261744301,-6.252281504986965,-6.973451499648981
-5.8743144445104605,-6.528285972076674,-6.870919239841373,-7.154765635455604,-7.403423565309444,-7.168518120416067,-7.117195074044836,-6.002375999611092,-1.7662096044497688,-1.7594226864868432,-1.4603398600774982,0.8751057460667685,-3.071538742198527,-2.673961863889303,-0.7443300754270049,-2.357397580211427,-1.1451166786837759,-1.2264035163795983,-0.043592880763186966,-0.04595685320264859,-1.8953033730340472,-1.7295895413370426,-1.3881741948696138,-0.1707908058903664,-0.683183625782975,-0.9198193442125454,-0.7829675315783415,-1.0177545660186813,-0.9540845077693069,-1.102134310582744,-4.481726778935539,-3.576272609138275,-6.6862950507653895,-6.633045621604435
-6.649247724586385,-6.999640456765574,-7.452520905036537,-7.568330472891306,-7.23374739104771,-6.848151868879593,-5.174669345975227,-1.5081923313701622,-3.1817266161813693,0.6493308257304942,-2.3900681013710203,-1.4369204648446685,-1.8267309026091025,-2.959457358531178,-3.887811130870451,-2.09277159706504,-2.0038951597997583,-0.7441497070362539,-2.78471361745484,-1.3562782205416155,-2.021400447639587,-2.034996986305761,-2.6035739470315473,-0.7770553492591028,-0.9392009117955378,-1.5982182444636546,-1.4046620871036406,-1.2237044088170763,-0.9498899310955516,-2.6572859317807596,-4.369454128683689,-6.573642346064253,-6.973204688609423,-5.548486320266826
-7.16822609676368,-7.274529969360338,-6.911743841002964,-6.314135267731615,-7.245847242309525,-2.497881874461673,-1.562209922719728,2.1302829504348173,1.6159445929943859,-4.718968843126114,-1.9980486032964297,-2.6575537992508123,-1.6717454232276583,-3.5191489413362937,-3.0314592025919604,-1.430667173228389,-0.9483060719792247,-3.661188381288363,-3.163193565268749,-2.447855507010915,-2.3943415060968474,-2.247403748131095,-1.0193407463132225,-1.6511733864445235,-1.4064947298133714,-0.9482510034544747,-1.3942564635061199,-1.4686633093907795,-2.382790805343766,-2.4760915146413467,-3.969063582551132,-5.559696939339811,-5.856090847548419,-4.6939887345274665
-6.960450102072475,-6.805692444641841,-6.626173733670323,-6.255988919032907,-0.8557905149251096,-0.07053626984394248,-1.0154791258049451,-2.945584463871788,-2.5296719430921293,-4.9905805445394975,-4.696274588708429,-1.922283136779041,-3.127295678338829,-5.691306360049098,-1.612385013832238,-2.240334915086222,-3.448728038582168,-2.832762864289342,-2.7574472189846295,-2.485847085190087,-1.9785696570600508,-1.9435878269386824,-1.9762415193426108,-1.4140647094900742,-1.180151601210048,-1.0513092195296363,-1.1043603964402733,-1.5154388877760514,-2.599483128903935,-3.744765042304717,-3.5275013804906674,-5.528820669017745,-4.533975453966923,-3.9176584338145157
-6.328515384108489,-6.072263394922306,-5.642779909177172,-3.077307114026163,-2.382384255378071,-2.9381388749141584,-2.784940017706904,-0.5984822670416187,-2.665238436538782,-5.268495109451087,-5.356299701948266,-5.542639814264848,-2.3390381244190914,0.03970529511428465,-4.039728215078206,-1.2849871414652232,-3.592471524048578,-3.5092326564324856,-3.925780051316625,-2.099381327310459,-2.2381592209409735,-3.719721454328255,-2.1102974221638258,-1.8490715665182031,-1.5395085137490487,-1.7061457035973016,-1.5590368153461809,-2.39747479113084,-2.915880213593215,-6.019442965685259,-4.04659544291917,-4.636132711715499,-4.2492789379189,-3.052520706425537
-5.819283406115078,-4.768210657166237,-3.357493608669313,-0.7466031375046176,3.085353891690256,1.0669406298732114,-0.4604606871384432,-2.4543017620861836,-2.986008421001487,-4.5686636557275575,-2.2791953817608177,-3.950289790373654,-4.380729335111539,-2.617401805226937,-2.0283357448903714,-3.892377748607933,-1.775849112681031,-2.4862150951942223,-2.0852822840966376,-1.867092358268644,-2.03955833073022,-1.7227050203770453,-1.9877855778484583,-2.252777187995159,-1.5205273087188462,-1.3494353182521899,-1.7001378713975928,-2.3360634475170676,-2.3134803185628128,-5.758680672767253,-3.7192026992509213,-3.760915896062571,-3.4564716122886434,-2.1420039528783605
-5.132194192924289,-3.5503894586047373,-1.9557004389148946,0.49051020299429027,2.3628992771980535,-1.4476136415665448,-2.5538949624842044,-1.2634378573940226,-1.1136446731149734,-3.3677548911868445,-2.90181435170354,-5.332006533183701,-3.382461859338418,-4.357213782046793,-1.7737073211209782,-3.568940567154871,-3.8656715961955244,-1.1060781734094765,-2.3640222237527952,-2.2398485719100485,-2.3907359439125186,-2.481895591701154,-1.5559865417560934,-2.1334211539863164,-1.466151698971303,-1.7663965441741294,-1.9696885146877925,-2.6491105537750936,-2.4052742753962013,-3.9153696992381817,-2.908664145211141,-2.674589356249071,-2.83960268151869,-1.7892436544636945
-3.9649970628692586,-2.3298314074285837,-0.7498858957590221,0.4495868796622013,-1.5433319787320814,-0.7522423337859219,-3.232524399319083,-1.8351075698364296,0.2530787815090946,-1.337945013771111,-4.13259766110571,-5.6048429577600825,-2.3973123163237875,-1.70412638498501,-1.7220433201719068,-1.3946978406592694,-1.9400325127338265,-1.491673741781644,-2.89278491006908,-2.3619364240663137,-2.6015959636473127,-2.794412862881065,-1.9084153686387848,-1.2240273277539704,-1.7820905251211223,-2.0166042686548926,-2.180357369779511,-2.5954813062149795,-2.574884890889179,-2.573635227691792,-2.8860728729621057,-1.9261423246326053,-2.213646991797111,-1.0365113210054602
-2.5914497539466828,-1.4169553373264823,-0.05880526398877358,0.9664565957530544,-1.5300534631343352,-1.6032989524564956,-1.9200979665925038,-1.0738659752285244,-4.9725282411011085,-5.044596314519684,-3.916386851499382,-4.382556014373948,-1.467073922604156,-2.6600631644463926,-2.36997983930139,-2.839820908933375,-3.555142897514842,-1.9620216171962286,-2.2112188495735,-1.9890057340303766,-1.506326627761089,-1.7317558351195899,-2.19460212507613,-2.1037207885160507,-2.222901965654872,-1.8522009039722,-2.825797994140615,-2.174857184265048,-1.9969612284734441,-2.3078830304341067,-2.7895351175535392,-1.9258680829035653,-1.5266601628850647,-2.3937486587516057
-1.6641445870450928,-0.03509275922838468,1.0941343874263225,3.081199446084447,3.4078467390195675,-1.065996694110868,-4.506556092591022,-2.544351796957256,-1.821573184515987,-3.7098384151427792,-4.5179215144828255,-2.3384063199510385,-1.6849610023184858,-1.8256413701853818,-2.8590290225488264,-2.014214244228994,-1.4892623615241054,-1.7035032072846625,-2.4859380937553017,-1.7959191677888595,-1.8457117611690663,-2.5956309447406696,-2.4283199483618025,-1.7757000467756479,-2.0903254623665015,-3.0563788200357673,-2.566535044789207,-2.7564289398254336,-1.4290978823632978,-0.12224506443062928,-0.5406890613265558,-2.0505129901011743,-1.84271052182153,-1.5204258185419912
-1.4991544726906956,0.27530994455492375,1.7920838136458594,3.6795430109986427,3.09931469622644,-1.8422074505612462,0.6086866586209247,-3.5992795202887713,-4.2389595511444425,-4.220628185933482,-5.122550841110164,-3.8645468345719785,-1.4141196374516563,-4.736079646939788,-2.2765476266007916,-1.4999352601699218,-2.064991330465558,-1.3398500389273462,-1.4194042212964395,-1.8685715472943947,-2.3631127901979365,-2.316901369914111,-2.3057632712920624,-2.5655484178803705,-2.6761133507088646,-2.443702047754577,-2.8527624408838497,-1.8914015719043098,-1.244068219505538,-0.9518140201042219,-0.30787935731898736,-0.4109294892430513,-2.209727971915278,-2.2681589743856114
-1.0229386550575423,-0.4647844584880521,1.342024114329111,3.022607324140268,3.242572162664508,0.9165225840447657,1.6996830275629073,-2.5400743910611383,-4.113531748450465,-3.9664114093568044,-4.404775634100948,-4.076560364925032,-2.617715685658068,-1.5513549584200017,-2.8009479353026703,-1.844138867421235,-2.2448836876324982,-1.2819945046356176,-2.273809906440066,-2.343649560289649,-2.352406909795954,-2.27327232643355,-2.667413362370645,-2.888439207602734,-2.6941612724176154,-2.3076411915365713,-3.1660397259184063,-2.0393576006813636,-0.9852600699213515,-0.569624123929557,-1.1041175093752005,-0.7000680186110169,-0.5997255271961683,0.9623072333164229
-1.645365962967093,-0.6616629133910378,0.11365360640897035,1.7465452538894888,2.7042779434107693,-1.6702473005248133,-2.05123345457277,-1.4619089218808812,-4.983605512842834,-2.582234151679005,-3.601562998490624,-3.6005525710234374,-1.045079891682342,-2.4223053615638057,-2.3328705670016827,-2.151616906287186,-1.064243066792556,-1.2596932636747227,-2.1660993873424,-2.2014929270687396,-2.258091937749158,-1.8109753854333455,-3.061625246509694,-2.603155854410204,-2.558936129495969,-2.8475476598438094,-2.299694544761688,-2.3514590045284454,-1.9241934614691354,-0.9796126600988175,-0.7208085820798283,-0.8374002471315756,-0.18814554521279042,1.6782186745217427
-2.094777484508488,-1.6099857524371892,-1.2438348613208208,0.7638180894027928,2.1944708947828295,-0.5914735381180543,0.05342732487922395,-2.8687298867566002,-5.749576948725156,-5.479784787828932,-1.555655314087551,-1.2105530579357857,-2.09628652857439,-1.7123986775512783,-3.0521283141227324,-2.975165991583503,-1.5526609540152998,-1.5766806721651094,-2.1144632437118407,-2.8430205310477548,-2.1429306491670084,-2.5865936410768313,-2.49744372106777,-2.6011933494660857,-3.0702208823110184,-3.328262307335118,-3.3751502574292838,-3.085104187385331,-1.764661528099369,-1.6940235892562607,-1.4225658187356967,-1.4971813945399848,-0.41226440243212836,1.6365344678960978
-2.0422668218426256,-1.1931729749963718,-1.8613288908307732,-0.3694719054731007,1.3956979211475284,-1.0998187136875999,-0.254587361668836,-2.4842853445296242,-4.971034497764171,-1.7624123928965327,-1.778431280857321,-1.36939621405632,-2.1911791266117335,-2.1233554845902596,-1.9069674170501654,0.061561827324754445,-1.8802352755083265,-2.0181671302213484,-2.0495753797326923,-1.8936124425392469,-2.0504865996658315,-3.778700434882653,-4.22772451054143,-2.445178387599601,-4.481950121005674,-3.0909641700710546,-4.18073374978748,-2.123424363814872,-1.5889353361292062,-1.6058289177588594,-2.151892915676499,-1.5686762563048593,-0.9665244770858474,0.8329103331274842
