script/wind10m.json
{"header": {"parameterCategory": 2, "parameterNumber": 3, "lo1": 3.000054539987559, "la1": 64.9999836372058, "dx": 0.5, "dy": 0.25, "nx": 34, "ny": 52, "refTime": "2026-02-19T20:00:00.000Z"}, "data":
[rows 24 to 47 of 52, columns 0 to 33 of 34]
14.859373699129259,14.273398705352857,13.764755883919022,13.403113940707604,12.167888591921285,6.739117429765922,1.851941420748737,9.370477759484059,5.458151648059605,0.9798926445875582,0.2562595969591885,-0.841936685752957,0.7095559313598833,1.6196094433540964,0.44578901319550374,4.0330315488150115,3.2549003001586514,1.933704685567032,0.274088429208851,0.10216046291454224,-0.31554353791439566,2.086898078283899,1.7023792239513584,0.7693979315896236,0.8436593219841266,0.16212435156338517,0.1793499254047901,0.7551402239931578,0.41182971881281905,-0.1877753013045335,-0.9866641719606095,-3.977613454227877,-5.953934815566173,-7.074836285169897
14.184309539545907,13.832265731011251,13.059048676996298,12.876475093053124,12.841631360663074,6.7331307932104245,5.129465205954139,0.1307400914146339,1.3378543489974097,-0.35342912024219975,1.15454647247527,-0.7562403916418772,-0.46153138519043724,2.916592559226227,3.924234842335251,3.9753894819812854,2.9191888494000997,0.46176910129121346,0.647533353037382,0.4774193159500913,2.5788629722207395,2.9305533263992682,0.3845803494229125,-0.3416189520694953,1.2054107249130661,0.3757452348350145,-0.2642865744445082,-0.5318031388789685,-0.8304567468213593,-2.0199318253829595,-4.837428809198518,-6.426294300476669,-6.890614489320622,-7.7882674371853975
13.685099571300636,13.238640706244299,12.284411761191224,11.98904985990318,11.426172390619445,8.42915693188605,1.3560206180027996,0.5217489181085364,-1.5144495579552022,-0.21480309659947913,-0.7756237636471798,0.6107436934417403,0.7783597575833305,4.010640518539328,3.7928844357947544,3.0503159205667423,2.0375185074205198,1.0069572105877733,-0.47590478128445285,1.0438030054623835,1.7590206884792443,1.812996057992218,1.4169909026133911,0.4705755446896884,-0.20486870656623518,-1.0435114464656756,0.34835351257821534,0.8515264965235879,-3.4070786550077026,-5.2497985673198055,-5.511127200506724,-7.089992339649023,-7.282304435453146,-8.176400622058717
12.912957944955224,12.397216081184956,11.988471947227069,11.501579896845564,10.992753503017163,9.384797521003268,4.795490641432569,-0.598336928148526,-0.08037739862480388,-0.6017339544630318,-1.3954387276172595,0.2215680768856298,3.07896041193852,3.002105984858421,2.9317829157091055,2.7771915520259083,1.654679815446314,0.46138288330419097,1.4673593466524706,1.623545633658078,2.882420913390748,1.6606572776105821,1.0829560073726843,0.8076892957085243,-0.4857504520195497,-0.5337431389736842,-0.5833309224827921,-0.38749548438426906,-3.461472926348299,-5.784821460955556,-6.025954399584741,-7.38203961035046,-7.564555037278151,-8.478322908427728
12.28422339217335,11.878367701529175,11.617228089557024,11.347433069085984,10.579748361959062,9.516920883598376,7.7931584484429,5.832181443680814,0.5134734956654414,-2.020018558007615,3.8765355320988046,4.273821264731752,4.128746048697895,3.911332631798242,3.196403945718135,2.4639834655499397,1.7951607094837845,-0.02672179881788788,1.2786171750687965,1.509266720910645,1.5958403679270678,0.9060335535845966,-0.704760386414701,-0.8518971950287311,0.1777056255182306,-0.24397396621039077,-0.8868465759404386,-0.9881496822677565,-5.304417271537487,-6.0368255271815885,-6.53641076004432,-7.215613142555686,-7.9218645285259015,-8.736901080731881
11.766682922514129,11.759473344190207,11.521096202310666,11.131571749663385,10.29296933720067,9.16992069810995,8.250487224592792,7.13320285951499,5.843380183712348,5.266103056344778,5.005492983410725,5.059731807386946,4.967421385710698,4.925189430902194,4.295490198401511,2.3452015089266522,1.9321901409181057,0.8339930159792391,0.1650458779873489,-0.1945863257365446,-0.7511249239165753,-1.6242198266180203,0.782544401647589,1.4874594646579262,-0.37746373594615107,-1.1371128428458297,-1.0606299970114728,-0.6280966359662485,-5.664232171929172,-6.202651015631485,-6.945066339465755,-3.529473109922973,-5.314864952023581,-8.880036957895213
11.018102580996224,11.100499526567676,10.967445626554744,10.624559767699461,9.85748407711247,9.257655225496768,8.77863263436641,7.848423308711226,6.95435310656346,6.482152302200198,5.988680619014791,5.722596542105114,5.1807290000929935,4.888959997336682,2.037203592288341,2.3002436287773804,2.1234691940268435,0.7342811222026375,-0.30715150524613005,0.1312633248441645,0.037044204087264734,0.9247130084573809,-0.1878426907232958,-1.871246466980487,-0.9746231934225398,-0.9744244388015815,-0.17997442470713454,0.04053149354982771,-6.067060337694002,-6.498240008075092,-7.24268956382127,-2.575293266796614,-7.791537449017799,-9.091527177673008
10.324201934458792,10.598646576465274,10.607925040089869,9.97105317742318,9.68143775915587,9.224282203201826,8.502156739486443,7.953357717324363,7.130359947989356,6.651403716021221,6.344260156639014,5.563958965627738,4.9383826561646735,2.4606799346411377,1.3320029565667666,-0.002004787432290301,0.4741009355877039,0.9717604439375517,-0.9135831692854914,0.7600836930231147,0.09339120945480199,-0.3739093962816374,0.3136195645187188,0.6843018273175129,-0.750319805159399,-0.04068501123236806,-0.10061549240078027,-0.47755686225349137,-0.6771060659753092,-6.468885700039011,-7.508992606445895,-2.314365673893149,-7.916468121971369,-9.57701608313324
9.843798616200509,9.753171313612285,10.15311465670653,9.793502855615243,9.45143573312133,9.02563269346106,8.667194375256111,7.941575252508468,7.108513136606789,6.6130509040278,5.853023790830466,1.6822492777192908,4.482911962014464,2.790250520989442,1.5467430186314295,2.5682958401530884,1.79710074079683,0.6891055859797927,-1.1370263125942381,-0.9577838838894636,0.06865717000908943,-1.1454412490838874,0.7348083641950013,-0.20954489706304305,-0.6226328905566881,-0.16759653326398383,0.4859486338764512,-0.6028296905056466,-4.872081518309294,-6.423848401289122,-7.649929048853782,-6.3184567435574195,-8.738291824246321,-10.196823400988261
10.117985303553123,9.139235208546134,9.60882673904631,9.645066634235466,9.427749430467356,8.91179731953448,8.438758177018135,7.972363367365847,7.069164825745365,6.41108504873374,5.311372850224977,3.1397379608664475,1.9486062164595963,1.6375890503778838,1.8971165485795245,2.627754453142143,1.56048772327499,1.0278271425392131,-1.1853470623186555,-1.5762899508555632,0.23826796348468304,0.2981862950442556,-0.08883829929049981,-0.6718227834496837,-1.280137150453066,-0.9828296578445594,-0.5245819635067741,-2.7355328805770447,-5.15656812501091,-6.515731386593242,-7.714667085677343,-8.483142015700912,-9.066287844873811,-10.230981108850578
9.415338524358676,9.052527458675929,9.173096006244089,9.322047516213065,9.004406646423762,8.587983146434503,7.9929058186878015,7.257213210325494,6.971463875338324,6.645258079336208,3.2624345514155046,1.8118477349367375,1.2695429483896,1.4023504557826236,1.113451455202845,2.0373285616795225,1.1141700314364356,-0.1354196286383277,-0.923028401179658,-1.4543821777100892,0.181211364565074,-0.692146682210259,-1.3628130485975145,-0.9710056102363527,-1.3121148261104165,-1.5424922572054052,-1.0608259590318325,-0.6422900269230257,-5.574891015320766,-6.8782191324615445,-8.399193164401652,-9.103911747476706,-9.278841305693764,-9.826019341821265
8.930790713733371,8.582315181339956,8.151033935564428,8.526575010227331,8.397772048460913,8.166618976259002,7.806066841893358,7.097148071917863,6.392483669407146,6.358189782438913,4.187904737494406,1.811600235027146,1.5138481569606654,0.8732321629497171,0.6451752086952136,1.5386450737628772,0.6634436390054474,-0.6555851530082089,-1.2864645233183944,-1.5572953572111101,-0.5268550822032741,-0.8755016634008662,-0.914230482786523,-0.8468414633845963,-0.9980332789115846,-1.3055187280559517,-1.8055024966659032,-1.8294166054981118,-5.946926768113558,-7.5989038070735795,-8.973001857114355,-9.913795458730476,-9.442219845310266,-9.084775490552584
8.328160348417903,8.669532916309642,7.562258501853578,7.564840401106764,7.574580379534798,7.661498104881632,7.313977236062729,6.801716487966205,6.113137299598709,5.65330065519992,4.01657906839945,1.0922958024897256,0.8533625862983473,0.638768418856266,0.0038659461307578302,0.9180426858839622,0.5419768698117602,-0.3861057082836924,-0.0822805953374243,-1.3822527424746276,-1.0549548891824667,-1.4059755513643801,-1.3677835527674007,-2.3773770634794995,-4.105986117702783,-4.639522808840756,-3.358012108939864,-5.465760691798313,-6.579074016626767,-8.272505177105394,-9.150337267394887,-9.54665842794019,-8.918424498528003,-8.65869557192378
8.340518783062523,7.752872250719255,7.754817571237825,6.863398197250036,6.725048684932815,6.774874893375738,7.1809461806311905,6.621992618892585,6.247020818100692,4.88180581881789,3.5608606135269287,1.1753807733064383,-0.16493129721450467,0.3626446068402241,0.8343643648575071,0.5453971188371192,0.3513595261332819,0.5986872451713084,-0.5490405248404338,-1.2263864998247556,-1.5930952073561673,-3.0717105448380324,-1.9022877119738553,-4.662444613648028,-4.635396778791433,-5.445741553974528,-2.195182206488874,-5.853275774351912,-6.803434178052131,-7.967832459620049,-8.560915931755842,-8.717700315326834,-8.380023368377692,-8.248260997072396
8.103381429671796,7.8809717281832965,7.574359463179118,6.172930498807984,6.053059086648511,6.52113923070426,6.217323362386476,6.394246695671471,5.747995027275172,5.461421415969317,3.5662898649190895,0.5891544056434532,0.2673575272666499,0.11268405064107002,0.013754841964354598,-0.23781881464996252,-0.7890724983482597,-1.4411175814413677,-2.1600414017958696,-2.243421442879851,-1.8702854296212545,-2.2061228624748765,-3.0206152767579693,-4.192116300294436,-4.180324900705088,-4.940674946019666,-1.0876602449204207,-4.672782572932369,-6.321532124248945,-6.984145546829844,-7.619786580899352,-8.182576504547741,-7.507907472683592,-7.501326490364901
7.687414262853681,7.654321798756369,6.7780383824818715,7.584385079389352,5.79444306911032,5.460248503197727,5.650895194875577,5.643439089670788,5.446202383519452,5.225703563386064,4.076292308136663,0.27631550177729375,-0.6642096913267462,-0.813615369997952,-0.13717820993173657,0.10206051168482937,0.9092004884749263,-1.3455426969513475,-0.07168612215762961,-1.622642568344309,-3.040529525455381,-2.846332302773389,-2.3110871074226056,-3.337457330579462,-1.8423914839565256,-1.3149715774020208,-0.8375864832156994,-4.018460840658254,-5.65083574723703,-5.915397851172526,-6.794752869006335,-7.416642507532077,-6.862425947971203,-6.461630881706352
7.628439745127172,7.522599471267612,7.327281070124406,6.388209556576384,6.890919658844617,5.314975867187232,5.12301841811022,5.019007604632308,4.97888155685485,4.373407331878273,3.696188627001365,0.2465591785658033,-0.16544745232531805,0.7424345246607625,2.389668913346338,0.31695842564274623,0.4636343929530976,-0.35936852229283284,-0.38787192157633343,-0.346332315219917,-1.0934757551365653,-1.3212208703195245,-1.5657309901723147,-0.9706245103330041,-1.8505678758918376,-1.6337655477201691,-2.3938535393911042,-3.9943795412328376,-4.123399475412689,-4.913223076583423,-5.720149124942442,-6.3948781125945935,-6.445556812626325,-5.942938178068837
7.734311026909473,7.049710800694579,7.118317827542811,6.735479523794665,6.162782645130956,6.742338093561214,5.146398298808584,4.748902364592039,4.325452210857255,4.016272643754258,3.421589798198258,1.4057456873777836,0.23169442314911723,0.3108274873537428,2.84918069326151,0.42715785453271077,-1.0680062963245947,-1.0170254318101544,-0.3342636639604527,-1.2456652517788993,-1.6888318022200093,-2.1249657477500508,-2.481536493542227,-2.640533129256143,-1.8376377503993702,-1.6964457536587645,-3.0942636368702483,-3.1540681712239507,-3.387592148854523,-2.8170091822384613,1.4222540136312487,-5.499805590508384,-6.042107891325415,-6.253097633572207
8.462477636422184,8.28567549942811,7.002921043059916,6.741406263484134,6.370793110688735,6.152616429542965,5.965404946907053,5.0299361345750055,4.1198726875811404,3.945650914483633,2.8064997315905273,1.6805516815315829,0.9709300398379913,0.4004361421669111,2.0112262980620352,2.443025983990389,1.1643380921778108,2.0725883115368857,0.588245811785471,-0.5716381919469453,-1.4891702978479178,-1.4050481658090832,-2.1710162944489353,-2.6911351520194158,-1.9101621813450396,-2.1645446715196694,-2.659893061140018,1.1660487567752615,0.8901992049481902,1.4260853798409192,-0.1341123443898969,-0.9263520126415093,-6.240232061824102,-6.368881980511087
9.020057076366525,8.807505188750266,7.084576911666933,6.71269545651814,6.750607357170078,5.832784655605931,5.570271323042425,4.956088017143681,4.957619531267077,3.2454912035563868,3.1179094272351464,1.594240376220973,0.20058412675329534,0.587043294741446,0.2718130163060955,-0.16342543618788685,1.6792700760852333,2.319157153344798,1.240923205211939,0.07422988981308315,-0.821250983384612,-1.4429577584207436,-1.2697243972887715,-1.7110419023683507,-2.2042814293601665,-2.1442105428456273,1.3740381798630372,0.6654195959968493,-0.05880267736907443,0.9212830266045489,-0.8884878270492677,-0.9266136010607653,-0.0712410016521349,-2.026674631715825
7.932498963452948,8.428029232384963,7.917574503494909,5.6797628834085065,6.188542573760342,6.274499150894742,4.837964575891636,5.067519566254114,4.212158897201396,4.571413174533204,2.860950127134295,2.7112051187728676,0.8666858734162473,0.15361456722520678,0.9128058085563469,0.6315515429093669,0.4750162959788784,0.30662002385327947,-0.19922253133516596,-0.2903110962578342,-0.7815490062692253,-0.9243503857996629,-0.7546710204048029,-0.4413522465536869,-0.6836144863421285,-0.8708730522422038,-1.2589613739299652,-1.2366609821675543,-1.107634336265087,-1.3123173173052336,-0.9944672019851846,-1.466505221824444,-0.0942777042185151,-0.47399629755587785
7.054066257136382,7.190283201201044,7.59500406766951,6.936247998379388,4.619498260841491,5.147253434317636,5.0455348114724,3.5678779264646447,3.200244796019882,3.1001751842293848,2.6388952956435823,1.3139511200685101,0.22625785874553025,0.32400756008435044,-0.11582073596088836,0.24092247276580991,0.24270502782012665,-0.09711409217574454,0.1134112483553323,-0.29371971667071517,-0.6742055792008181,-0.8779311450998982,-0.8196201727531052,-1.1503395103788459,-0.922250575526991,-0.3264077116458891,-1.092328027640177,-0.6278242494450065,-1.187291514763776,-1.2056308027675537,-1.4941870277873779,-1.9521430517074998,-1.7494406950419092,-0.8119874242327328
6.337225589918706,6.206611376608284,6.83183153709749,6.533763742665785,4.854739610429094,3.3943652059800735,4.07131553036156,3.6574425678680837,2.659069964957327,0.7739616157104123,1.4874266819086783,0.8649190926236645,0.24575098438772386,0.316385884030462,0.7604271594915238,0.5909120757101394,-0.20023719116089259,-0.72086206408957,-0.8540889834468438,-0.4107908807231488,-1.5272276428681342,-1.4230930537770503,-0.9938757193626021,-0.8303807251406025,-1.6226126454977001,-1.3924368634824773,-1.3902337783230982,-1.536602771828431,-1.5754733414462787,-3.1348303795872305,-1.8296370367465569,-1.5728880069996538,-1.7088356525503696,-1.6796156943407001
6.119885379771491,5.849782725160819,6.140096962011416,5.572719851608668,4.076721850013604,2.9769974958748278,1.6919520716740717,1.3980342532558598,1.2933469728448674,1.1877370122059152,0.15426304228517188,0.4204802343366924,0.18860917735185215,-0.0618938739920544,0.5524069573585746,0.31302357156349186,-0.052042008314820136,-0.2753412819904661,-1.2909364651826218,-0.5772005588898761,-1.0788282508572014,-1.6634219850875576,-2.397202343491108,-1.452565070860355,-1.9942135113524582,-1.8025303160473811,-1.49221761478393,-2.566824283516659,-2.3778409451534857,-2.6577835384781827,-1.605848190912128,-1.9543410643150223,-1.9574347920698667,-1.5294869106771325
