script/wind250m.json
[{"header": {"parameterCategory": 2, "parameterNumber": 2, "lo1": 6.000198445256149, "la1": 58.999992894266676, "dx": 0.5, "dy": 0.25, "nx": 22, "ny": 24, "refTime": "2024-01-21T23:00:00.000Z"}, "data": [6.966176324550284, 8.208566988118877, 6.889105390174427, 11.483558616293154, 10.649986647001313, 4.805576680510098, 4.913296589673004, 2.6244190877284996, 9.705511894782017, 6.264160496547939, 4.566231855029994, 5.057045230293554, 4.095640068058256, -0.3823102395441211, 2.91475258699198, 4.247142495888235, 9.670641838102167, 5.505893779399752, 5.823123935341333, 5.209987652740424, 8.30630116502171, -1.2159814233559072, 5.74777236612072, 5.279552165298799, 8.403334634247093, -0.3732976452748343, 9.921024964071243, 9.728967365518713, 12.134652050409294, 10.137267046168102, 7.623361301537699, 2.364713464185834, 5.070023843396353, 10.050573671741923, 5.761118405242006, 6.038018857363725, -0.12312138854337734, 8.25925437747466, 10.379250445626113, 10.256879358267103, 9.44584231689002, 7.86402127522629, 13.100397411050151, 5.791140538276554, 7.76814341175446, 9.470648274358608, 1.3657258975240887, 4.152278032908313, 7.013030059191208, -0.3792205002602439, -1.443421138492708, 1.67722948930727, 7.30739580481492, 12.82789213120985, 6.6515711547446, 4.958077728433712, 4.691984965564027, 7.123529750047642, 7.930826153793552, 3.7788183453541655, 7.318186473049567, 7.834761696264016, 5.951212005280372, 7.92642228868546, 0.31868251020554933, 6.5471255256734935, 6.105398394966125, 10.00799355862852, 0.6281531664583831, 1.5799902433791086, 7.088406887927951, 5.443014345093661, 7.144985808800574, 12.595956478441817, 8.579357832488508, 13.291367014633769, 4.354220332762996, 4.807682162586762, 5.513191645532809, 4.270176187937767, 9.450560010283896, 8.70641915341262, -3.424271564521283, 8.067341276242098, 6.815189332042421, 7.863092884691942, 7.532767256388128, 4.192364752635276, 5.610919715378057, 5.967735626445246, 1.963764726140324, 8.6117553341342, 0.3530680529795916, -1.1116312133349366, 11.348811538704107, 3.6554973751771316, 10.801040765013514, 5.949460698345311, 7.918599120907075, 2.8959155642913155, 8.638948253066992, 4.532522748313544, 4.277201125259682, 8.84923564396139, 10.506007660535044, 6.53439578396749, 11.549834920873401, 6.848782868265393, 4.903475272180808, 9.565063695377763, 6.660441942269946, 6.310428991485954, 4.9342911364394215, 9.558808940784724, 8.223350017736607, 6.375859510284915, 9.715844248112678, 8.36388931175416, -0.022999969954655575, 7.770107230516223, 8.525224414128125, 10.339593547976154, 7.462108338008081, -1.7201835294319232, 0.6469450385466272, 1.831127523897694, 2.018187302702235, 5.993463655859009, 11.090580261683021, 5.595692553356522, 10.774267389226637, 3.844004606681661, 9.009056173224238, 7.584217266078641, 9.869204752771472, 2.3501470995622546, 5.125106970683859, 5.521053179280316, 7.412078530984979, 5.233257488818343, 5.071739455179647, 4.244233487981086, 4.205875594804662, 0.7226145507618162, 7.052118077179214, 4.896621521399777, 10.03930518948922, 8.644327004820537, 4.543601744840269, 4.6678053039629885, 6.7133585396506925, 7.316491601159656, 4.015173750323172, 8.333531187929196, 6.181584300548409, 2.7134177203460603, 0.6257830161356678, 7.368658393181768, 2.457113633180657, 9.193537519837756, 3.8633443296456993, 9.774337039870224, 8.845850577083077, 1.4756891116307853, 5.538117260845654, 7.327059541175632, 6.501684091405218, 7.071973724586256, 9.151764069755552, 7.482231992613515, 8.025673612182405, 8.183092220768621, 0.9602678976971749, 9.451299212547823, 9.473398517209397, 8.663978468708793, 8.070049155043527, 10.787526421412315, 5.27455254094704, 7.728106231132335, 4.260837905811473, 5.358088868910114, 7.562843279617882, 6.884736793006233, 7.692844303757699, 9.304205676771062, 7.763625417035021, 9.06386908818223, 11.927833326210258, 7.978478746262247, 1.703805506169701, 9.638922817969323, 7.149989381849715, 11.184684891428494, 5.16145882631106, 7.009916634884024, 7.42137088070485, 12.361684212646903, -0.253070395071007, 5.627242320887716, 2.4744557024985054, 7.635224745906001, 9.410626268482646, 5.461522117626532, 5.5105985352200815, 4.469920512002634, -1.080324155421476, -0.8362328729572218, 2.70392997236188, 8.218448134084827, 5.260340964726117, 9.859830484903178, 7.1005906132978724, 11.172482703569443, 9.472332972104224, 11.02924050034105, -0.43891881819667644, 1.776556718178385, 1.4210879705397048, 10.0469978875668, 10.458815453709029, 6.068652438211713, 7.375569190342191, 4.661599072303688, -3.7099656123704663, 6.377268918192017, 1.8941731114045341, 0.07740786014187694, 4.7635580727798095, 3.9370804313109935, 7.1648108469909495, 4.7195059584453665, 7.389167569019142, 6.619346992386608, 5.812214878238682, 4.852458705007263, 6.862309964214131, 2.3331341626441096, 9.058152954601214, 10.538115909463354, 5.651796365386146, 11.191429750605769, 5.463709502202125, 9.687512911767076, 10.051968905460733, 6.8673840162289395, 5.867214187881554, 9.023473252785264, 9.212680594451026, -0.1581787576320808, 7.914532612742125, 7.15602705819794, 6.778009748710087, -2.1747729807454546, -2.164372548205081, 5.103289361512104, 6.040691282530106, 1.014912274556805, 6.453036502547435, 1.5587976728486308, 5.119462234824268, 9.438862514434572, 7.788116826042093, 9.596937936145428, 3.734733603624373, 1.1613368498060606, 7.145938504594756, 4.56924788527607, 1.9820243267529762, 11.733191044425768, 5.581195290130414, 10.134586044771973, 9.455042827438959, 9.85025545586803, 6.4696719488295, 9.946884784585984, 7.168405566901095, 8.289873997615727, 8.076174296250514, 6.8848070033697955, 7.248775785887349, 9.034681351304664, 7.345637346908088, 8.092387039602245, 0.1505934237510444, 5.624980725017824, 8.470757473629892, 10.278891997926795, 6.306793554885325, 2.007744823209163, 12.706489987068181, 9.623793819717452, 7.693465393285726, 8.91268066240035, 1.8702381385277498, 6.293364811207849, 4.033222973638069, 4.563881306960663, 11.22048939615971, 7.7948218813974615, 6.9807168068614995, 6.526174968988337, 5.660394151411115, 1.7564048892756672, 5.999243980871839, 9.607143484881117, 5.249931252913796, 0.4225399083703471, 0.3311446702696308, -1.209847163805479, 6.991601601297703, 2.9671581760329295, 0.6370698177803318, 6.707699481944114, 2.798283298659046, 6.509504953111213, 4.9195121831199184, 2.481878207059764, 7.753862510344401, 6.056050302162852, 8.47039457828501, 9.111912933903088, 2.363137771646788, -0.7756548320695491, 9.731294228124288, 5.503205918644538, -0.3621254529536084, 5.241864840667911, 7.583868537788924, -1.1710724399155954, 8.828768893160726, 7.670521138044979, 6.728817235073142, 5.84137298231381, 4.4478523275525665, 2.0982276903704093, -1.5218629673290236, 8.084816777362756, 1.7687223413085822, 9.827972782653458, 7.1532281113477065, 8.035931766181282, 11.201871409596196, 4.719184731437506, 9.91226006249114, -0.35193802311420447, -3.9021948317700135, 7.88108149377941, 0.16798103657669924, 11.535044691284824, 7.984956829375312, 4.210986469773114, 8.730842743773794, 6.315244221347562, 9.86735705625784, 6.585390685990532, -0.5238674891894994, 10.302498747339436, 11.392047643291672, 12.169443423111305, 9.18744916243074, 3.1010679316246788, 4.547112226909763, 9.306394720226388, 11.372612036930196, -1.35417173997508, 0.6705316964251706, 6.18814971309462, -1.7126047569253495, 4.950639750997801, 9.498806086284294, 3.039669132734432, 6.4460755589607635, 9.64877650463701, 8.8917408568099, 3.861797571534589, 5.44551846928305, 6.43366870308814, 5.922218045809767, 3.815525481221108, 9.16062978045531, 7.578734535247415, 3.783259187770511, 8.46346821970292, 5.250815182960341, 4.877419995852791, 9.718556919762367, 3.158829031611377, 8.756605277223203, 8.772992758029854, 7.613185624250347, 4.343844032038356, 3.733071584008716, 7.8677616556662056, 5.791521949823578, 8.172378348644358, -0.49113222687883445, 8.041792902731546, -2.1351093890319457, 5.586131281058929, 9.235224048854091, 7.315792568468337, 7.057803376244849, -1.7665440273859694, 8.2137366108437, 5.578205664807743, 5.59188158595177, 10.211475509715799, 3.5120681641404543, 6.685022108424399, 10.13019836381268, 12.149637098124533, 6.836296890802026, 5.982248460822259, 11.5770071570813, 2.070147784854434, 7.69592901434858, 6.460598991213849, 8.341102714350772, 9.095516248159663, 6.102262981470798, 9.094121127851702, 6.870463340863292, 8.005691757026854, 5.893138216388043, 13.158381283132577, 0.9066068461580021, 2.0085556856503457, 4.762990661702354, 9.08251474172777, 3.2914729980897235, 8.742217394936723, 0.8364304332880725, 5.391983008841289, 7.356593707076893, 7.85219139046198, 6.300619339504192, 7.809554180737633, 12.199828953616604, 10.50410709363, 8.849189614035252, 5.695541959523141, 5.831388404494971, 3.415718589669813, -0.6523162462295684, 9.670230112112593, 4.826496036810668, 10.080091224653177, 5.180182384826033, 7.751144586959591, 1.6215049739750114, 4.132482751592048, 8.618435380354226, 4.284635580146255, 5.181427864285267, 5.847263910007279, 7.387488248296006, 6.841924147353345, 6.639352120346172, 2.1829202684605606, 0.4231715031571879, 7.6731489742205845, 11.962955401183105, 0.2975043371488321, 6.209078595424888, -0.9743032052266846, 10.142894027919723, 5.04204656808433, 7.472933460716536, 4.273822137651914, 4.205730991474793, 6.407150899795888, 5.829226440659657, 10.020245290815444, 5.449762274422624, 5.101730946764289, 8.877303016020646, 7.134277547143818, 3.9551278356840074, 7.46451137470399, 9.288985363122896, 8.167430412859368, 6.769546342904832, 4.709619210714262, 9.131198120575732, 0.630253805508069, 5.296862037335533, -4.038025289465908, 8.017713600503694, 8.725278260191669, 1.8076552368580039, -5.572217390440999, -0.13071632915317122, 8.062638584610315, -1.2089426607978297, 7.9992557131346755, 6.608219659058796, -0.5399152416962046, 8.094249021314539, 9.785871161365916, 7.866221927800043, 2.9698740367604297, 6.225702756577573, 9.34134017280639, 4.884397811156441, 5.973265117721945, 9.543390353777674, 12.038540546325107, -1.5811559886220943, 9.16755226106858, 6.2450290117821785, 7.53241099697333, 9.422738178628315, 7.292107450275998, 5.72056754746581, 5.378663989534072, 0.45143042729905647, 4.3969655348811445, 1.5311295160578706, 7.630570445669091, 2.6467377844615503, 10.474450711320577, 3.629754439279654, 6.243072417579997, 8.697758413583767, 3.322278381492502, 6.679411167278703, 4.623377798559654]}, {"header": {"parameterCategory": 2, "parameterNumber": 3, "lo1": 6.000198445256149, "la1": 58.999992894266676, "dx": 0.5, "dy": 0.25, "nx": 22, "ny": 24, "refTime": "2024-01-21T23:00:00.000Z"}, "data": [17.042051912988935, 20.187686437041194, 10.095238976513189, 13.78107496742231, 27.68471790014722, 19.186175638927345, 21.328539309081478, 10.429716766715353, 15.13232298264581, 16.547123588189557, 24.7030303680432, 17.002028533969163, 12.66733102603172, 21.008444981580674, 15.979675706788992, 23.063847656398465, 25.94808243485591, 9.850368555523614, 25.373309792827683, 20.74575946339246, 26.2927874941411, 22.119902845044482, 19.06670275444626, 13.022647517354775, 12.301846929363974, 21.983798072207925, 17.056538666581943, 13.045123791808383, 28.427224750970513, 12.99094869867184, 26.43415449222002, 11.273208327706648, 17.575962872290017, 17.590782326228265, 15.448483515958733, 9.371524492758823, 13.844195625036898, 16.16964945789515, 12.613478912082316, 16.496580434458288, 18.498706852589155, 17.073264259409974, 28.037124908367097, 9.529351901415666, 26.602354835132825, 15.757009086789191, 10.293599399046201, 16.688152414249785, 17.139316424252765, 18.611787890087754, 13.44261117828009, 17.26314421808427, 22.334692079780268, 27.61300181640662, 24.603017588027832, 13.622726743877054, 9.933294881705176, 16.13168822921227, 16.939862607440695, 9.400513862711932, 19.48406889694627, 19.44380470250223, 13.538469131804623, 15.695859303234974, 20.261374270192483, 19.104297260012622, 26.89909591908673, 13.085381721508396, 19.352477510501494, 17.61623497171037, 25.04751216126453, 18.759373744475656, 10.217141945869782, 27.726762682904113, 26.182458718029576, 27.828083531219036, 19.19626717463514, 24.18149786819562, 10.970521032458912, 10.194553619040219, 13.229698370528261, 27.854839173920166, 15.306535664285432, 16.1007813836298, 22.959787392348144, 17.421195428616937, 9.90466295818526, 10.624275188338563, 19.833305617773313, 21.33030992698322, 11.714724762663268, 18.051051495565815, 13.584948144924835, 14.14232841842316, 27.398445164766613, 9.518301123995709, 27.28581858254503, 12.645540278108303, 19.626538681770484, 16.241526609365355, 13.382906103690214, 10.155530034396698, 10.618585583350901, 26.49157021961, 28.530706122850738, 14.765235075999795, 28.004208084176934, 25.685310030786372, 18.74717245289807, 11.198672165098522, 21.50037976931379, 20.147665137937846, 10.695447534107617, 18.850817715591436, 15.361814087531906, 14.937525929010068, 12.226248154458625, 13.791414158282297, 11.400647306263163, 22.977189878113535, 18.849078814386043, 13.325861906153692, 18.928948416007263, 21.55734399561322, 13.502119158453516, 17.051118247055445, 14.31085142316968, 14.29174275557363, 26.587998249486105, 8.802631361090029, 17.435544337184215, 11.570132656617801, 10.636025687388942, 16.009566869109328, 15.40776753978757, 17.997409027260506, 17.72725389641666, 9.057894556201935, 16.898370061233106, 12.666466515305908, 9.317338831455334, 11.571639489620736, 10.31649678713756, 18.445713207787346, 15.67615711106219, 23.65413334628771, 15.718492616323804, 14.182175674042064, 9.289027731505922, 13.518471333712807, 25.502457072927236, 15.731621646803617, 19.80113369557145, 17.743381477184546, 25.46260633122325, 15.333268840541379, 18.609953028352777, 17.0889933804494, 22.310473119356196, 27.645071380045565, 11.018456313922204, 12.991450320003988, 14.645056409015432, 18.791848036648943, 15.211273959033901, 14.110489827028038, 22.92006397778816, 9.323072188602207, 18.33316895867211, 11.875348287570496, 16.844516398261813, 18.052357130088026, 9.793688929496918, 12.971011581123326, 13.195383785107488, 20.505507431127814, 19.16265905712065, 26.931051996428245, 21.90032541370263, 18.289647011275584, 10.52632818260632, 9.14831347314102, 16.522594611516844, 14.160647629281275, 16.855467550747264, 19.018087237498772, 20.238477337402706, 19.725010768970275, 28.271618685442494, 23.66706976875768, 21.414349753438305, 15.565439752560325, 14.412883569588324, 26.82021383848061, 11.76680144588728, 15.319752679978816, 17.34384173109127, 27.048161799144896, 19.348143806437864, 20.058078604279125, 15.2203087402236, 16.092969590704268, 12.899433240232803, 18.97138942530519, 17.35061651313695, 17.15486159106515, 14.007844976888318, 15.553974526981795, 10.337719077116322, 17.559476851233256, 24.937537306894463, 13.378690163397195, 18.08835899654875, 26.51866371767816, 27.85140066749008, 14.813885411985167, 14.456091658458739, 11.552294878349226, 22.72414786032699, 16.947926200893203, 27.507642276431532, 25.88972427879099, 17.66464719927015, 9.421019670270717, 11.940556199851574, 16.000043323039666, 16.0445961567008, 18.147616581335548, 11.68465281204222, 12.468701607863016, 17.16245744772509, 12.448973824624241, 10.097154415297805, 13.266795986743439, 15.2836441509594, 10.007316904596781, 19.786672992956532, 13.225353305430556, 11.378855362577987, 16.38008841478962, 19.886802861285247, 28.09298183237333, 13.285351184134477, 12.099616952327796, 13.255937140296142, 19.440423426127555, 9.370868705239383, 20.225600210260378, 13.169399407012916, 22.756541897677597, 14.915704372862818, 20.06106008470566, 14.590521954299659, 11.10621375754707, 11.06318990939444, 16.02302175994481, 20.155863116229686, 13.955904216500905, 18.929075932986386, 18.87898824417991, 10.184854896386783, 16.811132517969238, 12.107234179823788, 12.933562626103829, 12.19969491220721, 21.690636306661872, 10.451021648869578, 11.868579483042286, 11.273630572313365, 12.84506542875497, 12.968141323381518, 12.173997362445379, 26.43891879136816, 14.975847560464569, 24.49516286693895, 26.702008347311544, 16.497508507164806, 22.996189061096416, 25.101545515279955, 17.070290206121758, 20.272369447652412, 15.449677424085413, 24.75270416728416, 20.097703032706985, 22.514660372348686, 19.69812257606842, 24.311610780998812, 13.263421686161678, 13.462049856030754, 16.175166069446774, 28.128203283480246, 13.148854724973479, 18.335789017188862, 14.200847011322594, 20.405129135269043, 13.044530913150293, 13.821461203998558, 11.280138490018876, 14.786537606801888, 16.129453977312988, 17.297458583924932, 10.176847663330987, 15.01483953977573, 13.71859092981287, 14.020747576776618, 26.689745689274986, 13.284680845431026, 16.859902650698906, 13.749006857007782, 12.624363280965545, 15.495407304848626, 16.565381695569943, 15.863281940247145, 14.48483453706332, 16.693338633226755, 17.831586526385085, 21.98352860241261, 17.644105529024486, 18.26974588154445, 13.252434466888195, 16.17952391104259, 17.929368570600786, 12.37042438978002, 21.119945399928806, 26.507503650073442, 9.792163772350856, 14.56893753507888, 16.075036430709137, 15.596251971297653, 11.603664394249238, 22.25019109864364, 16.089289485333445, 16.46005813892119, 9.451838327287206, 25.73066346179534, 12.932921320998823, 17.40372359663604, 17.154620463666273, 10.541220829031344, 13.152763589672336, 17.918477473765474, 19.398269257723012, 12.48969936793241, 19.59351226303887, 13.257941191184358, 23.673481395374985, 14.432712855452928, 19.630870396705348, 14.007436577484794, 28.95224763120788, 19.985047304744118, 7.977570852760382, 14.855900287300559, 23.011959196568622, 13.21674173837114, 18.188724046381996, 12.391453793828363, 14.310124883315062, 27.36160847699742, 27.64917143115483, 18.638429798129764, 10.709358301058192, 22.3159924751215, 15.827453769142425, 27.244119612837, 12.268190223331798, 15.596638529746171, 24.241832787968672, 22.105695443053467, 9.62273717871154, 13.096372829778026, 11.540943519301381, 24.729420429969192, 13.246349204005531, 18.33027743409671, 19.039356934688264, 11.616184502207792, 23.07215982309299, 10.158058131733705, 10.583896505919467, 16.067138911234235, 18.16733477543248, 14.937612373741976, 15.303845368742442, 13.990468475074813, 8.75908908492512, 17.871577356456314, 18.45052396913765, 17.59739797508587, 26.53814904698804, 16.836869044156177, 18.749751295082657, 23.468646928995735, 23.43371871501775, 9.422923978675927, 11.74156637110022, 14.430265710754622, 23.8587387279588, 16.195901781529564, 26.37173200917033, 28.35530292499878, 22.927782846693777, 16.161436133430932, 14.404012588885331, 25.793062649392816, 22.504014167385527, 23.50992686098645, 12.500617847699779, 9.411695238510383, 15.401955665825533, 16.56919858104023, 26.978674722694247, 12.64672544543581, 16.569313330415138, 12.568665913000919, 11.515939124514288, 17.608586035174003, 13.593998269604642, 20.696616921019068, 19.19648305219642, 18.388400359763633, 22.638230892634258, 15.901194786828768, 24.879162036488296, 16.84114246095479, 27.8318578686488, 22.99546486594797, 12.229153726017442, 22.5278594523562, 15.122103666183444, 20.95101068137855, 16.161316355955126, 17.631763908569663, 26.888328011090657, 19.667610957930897, 18.67209414692574, 10.15075880518851, 18.144771386601107, 27.516781363223625, 14.992872450931813, 17.650074564692364, 19.73032963905425, 12.299939182826654, 11.208425168271715, 13.86289856031469, 27.174165090718446, 22.009753141461534, 15.420091938977013, 13.961527543762536, 21.240316910134418, 18.7689694500215, 14.28268551385535, 20.727383157225077, 9.791720559708716, 20.804338431865748, 12.928089761742948, 18.714621636090303, 10.749471132796506, 23.74843815557107, 20.72175048059742, 16.200595682643595, 13.867063757937382, 26.424388151471202, 21.723062172493897, 23.655978620794947, 12.635799401351886, 27.282126136817137, 18.26332344670727, 13.611054317162166, 23.261390896663148, 8.691598837726257, 15.275228490264215, 18.10189761071109, 23.035797892417932, 20.652352736617853, 22.006506087537595, 18.905643478564258, 16.098923772357033, 11.7622864516306, 15.638468002924794, 15.046954958057055, 17.872608544157718, 9.422420973392367, 13.328163159236874, 18.04992704036552, 16.85283057308323, 20.191188493513348, 11.268918082364289, 18.11156484827369, 26.147442382759635, 16.24951117787514, 22.194252585729522, 20.670184450092076, 23.475304660286525, 21.336676180957454, 17.10528689213602, 15.018897935250296, 14.393338338851674, 19.325148638496582, 27.33472278759005, 15.911277346740201, 19.71847891151303, 22.32134894490994, 15.4093721279071, 8.606922790104186, 14.175681755536248, 28.210952776408984, 27.529065224409447, 22.236112518816764, 11.785460060996828, 24.869491366346985, 25.39059372061643, 12.117044912281168, 25.736262514996714, 23.119046433226103, 8.954321398921735, 13.098350176924763, 13.311609236409103, 17.827780974666556, 10.922728691122556, 22.381801838429137, 13.787096212916229, 17.475271509573286, 11.093081205963838, 22.496239664496134, 11.939943458952099, 16.97061954298005, 11.936291628532071]}]