script/wind100m.json
{"header": {"parameterCategory": 2, "parameterNumber": 2, "lo1": 6.000198445256149, "la1": 58.999992894266676, "dx": 0.5, "dy": 0.25, "nx": 22, "ny": 24, "refTime": "2024-02-14T09:00:00.000Z"}, "data":
[rows 0 to 23 of 24, columns 0 to 21 of 22]
1.779723012018977,-1.0689353810057456,-0.845295109639558,9.362427881940501,7.057572380619929,0.13820332484640782,-2.665995136108205,0.16028704754889184,0.5669935144077011,-0.17021971050625714,-0.7056536503527174,1.524031243107764,0.7004739816933228,2.5103305661057784,0.33957537243260716,1.2049303769711326,0.5613252882721516,4.955130506566341,-1.5512185600426691,0.11368360598666326,-0.5128763406813888,-0.945190405726805
-0.2626871131227853,0.5796229987640448,1.354925535571403,-3.1454656418660014,6.945312710272096,12.755472763139956,-0.5949740336090629,-1.998305216070104,-3.4094419461281076,-2.3309380814299514,3.964106180168217,-1.8905593355211776,-0.866011168447264,-1.758897779003901,-0.8598032418114968,-3.406609396202881,0.270883322696171,-0.7798186184867043,-1.2196737163915685,1.0578411746323209,-3.24023594110977,0.30868048738320125
4.656876186411366,1.16093945077672,-2.597852085096946,-3.0354195687177703,-0.5632669090743875,2.0834185911993464,-3.6173297392346626,3.7365974872587806,-0.9273367117819018,0.8160436293773382,-1.1286886821777615,-4.186154220185105,2.0680765404169206,-1.2355658631836808,3.561918617911884,-0.8573464659511114,-1.88373051709706,0.9228849401625416,1.790338118936836,3.3523587824671814,-0.2035486407458054,2.3774549882157
-1.723447287562879,-1.12157323982612,0.31544035328373543,-0.8285007518939542,-0.39957344197215977,0.6753400832679411,-0.7655822602837935,-1.4933292847076336,3.832473405836098,-2.7566078540341974,-1.7980796992117918,6.897869622373484,1.5951878377890192,-2.374285846555634,-1.9909988554173517,-1.06155821501806,6.920401002729429,-0.8214599733156899,-0.1764195802638287,-2.4726948252299437,-2.9566466693064393,-2.144086399913199
1.5609880181556488,0.6624082224076331,0.7640590581715737,2.7651915101466265,-2.2238974036270927,-0.08443808176484299,3.540034909542597,-0.6927998445293876,2.512483955640175,0.7030014525329384,-3.6271799196920966,3.8811716745234452,-2.743393274981937,0.23081975422395734,2.5571037550363336,-1.307706356441252,2.792225799376499,0.7933728226647675,-1.7820407197640002,1.3422261621231069,-3.0466289484282014,-2.289317182537567
4.790356610673719,-2.473507640925458,-3.1159655433181443,-3.0541396959222076,-0.6714917885578443,-2.3955442971198644,-0.6734129977523621,-0.64189720153035,0.029334677688093325,2.151507436996416,0.656878524870782,-0.09291254767077853,-1.323680487192834,3.9927164578865115,3.08009370379457,-2.6112217380330636,-0.5311978783349066,1.9461637368070932,0.09009323755017576,2.364979079104863,6.954768836503739,-0.13537771312512156
3.4091947168094694,0.21306132033779923,0.02018118731363862,-2.065312016661648,-2.341846350590463,2.751433912616546,1.1831788129587577,-0.7186633101498704,-2.9055168173894472,0.2983253181180906,-7.232173319735275,-1.5951168218861076,-1.834527627857026,-1.3213826916140807,1.082517309944707,2.386537574027162,0.2944410080125936,-1.0398015168842436,-2.043482725966357,1.9752882601403488,-2.1559984720379415,-2.344826968767998
1.1975129998177896,0.08294433284336838,-1.7604613761906316,-1.786023444749254,7.529036337130207,1.2412033243118874,2.0308538254010218,-0.350487172156624,1.4810946734512334,0.3889865448903164,-0.4872320347456586,-1.098977459266874,7.169730168918387,4.086162958742871,2.127344705636012,-1.8178015886480283,1.391793506498682,-0.5028306756576297,-1.0313907931469768,-1.7355427324983337,-3.0808721868992315,-1.578288700996647
-1.3259808788890963,1.5837405967704115,3.3013334565783734,-3.3118481315539494,2.607997470225045,-2.370509463934425,-0.4537295961746916,3.125831917829039,3.093572146664518,0.06623393541478036,-3.5890717514778827,0.4386456729579319,0.6014171020141512,-0.6970084034903545,1.6334908886131292,-0.8808401177106217,-1.2967430912249287,-0.9413457640702894,2.6520870457198207,1.7658197864087641,3.7408515132248406,-0.8398851426600296
1.0403924607646629,5.2153772321018765,0.33019296857349795,-0.3883138549864205,-0.047702980481714216,2.3779346344404733,-0.31481885686798383,-2.6030219379187853,-1.9231858115007772,-3.9613747523584366,-2.140167075636767,0.5961299173537654,-0.26586719843764495,0.4932011455684797,-3.2495478128828124,-0.9808756462125978,2.4407970457365575,0.9584180787578638,3.5261097278734663,3.2588633818695514,0.8319125409689642,7.759951456940459
-2.412930937079743,-0.8177037342376383,-0.7151230074292337,3.9469142247593973,-0.07084708804939575,1.2828171731951412,5.616034544683222,0.18234569667242223,0.16129003502708966,-2.7922692940773626,0.5427711242070167,-2.9418108253558595,0.5453733507155056,-1.440103303030567,0.49396296199362694,-0.8624020171393347,-3.477616542493565,-1.333276524344178,0.6766904558253918,-0.11939570968158425,3.2678481129757713,0.08606314820058693
-1.7228393895561427,0.21000063616368997,-0.9365604765771456,-2.5210744483574183,5.573091029195857,3.3629495909387264,4.970889020912765,-2.1396252120984323,2.4408147816211225,3.7894846532526674,4.779342133055372,0.6658944979743764,1.2886942257688148,1.5877139527844903,-0.7166907003619026,0.33294344798569087,0.05872730575632882,1.4638467655603817,-0.18072943819612156,-1.3822081919845297,1.7522818517861085,7.286376498559319
-0.9919525791314744,-1.5257063965405104,-2.039577239067091,-2.671386898515911,6.7203987259597655,5.113220665606094,1.914369985976905,-1.6157807748596054,4.162042613557509,1.3454765526911585,-0.3825294698600693,0.360093000917168,-1.1131275991844851,1.2967870561520725,-1.3171266128759505,-2.3019152402005876,3.0997500549302472,2.0098494402113816,1.4109143455526942,1.882870540167969,-2.7417764799038546,2.4023743862942264
2.3874631514694986,4.480529821562721,3.106208211807863,3.0680534297334425,-2.169183856988519,6.543465924189402,7.733368384176448,0.6301622601743294,2.252758511332277,1.482086297615509,0.7646432510136422,3.2848500182323472,-1.8405920849495403,-2.3154644451309667,0.3475926358522182,-2.4467235367477853,4.948937827907234,1.8428283465194504,3.970430251286126,-0.09336801207252245,9.508263961540658,0.9355540775946977
4.180362671010303,0.7527295917151404,9.931963078220344,1.2803615596712865,4.485226955449094,-1.5188067543445516,-1.3752287410624469,-1.6299168886706032,7.2274093103207315,2.189800339690824,5.258559816040182,3.1730851270679454,3.0073720140281623,-2.662869614367798,0.5783589779606428,1.6276270374613644,-1.1925792565712379,2.279842178495421,1.5450473891242424,5.0399767026139575,2.130387643574788,-3.1032639512769418
1.7568714773915968,-3.1813974369595264,-2.1542018781860675,-1.3789033071962467,2.604157062887392,-2.482742557401222,1.2574055984122021,0.9304359375673036,1.9370670306087387,5.2645564623383,-2.2371327176781364,-1.5675504364954398,-2.677604505229064,4.841572785840459,-0.5077390457468732,-3.083531270881024,7.2018100072814715,-1.1489143740838577,-2.576984757815445,1.0099505215881353,-2.853046739117067,-3.124887440192892
4.789876631015648,-4.132046972378586,7.993781295189939,1.650112392582493,-0.36376055806382857,-2.15279765960692,-1.011002129296,-1.932797586564697,8.785028193305525,-0.2466594555592002,0.8307189610869807,0.1884885234904118,12.065880668024084,-0.13708949061665635,2.0396143308802093,0.23897892881726723,-2.5731956493901595,0.9492288112301077,-4.281055570153,-2.672594534013802,1.4682706008916013,-3.923474618744726
-0.5687520232988665,-1.1748023919716042,-2.4705114110181343,-0.7101626669074391,0.6162432265118081,-1.6131759695730008,3.6874798688578765,0.23319431169418534,1.1544981649437693,2.3345400857124377,-0.4474997050121244,0.20357401530971164,1.0233561660932167,1.4036464151488453,3.9781006062448703,-0.41131437425844664,-3.3831436356558418,0.8540064582122954,0.07596653248621489,-1.1963289000174921,-2.4256729134696586,2.752200683635759
-4.693866188742859,-3.1236961487299952,-5.572434233598956,-1.8009372592815236,0.8778719756033533,-0.8697167841904333,-0.783186309571738,1.7404335841085776,4.930294850364188,-2.061418770692657,-0.07306845792354874,-3.383852213222828,-0.6688327628393705,0.30502477440489667,7.469780317616871,3.0245102782559155,2.0092407296809363,-3.011450710050499,1.3928140483662321,-0.9567792722903534,4.0587639680088445,-1.8828713493319917
-3.2027676399081453,-0.5773669598131858,-1.6141829915789458,6.24868055793131,-0.3199648125759933,2.6993251976717603,-2.5369791492270637,7.294588448750824,-2.7423764320137805,-1.3962830711318055,-1.8450496113725416,-1.3614198946644258,0.4276403778858022,0.8617236042943828,-1.9241707883682477,3.68411567981193,2.2926076377102547,-0.9475856020919966,-2.6111764831680433,6.354262219753637,0.5040569240111079,2.361364675521586
-0.6237994550233852,3.2208287277803556,-1.3904210627765878,6.741933763473157,-0.26374575920535376,2.5192955024085837,-2.413445221729581,-0.7507225016657735,6.656853116108225,-1.1138692904509955,-0.9804531218298085,-1.5719107988479035,-0.7727726417947651,-0.7933148721277563,0.051826350778642734,3.7735088283365283,1.5028355920190317,3.405416685225863,-1.213942976984884,-0.18355977994348857,8.89779235805179,-2.3215292579981632
1.5328624191162488,-3.2935790389221746,-1.807521143894626,-1.5324985474424357,-1.1476276398470382,0.002407046526427287,1.7661887927251145,6.490403282912202,2.627404820874606,2.144708956089093,-1.6955066814995503,-0.17115753935275124,-1.8169200703396748,0.5315824763316764,3.9082897610701988,-1.6792263355629686,0.2888878842178543,3.3272098802164236,7.37087031565891,-0.11419080340081433,-2.3746528670910436,7.099102603673784
-0.9042407422092186,0.4657005416251414,2.223157435596769,1.4967730508576658,-0.7375771918117275,0.8611978203338476,-0.2883205469117499,0.09959228042031242,-2.459793069007751,-0.5082276415591108,2.679829290786357,0.13943727871356218,2.6598273625461544,-2.4329634496302286,1.7487306999426229,11.465368193752504,-2.440173869507635,-1.6912403452791092,1.5451438560292492,-2.2345384411365177,3.1157187754415,-0.8115070366477567
-2.6920888564736014,-0.07987930007771231,0.43414056561489234,2.447511349859506,2.148471887402431,4.13436009391007,0.5220961103549688,2.951100140181972,1.2125325319693452,-2.4258852423556325,-0.8619905105864208,-0.5701956492936759,-0.7910242126104554,4.01384569623564,-2.1554541720018925,-0.43330510185200194,-0.8316388357698727,3.0155628486965953,-2.9070743601966917,-2.554566465486442,3.969127992742869,-0.4340010291578252
