script/wind10m.json
{"header": {"parameterCategory": 2, "parameterNumber": 2, "lo1": 3.000054539987559, "la1": 64.9999836372058, "dx": 0.5, "dy": 0.25, "nx": 34, "ny": 52, "refTime": "2025-02-16T22:00:00.000Z"}, "data":
[rows 0 to 23 of 52, columns 0 to 33 of 34]
-0.38014738853885927,-0.4113080192383963,1.9208724622455433,-1.2454615413972623,-0.7143054623586895,-0.46903204890004513,-2.4019594060332565,-2.2570281665697944,-1.54274386019149,-0.7101677659852882,-0.6930866862426921,-0.11723417073750525,0.38938024474032773,0.4966378915441238,0.7431879282403063,1.1526948592773592,0.40153884600929823,-0.8024640832649239,0.48358151600908683,-0.8561291134858946,1.6738267510765004,2.255910672296456,2.744505111638792,-0.31858577709922453,2.5970639543549545,0.3769060595583826,1.0543989329870302,0.7697724079429531,1.855477142685522,1.2203192799332439,0.9617252863053507,1.263375693778764,0.4624609906789735,1.4427385161120183
-5.80437470260763,1.8022418851719972,1.572813987366142,2.258375448334141,6.625331881691355,3.1135421937828536,2.082865892675641,1.2503221121324222,5.363349637950785,-1.3963610762810659,-1.3077103092380262,-0.5095626285909624,-0.04387111687804847,-0.10137878673987626,0.47370441457075585,0.9675319796757056,1.9627407787513755,0.3477763455821052,-0.30355885090963985,3.3671281245947946,-0.9527011329169244,1.6075047532059028,0.23836686231633122,3.075221784651888,1.6567151604469512,1.3688738706992674,1.9482946499850813,1.6532738739385315,0.7309765063786227,1.8041327555945483,1.4082381971151152,1.613005154190822,1.365385415104864,0.5347636654260514
1.6512884213856465,0.10117775453683861,-0.19934320456622456,-3.5523457787231827,-2.7397531096376766,2.742445777497942,3.436838782695909,1.8181253028224034,2.560411491928287,0.7698330695616354,-1.0627606525892836,-0.8566298829911234,-0.5279889875581756,-0.3496418135576616,0.24816875334932698,1.5268018001381702,1.382738914312092,0.10368783711734111,-0.09881055637805441,0.33273325201446546,1.997149875477794,1.3685568204806646,1.4706075153778333,2.7509837386731233,1.1007962625917638,1.322632332271746,-0.023839264166386424,1.7922733617900903,1.513118839954203,0.065829443884556,1.07693008184896,1.104096986965614,1.7212814022983625,1.198626299499807
6.083228658899925,6.098721379075178,5.78400256731734,3.7400780283655646,2.558663680353577,1.766917291606512,0.9926999933533633,2.0634784772674037,0.9336122657021154,0.49747952970891207,3.692111256648407,-0.09070962182351498,-0.9681142445173745,-1.249341992447367,-0.5344805277292466,1.7334078891605424,0.6594849620761623,0.5267712439295651,1.3613634313166556,-0.14362496407131242,1.0251276576589385,2.6034746271623668,1.0564876270646473,2.0614688760960758,0.98330612572283,1.5927055639489656,1.8963424344374762,-0.26033606130943554,0.07038280917052561,0.6823487158184582,0.8344901199804665,0.9823883214020078,0.9248809027168222,0.8954794576736856
5.431033424986905,5.249700568314452,5.578848976444304,2.3405761279042903,2.6989972368156194,3.6748142089460023,2.547149359086578,1.7389719828713968,-4.928655753021125,0.3610594907173423,1.0808778689976493,0.7783883357004576,-3.1017976986315454,-1.9962540024426814,-0.4686164043404988,-0.05547716424672796,1.9940903225941269,0.041397315082969594,1.4118694071596654,3.8305354037912513,1.0158994195462023,4.064000876010936,1.0148451427545957,1.3209434171376215,1.5921067941393203,0.6711892726619164,1.1046267346939669,0.3591208245676447,0.6709618750349331,1.74693074606809,1.0128462657511508,0.9077260597694775,1.3021125545146002,1.2400965937659278
5.168123961193211,5.330002467519291,5.197776601558708,5.144583696184346,2.211451962316444,2.645866160374268,4.9115353635795795,4.409430043805938,1.4950277132861025,-4.796480321008561,-0.674329152552288,-0.34358210197036,2.5871717289258216,1.893132345396546,0.53600133561284,0.6456820513676534,1.0501657202326482,0.8572790473617724,2.2287214341029875,1.5300919790552059,1.2810657350014298,2.3448603770771634,1.646515551770161,1.5570045791882932,1.4409452997932035,1.1765178500083815,1.5188743164722953,1.4455470078318842,0.6965867851089139,0.5213585434110782,0.463880108656064,-0.556610130174039,0.9367140679790744,0.9516945865880079
4.19683652018144,4.55804995923701,4.59129416018568,5.26052398445416,5.557917106635908,6.205088285696696,0.9708699063018956,5.5480222844717835,4.950327736626994,1.8350517576494116,3.2513155976383326,3.9271164847508935,6.666361183808523,4.118790943907742,2.492911648309312,6.2384036889010215,0.8539146532889845,1.0505963836232466,3.3856567304178378,2.1861837318156456,1.937065180146685,2.1360003344503515,1.2100719502405366,0.7681119350928601,1.2734365375282213,1.2260282186103832,1.693819521156232,0.5639421692179039,-0.49043378466703125,1.370203730134788,2.0874183933563106,0.6821898342416062,0.6909469619768759,1.4845168150191594
3.4843049477139454,3.6447111189853105,4.877626234091002,4.9508430862814325,5.853270287756534,7.405696336107595,7.1431672686669065,8.659158351251335,5.092983182603624,10.119406220014175,11.682671730374304,-0.9024526628467147,1.621700646926695,8.871186115665543,3.9812056326379595,1.849615593091651,4.663303669052836,2.420434292768928,4.245829820862108,3.2298343677374155,3.5548891232254345,2.2354718319667013,2.054913666964153,2.161943236175967,1.4226273933433506,1.0122042717505229,1.1341582429396613,1.129265750574467,1.368534989900433,1.204529367690585,0.9368738188466135,-0.15297285034977331,1.3965857315308383,0.47588835373959254
2.5859048834681637,3.0434391507637897,3.952097231876243,4.625048377044103,5.515146408634131,6.16453744649005,8.250005278588501,6.511376750344138,7.801408643124117,2.8886513278143777,3.315709556006751,1.7438112988813341,3.8651348612079643,4.149104692532181,5.208363278941844,0.5905821794057523,8.40432462657457,6.328612125559837,0.5064183147248918,3.6877705155897105,4.829597610126874,3.3061463280061107,1.882566469765763,1.1401868576308334,1.4425943409893969,1.1346140983347264,1.8563642797464297,2.0324351684745827,0.760975444940798,1.8622477073563783,0.7804562904841398,1.288021046384378,1.6487135804050728,0.5537713172807425
1.4117388577444583,1.7043395449741505,2.3561036613813813,5.027849795565274,6.403416411227602,7.21383151575546,7.49348468561486,5.96999345314391,-0.0538738763507527,1.8206408070106663,-0.7250558754034495,0.0019182067954513298,5.983427879994722,9.108377694490844,-0.4035937806275688,8.863180158173643,7.937975165821919,3.670064492919074,3.5522379762273126,3.0044295465923163,4.966223524878648,2.4271011514573813,1.5796775007972255,1.4874682391111378,1.5903754028088342,1.322676473477,1.950984864115777,1.5976530548207832,1.0457679028731781,1.262278696601744,1.1988637868896979,2.70188033743372,0.8130002672273093,0.5484525965476609
-0.9211957724840383,3.6435234109804386,1.4720989628987884,3.9797066035504,6.229022312237251,8.070329506130486,6.325391070544571,-1.5526366694327762,3.882149935760272,-0.4905107741982455,5.708426210231877,-1.5519774884418613,1.854036107833163,12.772391618011566,10.778934279346213,3.6545221931101,5.113539730439257,2.9638516276491886,4.8153022892966995,1.9322572637636932,2.7014952670397783,2.792529260894242,2.9815856680675474,1.2648270784546636,0.9679696385883189,1.1302701998274551,2.1179747435481575,0.9465971758858198,1.7252111145809819,1.111264561802353,1.6384422299587997,1.8477294517809275,1.0962428003957967,0.49158578719088303
1.550911138639491,1.980203261263275,0.8968430474600321,2.4394198909130034,3.9130478596221066,-0.14549968913416572,-0.9168225692610692,-2.2560992383968874,-1.5126005476102755,0.7850652355252833,2.663918582872545,7.2934068181977,4.763824876309255,7.694787125953413,6.306904865891504,0.8039979101043446,0.4542518828823564,5.262941725228578,1.2316338119010228,3.6092712362360113,3.3983024866003904,3.07632933922349,1.3410514325473508,1.3350608630301921,1.227495444797325,1.3884319338113051,1.3699801016570838,1.4763274516929805,1.6818797567588686,2.0130635329508393,2.386233255589569,1.1664983653184609,1.4729746278459723,0.662487789918711
0.36632398244563075,0.38219989374691105,-0.8425524938483542,-1.6526333394298158,-0.15753316978447884,0.1916746182401455,0.8658712963319145,2.3913703895994916,0.8083801332168116,7.474725854362023,5.33460817162684,4.593753587743053,8.441239507116508,4.175319172539167,0.6244550365721546,6.903194897924581,4.162639732004572,3.9242747774072932,3.989613853573335,2.323350004519437,1.9073186257230095,2.9520831173620357,2.6272430337993544,2.1006310289535075,2.276657269571011,1.324970341319132,-0.566164947946709,1.032709974090163,1.7613995452622058,3.35028547043616,2.402694904086831,1.4187423841616078,1.5384234392031733,1.2389683351187029
-0.14951255870348135,1.6680566332048499,2.8414648948700614,-5.3801156743144745,-0.7675248279213492,-0.3230499771976029,2.696724742724522,-0.8567895630439284,-0.1741572762665935,3.5699328887103,3.3117048177299493,7.03113842394953,3.1439967537305282,-0.010144615544973664,4.76645358267992,3.0416250726993423,3.826547498982959,4.340198231561028,2.845524857576705,3.4678688024191042,0.7437080539165518,3.7491212291748144,3.0674184922933465,3.038607379269024,2.003254955369752,2.15877449291055,2.5798801590356653,2.261098623141735,2.214450612713126,3.9911418634957068,2.2150467118394315,1.1952650482834297,1.998855124072351,1.617610754430419
-1.4246458531526045,2.582676043906276,6.078623865985537,-0.1516284586629537,-2.387799013327553,-0.776411554650199,-1.9312641206709464,4.1586470520359455,-2.164233320588667,2.289611622235842,2.0477556284461262,4.655253281168446,5.101739042337977,2.900625975484343,2.876094732246869,3.5000984322432243,1.8292700589042536,3.3186124814330755,-0.6974972751576669,0.9436976581663163,1.6127266116809647,0.158592404806493,1.7075744524825427,2.8326445874495496,1.6120400268733805,1.6560329753150191,1.414346711746279,1.4886668338863496,1.247977792012707,4.014537655679049,2.8607287642314705,1.7287269893124853,1.9897466340691023,1.9868155110729424
4.423468222973651,3.92982035082007,3.833168657869631,1.134119446963894,-0.8643632143651672,-1.0276298478255497,1.1719445161291597,1.1066158404629192,-0.3722025084105235,2.240369941246037,3.4459873292841348,7.4117183642988245,1.8800057165642599,5.452175381399532,2.3728307076075095,1.5784523415068112,6.745327264309675,-0.9560377270776874,2.445393980613418,1.6990768890250145,2.991874728106205,2.5476824256544317,1.898832674146078,2.3635756894179396,-0.18373643258620473,1.5002171626614489,2.6649264886258424,2.582849014692999,2.094986512578519,5.014555125928058,3.5083529362477863,2.057752366264138,1.9611642286989583,1.8866778217292597
3.7415431756566706,3.5025866441142797,2.5478414391783475,0.06570078181390195,-0.9399776801047095,-1.7253308868320671,0.5500760880524246,-0.07073682013311754,1.619837063886066,-1.6010122619327287,5.347080518325969,8.756241711177854,4.020283540093642,1.4805927734480409,0.9741216377946134,2.005832643873588,-0.7719108067373527,-1.1116625992685594,2.1939380696236612,0.008011996565914606,2.806849332771679,2.7458103937165177,1.2896180709494294,1.474065293183369,1.4353193095045378,0.8944983630521911,2.456901502916289,2.0570535635312095,1.7486903768383075,5.90636180980171,3.8127085659207527,2.6178807918312117,2.04122034913646,2.1343461372836354
3.127798750726203,2.633084418161045,1.7368699518647712,0.1864048427918128,-1.3168188672592984,0.9462019162096866,-1.3395601057443742,-0.8888478656888711,-1.4470621465329956,5.1454559283219465,0.2112128901666493,3.913439410567246,-1.0747087594233076,3.46088995035517,2.491167115486931,3.393438665072703,4.451161860161995,1.806920033074452,2.4824944056679836,1.4758088797119948,1.2750431893554905,1.2050839141551875,2.2283056647487474,2.941409969616327,0.8418073000788185,2.0057457983013096,1.9525668670580811,1.968433704747354,1.7556689185698306,4.964081232810706,4.721654306000788,4.021387994036027,2.40401014868019,1.9090197970958427
1.5291659661842454,1.511075979682351,0.980923787307316,-0.038365171243946616,-2.0003106401241135,-0.42349939927755054,1.597255403998502,0.0436328127977062,-0.8036094622259083,4.401133282691488,1.8795329243390066,1.2374571249583945,2.222515569518405,-1.3815635130963742,2.604559866815588,-0.43828485734250244,1.8560442116104623,1.538516425173102,0.03453246584623342,1.8013395132028527,1.7533772829873593,2.5287531931651492,1.9130971481918155,1.8417834044897916,-0.3636751636347874,2.8128571100399387,2.2894362183858887,2.9333681465462673,1.870426026483816,1.6873882168197667,2.4422637915610816,5.5366718892310365,3.0264825943664775,2.4850049035430235
0.8143142321444029,1.3798121152095177,0.7603729427631535,0.046103807775571604,-0.9731844799502597,-0.9780956675847867,1.3465007566627993,1.5934110788468958,2.0515723788991376,3.4138346450423205,3.1462714624488415,5.5508706516113975,-1.228183155890454,5.069807221291255,1.5894532927979004,1.9436550080267838,2.9199607705431334,-0.8229201128498732,-0.6330376316009249,-0.2813822985916185,0.6764919903269132,0.839082158499768,1.7324810668668316,1.2945018342729715,-0.9182693071325694,1.6018757830728176,3.0729469422098115,2.156913120745469,1.7398214849061175,1.5140757169041188,1.752100592810258,1.8570154169002069,5.9442483289357915,1.8730106198082408
0.6840719415225965,1.102711564064043,0.9890428751817208,0.6402008232555613,-1.1320248811875198,-0.9494363534931366,-1.9677630294039563,2.9739470241251147,-2.3288526016082973,2.16509701030547,-0.8728126474839435,4.047636408974863,1.8446503098165419,0.110233410628051,2.0409370550968586,2.135829738610013,1.0657328607043042,1.2970983927324502,2.9688578697554795,1.4475773800202532,2.428498442123927,-0.35210881340667244,2.593495519617644,2.276434870675483,1.3813387533536652,2.2478776026618075,2.005186460583954,2.0296179928730127,1.7445271979603596,2.6881742091297838,2.4961363230947207,1.9103886086586235,6.594141829305842,7.7418442691162435
0.159830818779128,0.46572935067834687,1.1589896583370758,1.631118890285776,0.5193095119654568,0.5414636257447274,-0.11503584099129523,-0.9399814733945566,1.9855696710869988,1.3923161494888665,4.795553372833602,4.410450871926224,0.2476137331956024,3.1115090152182425,2.1810525789129738,2.3763108095453376,1.4765746213331319,0.2342177028328402,2.209687695568513,-1.0921929704869515,2.4627087692996876,0.4309978897210912,2.407727214954177,1.3776906425067428,2.2373371805121955,1.8498001815960197,1.707531276603201,2.198835861048733,2.6101990651557423,2.893782973185022,2.096455825797916,2.160958768583241,2.270939540095621,7.525010687584277
-0.08931790353282684,0.5158203539420124,0.8863727977923685,1.2720424152518053,1.7969553885015181,-0.019381599987981214,-1.6348872276961528,1.780108997122521,0.6563320599304487,-2.771189857033092,-2.263616074761378,-1.1898421155133085,3.3335862699513665,2.1444321707166982,2.8116133139398793,2.0966773191551034,1.4141037957096745,1.4977648610005805,1.460872243345941,2.169315069370026,2.3316636928467203,1.7736076128248628,1.8108794142734619,1.3177774739473636,2.5922353906984594,2.400893314996806,2.958000172930211,3.648528509639894,2.7254752564641325,2.904188149380651,2.488241354367198,2.6523046737022318,6.350730386497184,7.407333339453076
-0.7005433438986708,-0.14410769783081395,0.29561491295975734,1.0645118633667126,1.7510720960364186,0.575618147732719,0.7892371674544844,-0.7345264884862096,-0.9733198419086473,-1.261756672804136,1.6489761794988138,-3.0216196682321708,2.0109095598563296,1.980246765449813,1.754963760047802,3.1532044729842283,1.2165488497451022,-0.7890391031681038,0.8851912868075155,2.1766517334638147,2.0550687779008556,3.2448931130656136,2.4646609046431642,1.696555412046107,3.169537228755334,2.452409832185659,4.065133459794043,2.5982589227140664,2.2981524941706146,2.758544296390346,3.0670341641323278,2.0329700588928086,5.747093892072452,6.807112284960498
