script/wind350m.json
{"header": {"parameterCategory": 2, "parameterNumber": 3, "lo1": 3.000054539987559, "la1": 64.9999836372058, "dx": 0.5, "dy": 0.25, "nx": 34, "ny": 52, "refTime": "2025-11-26T11:00:00.000Z"}, "data":
[rows 0 to 23 of 52, columns 0 to 33 of 34]
22.191715166172482,20.472713037643505,19.53772800139718,19.358202281879603,18.74432794314053,20.505067322360922,18.498514138833514,18.351440528517035,17.691784641899975,16.871677912611936,15.313260516575358,13.56898615124528,12.061565564030838,8.249180929518165,6.988870462053083,8.525642158453866,8.607135833391906,12.13479883313087,10.392086001549115,8.60078602730442,4.8570637358667605,2.2568153639760795,2.3594133015726397,2.803285862846267,-0.15475828475226625,0.8040580431287716,2.0162171769615225,0.06574239449784396,1.225018077964205,1.3142545316682714,2.4176756096350047,2.6818222036448276,2.098579785935597,2.305741590838193
22.063278898676337,22.788554302225272,20.935411340806876,20.24858423475807,20.451782170967647,18.844287148386236,19.407396198997397,18.579130249698792,17.97827597347322,17.31652995029618,16.505887905333562,14.575640301547743,12.451261746536957,10.870501922232648,8.958733402028878,-0.07384811887732952,11.775399137309075,10.20920649633133,7.830026133839374,6.104861372108463,6.534824298371519,3.6020509634948628,3.339977995320645,0.9186581657983546,0.9008718561002531,1.732831759304876,3.1498571413381513,2.1872498686723274,2.7381686101901836,0.7069917352642208,2.385203327718362,3.1961441290854085,1.647215752862586,1.8630621811055639
24.93242222769413,22.950073874564062,22.310358891244316,21.49498959201848,20.961201925951528,19.66361651580492,19.90029709106728,19.411721011427435,19.26878255054536,17.562454966146134,16.053106764374345,14.516858379563947,13.042772015830817,11.489970262025054,10.129804613298711,11.188087270535611,10.619275089242189,10.887964318203748,8.46098233551116,5.900217308261152,4.65864582788793,3.1327887586356717,3.7260006122521223,-0.08017984838701954,1.1749418887714975,2.0140394240225374,2.524946913359217,2.559381984240276,2.294934116128568,2.7868235460915614,0.49103469072082184,2.742676510306861,2.7443672954243645,3.180476258747761
23.62178285630053,23.644256746383338,22.681375107872217,22.304475711117774,21.85533766981459,22.00497820211074,21.61054881884049,19.964153470626712,19.04467540680616,16.76807004757947,15.927843921099562,14.43059031911935,12.448266373634524,10.756663849327712,10.808308997911436,11.46167695099802,8.346131933022972,9.973627742941783,8.409505329500455,5.861751675088687,5.335778654515656,2.766866903461864,1.2197455315882804,2.2952582192830193,0.6800809762129291,0.3786325374398498,-1.4637426469317498,3.454851417427386,3.672927470553888,3.916068288731356,3.1325413124559898,2.7456306730024616,3.0313740358613863,2.2009233356628
23.690750246370154,24.310539519561825,23.076772836168065,22.88599328290365,22.174429215731177,21.16218076832023,21.523453056014706,20.458974653845264,18.16757675071891,17.033061519488506,15.296830810580191,13.623711964121586,11.310777983937193,9.753250550036316,9.108908436912978,7.818714159354613,6.957239535601447,9.81339234477933,7.434288546624697,3.84938304071296,3.1294404825585675,-0.3912994125610551,0.5163404200557966,-0.6796833299939185,0.8595225624656462,2.651738330239648,3.2572202622590436,3.9567168108731714,2.5475584804453764,3.485040706068316,3.3145603379117,2.96835533039001,2.5087348821797257,2.8898098844886198
23.85569246435842,23.781750473956283,23.35840329616506,22.596679322317726,22.110322201598798,22.662577530455962,21.93640999635793,20.085032196125496,18.108683806773936,16.667329333852418,14.320057617745906,11.089031131321555,10.651240215823469,8.560001848831481,6.3909850203398655,6.750753508542904,8.883845448990778,7.756553887699937,4.670582880280282,4.329131123048227,2.7197351634014577,0.22565758317238352,-1.3555806699188704,0.7502584562985462,1.7668287825191378,4.402251327873487,3.4127708129318983,2.8234571969586937,3.622298708579308,2.242992861990548,3.1711931307983634,2.8908401944999036,3.963056463644243,3.8161293540839916
23.854704612986996,23.612586212781114,23.54629351451378,22.415025669480585,21.898042793788804,22.766056050765492,21.643426346993646,19.35880015737546,17.531300058473295,15.135277926535748,12.359661585395965,12.320952815823457,8.315943937283487,8.581863083910083,7.332766351780179,7.449392314987549,7.198246031869274,5.538488791286774,2.531973791627534,1.8186456401525994,1.238069313319497,-0.038487838810705305,0.5446111580821088,2.5921565895478134,1.4474738882712428,2.1633954028375655,2.7171940906502856,2.622279286035631,3.699877380219859,2.987593276090972,3.0916760456814583,3.2769995118604096,4.313462220150434,5.762805199602179
23.591766311956764,23.688838141452116,23.4495486011843,22.425758247873745,23.89484260456129,22.928426286804857,20.716404292618744,18.955209350022553,16.20660827028243,12.599627510106819,12.452934195980134,10.334545944244194,8.051649541639716,6.797426751585435,4.657675794981414,4.870932847350839,4.4580888192798405,4.575457111414674,2.261565763408295,2.3755283192893266,-0.14461248062488197,1.686540838006304,1.0859177511742628,0.21976292574170772,0.8854319236620222,0.7938442806234683,1.9998122485458703,2.626713916027604,3.382785917766808,3.3480637609887225,3.9909100351267957,3.9393086833655797,5.176234924390208,6.0255750751754915
22.890669493002743,23.16496489018257,22.872781519097686,22.575998350096146,24.275985371374247,22.08869026688467,19.400853477182523,17.02541733592426,14.538088963479462,13.697320580183051,11.827811772406253,4.998537366876129,3.257527420116234,4.623221129922608,3.904675440547691,7.360208969944334,4.720383728825236,2.7027583773957455,6.460189728416449,0.39957781643912893,-1.098592567674907,0.3074802040773735,-0.5507772832887788,0.5112185577367502,-0.2825827961390265,1.1702988768230762,2.790246042455208,2.6059014632778545,3.338093185226856,3.4879492644355494,3.3779370937117816,4.278514188978657,6.142809294268495,5.153879847925129
22.55004052873669,22.425216965769746,22.361343291498848,24.488156218330836,24.47862647219204,21.598517140966056,18.48013189382051,15.054614551241416,13.540057923362317,9.390379048202076,5.154003980601468,8.861791209165437,6.5739043481583135,6.748425554143134,7.848010723888252,9.112218231624935,7.573607811451061,8.359962102612288,4.183063952538659,3.8251197740911973,1.4206026402181648,0.9391697721971977,1.4310903174404601,1.9087241145486682,0.9969027609096728,1.1762218077970954,2.1449438983024525,3.0768549672051746,2.428200947336033,3.1377067577411606,3.867651407096629,5.524997633632482,5.647028628765222,5.2752539650650645
22.154286001444646,22.58327826063756,22.852752025788266,25.05768421803851,24.392752677944202,20.51024453226762,17.05529848705067,6.851491187762768,15.68042888958258,12.564600114914416,7.935314044796338,9.359512081664205,7.036704357157858,7.254365216710353,7.322891071811073,6.719042890662718,8.321761916562396,1.863831720266847,4.2583903870628586,2.755183740758304,3.5931342945898153,1.959466140855813,1.3901656749237925,0.5362273458694141,2.3021144476324533,3.1173007891183695,2.763927208083025,2.724807691412163,2.1972458350050954,1.179809038208535,3.6096229316877118,5.9554625650154485,5.278968900197718,4.5286946140474855
21.640745260584584,21.62239394497192,22.119497258890473,24.542347253806,22.33819952849857,17.04188956077227,15.424256311344076,8.313274904991891,13.434224352941083,8.766723941292646,3.7949812276897563,5.181858919094489,5.6463598243082,5.991025764060561,7.120870290144165,5.04025403064658,4.016097542283339,4.4396416141374875,5.803217484128799,1.811915877530446,2.9200134065721435,0.8101211206366568,0.5076606046537702,3.6622835283415216,2.2524329095783977,2.8914904935327264,3.2655347292043255,3.3632600339418,2.245448914527609,1.4492083781966008,2.6320879128533052,5.348271218492657,4.4995797701455835,3.9914544515949126
21.104807425033968,20.902905192957164,21.16359303568602,24.299681498032722,21.503761583887897,20.064795598424308,11.547567747895886,8.561608141876995,11.093766460844057,6.147059846939354,6.290454732777568,7.327428183126365,8.711947744425084,4.837498446059123,3.354984695467631,2.2404474209472514,5.66995865102108,4.2647713992117176,2.223611247091785,3.1856657301615385,2.393255618269023,1.2644160576557253,1.5395416816141776,0.4782627591425577,2.763672779356842,1.7578639366274775,1.1752124639641586,1.6470587384150874,1.5103414233818118,1.4362150540883505,3.0814622263687346,4.163996915465447,3.6380710225212294,3.466355190962245
20.449414392382263,20.216140418225002,19.847168782090716,21.849482696727904,21.75074583381644,19.49776749446242,14.275481661994366,8.846469531083477,5.819781878523385,8.129968315000605,6.840820122753754,4.648649886415546,0.05891241385112032,1.827422761606426,4.22329263012769,2.085756234997108,3.428098070133612,3.4586412788655125,4.229423698025325,2.441967836390032,1.4547156325893715,1.6366356446563444,1.600101651462287,2.3072032673933016,1.5731771781953552,3.932607498801074,2.4404343273971034,2.0662046974830948,-0.15892420422550557,1.175433246380514,2.9846999738199242,2.682809846960276,2.993280072711583,3.650387731630814
19.9738115068035,19.115436087178104,18.520679903289505,20.47003879313162,18.152720036930063,9.509890935408231,4.4535651334963005,3.4525322635822544,1.8436694000514557,4.168981906973918,2.0985387653299385,2.9546299136556233,2.1961756690918603,2.8367736193874373,2.7653046012030726,4.1250592663714745,3.57822919960315,3.1072106545747125,4.705233805242993,3.55896555049462,1.3634163370660843,1.6891852868461539,1.8433113260280045,3.2500288162797806,3.224417697672786,2.7562409256337856,2.262965337021689,2.152199293947491,0.8939450951659494,1.7382663613424223,2.322499066276446,2.2776620161541197,3.59999209552736,4.195579900473428
18.881342832864988,17.80109580677231,17.06667790118721,19.708442851946447,15.315532579423461,11.762889738031266,8.52803415705594,1.0317587208830383,2.3045950899222163,2.4946903116315684,0.35688405064428674,1.0540140324435952,0.4031920249790371,1.8615915816287927,2.374985120491612,3.07104530908289,3.093996249448462,4.643671778394929,2.7910194676392597,2.6641793806739185,3.9680037047656835,1.4243926889986893,0.4765613040637173,1.5407104892998968,3.7818187270619728,3.897831162588151,2.6643099873469644,0.23934808385852335,0.29675501794236847,1.7472841382278594,2.5026601617730955,3.324770197318122,4.0157855063003725,4.044684198789661
17.91617378123845,16.624405697395698,15.83496097103546,17.594569585779702,17.937476398476974,15.838955173941219,9.962727816778042,7.629375749400468,5.134187920688582,5.880552980550234,0.4899002675235883,2.509688767196461,1.2566180706381636,1.9471464978821875,2.4032551758589396,1.09461168404829,2.960472952946972,4.212681286724119,3.732899508207224,3.866862955455376,2.4838200441482705,2.8081628465516406,2.1183505148289,0.4364292249322059,1.8007069983123714,2.338386760512789,2.2064967108414044,1.1227603995869293,1.072841965143539,1.4191697013122382,3.5126447691607297,3.534868978473343,3.501314958656463,3.720729573829578
17.179134323636923,15.452382195315524,14.487677855508602,15.949620756609866,15.536134462548084,9.616017157353253,7.803873946411553,5.535478230823654,6.316897275827011,2.468031877144618,0.023120472686595773,0.11161858904244062,3.050197730062063,2.411575226114206,2.4189895594628013,1.967575891742603,3.1032574554199366,2.566728349233508,3.2084944118855603,3.882288617912298,3.4443343521913303,2.4976346067664585,2.2388898473647822,2.1032180928827815,0.30540166939497143,0.5855682656173373,-0.03622801913301807,0.7423225729091154,1.3286678466264594,2.2167878062611663,2.692811421519401,1.934192971320888,2.459556407383898,3.162921709803827
16.11313604489181,14.382280055812895,13.393845333615682,14.672322013770877,14.041789696457451,10.816635988432676,6.651906283378456,6.3069052241331764,1.164763980053271,3.325782846077361,-0.4353139576627028,1.408251364491385,1.3460512848646575,3.1264443568681046,1.351418909809624,5.140782566247616,3.6155494069245413,4.684094810602371,5.252827739874068,4.0807329757055575,3.2563415579879065,3.8792453224141483,2.885811060455417,0.9088924328439852,0.6393414508357759,-1.4602157387847419,0.43813461408057675,1.2292300713333228,2.4652704326222064,1.880823884886833,1.7490084253721625,1.1439524697014387,1.502888760953446,2.681431128445314
15.119896113842904,13.026220166577552,12.277238174896784,11.85701963960343,12.555340796499488,10.184389958267369,1.1593840797021495,4.67626076336151,3.6775820548560496,1.5996411253212621,1.6764695193296622,1.550994663252643,0.8119281236774651,1.5873212582800689,3.0385659835514214,3.0979652047666915,3.543343106652851,4.895577477893827,3.946740097635291,3.8621839113848018,2.457007574197172,2.4643784805839664,2.68496219769534,1.6307243450085112,-0.3454576594424474,0.6575931164985066,-0.10984406892297045,1.3386271606383258,1.224477004310634,1.3542547749430256,1.4726257983033821,0.9125074388990355,0.3097789439770207,1.9994314212673692
13.95381431850897,12.054891055972057,11.660066441931821,11.410926976721639,12.520755786094913,11.17833744892921,9.46958237910188,7.137526695423238,5.580854354672657,3.5002594837747028,2.2349984462054664,1.9967900256233548,1.8889942673362232,1.2688582025367479,4.730640891237197,4.629601326459269,5.567585174844486,4.540469204101642,3.614940808647216,3.2625331697811473,2.12340291268152,2.455285134561448,2.0522828144155696,2.092447421057288,2.4765631894704745,0.5871231697845367,0.9057585002907158,0.9300320509036354,1.0036658803472047,0.3116211627895708,0.07654888118701865,0.092305142900638,0.3419617761398015,1.1345947749503758
13.099494415597372,11.16544287107016,11.22971818729861,11.440184495000214,11.021333573804899,10.977901422468019,6.979250132774455,4.836874051756806,4.94924608546085,2.65429198841302,2.1464161363321064,2.5678642913937653,1.2430758984546075,2.383979862163287,2.1720541184893776,6.069038258955324,5.987915773022758,4.438882107061927,3.491961624785962,2.1543248485282307,3.1180873046536832,3.3264062597129485,2.3531831885378582,1.7826786615304628,0.8935145866374314,1.4124915220424306,-0.1482409792091108,0.1671673277514409,0.1455097770085916,0.514798285006374,1.7510413457930594,1.2141028012193038,1.815991983301622,1.757837020319633
12.52146486220266,10.445083714994778,10.682375756381152,10.653323683781112,9.697929258742294,10.54102019267256,7.565751093275058,4.927259604509923,4.961258053459145,2.803038287424361,0.6916393575197647,1.581360934391696,-0.013544610356585907,2.0897029085967027,4.0063583524073785,3.2985171740994375,5.420940997548882,3.822845431051589,2.835527015505582,3.550642716364825,3.595249277600555,3.040681744901239,1.540821700140562,1.1059196319536668,0.2784416873673895,0.31013911569758973,0.16176235367753214,0.6390945995917895,0.4806696293551105,-0.03847821932154833,0.4677691294250841,0.8572767337991338,0.9951566083470785,0.7732801845969964
11.956918877474756,10.106767202640675,10.236728288834795,9.652834230121615,9.677345044370568,9.291939436361618,7.483373371609919,4.484880880721171,5.9078470095988775,1.1799951645298477,1.6968664448615525,1.0074554716192117,0.9442608448456236,3.7263597478243407,6.205036529503276,3.979438273209083,4.747361437604806,3.527187220348172,2.529507250756742,2.929761084051093,4.138717833491706,2.5210427716289305,0.6840184193239853,0.4552196028210342,1.296170044191711,0.073979146245052,-0.12492837778858369,-0.3606088116523694,0.5806697853518826,0.6970318926136494,0.9436136857909952,0.8969238077308115,1.0180908579465573,1.107787081114726
