script/wind450m.json
{"header": {"parameterCategory": 2, "parameterNumber": 3, "lo1": 3.000054539987559, "la1": 64.9999836372058, "dx": 0.5, "dy": 0.25, "nx": 34, "ny": 52, "refTime": "2026-04-21T19:00:00.000Z"}, "data":
[rows 0 to 23 of 52, columns 0 to 33 of 34]
-5.159005224581154,-4.398954325982892,-4.631619646307336,-4.908716474593205,-5.3205505645285225,-5.359993339993361,-5.118607492123135,-3.8703446292656642,-4.586926498189599,-4.346205730527245,-3.7126076375925954,-3.0059600639916306,-2.900995066136465,-2.3100673253873008,-1.6342780959590721,-1.548829130964622,-1.0266582996656883,-0.5380200710657501,-1.7130562681881965,-3.2139747965052656,-6.551566891696198,-5.493466224748652,-7.729430002796423,-9.502500701293371,-12.925121193717604,-5.339631802366596,-8.849716997313953,-11.440942916962971,-7.719241133457724,-7.683654148510844,-8.05731486597734,-8.175221881943052,-10.199098837796004,-8.362893311929913
-4.653513930467356,-4.738083837475072,-4.729247456855846,-4.442035132458054,-4.421600935216536,-4.652724875122594,-4.585109016739975,-4.17732100527023,-3.5986374582911616,-3.38623855309898,-3.059451290834077,-2.6914336523421833,-2.2284195255493904,-1.9949067843699537,-1.7132933603430287,-0.9250115141705633,-0.2311555599435349,-0.5316052615444087,-1.816907107094444,-6.592696199650401,-3.3385296424626207,-7.134654446811718,-7.231202677828105,-11.071640115870967,-8.28585369972222,-9.427391203334835,-8.312719929006466,-5.901013173162074,-7.1532231919381735,-9.462908318915845,-7.883141310416,-7.981092739775111,-9.321335959665982,-10.239817816165722
-4.2407049969639825,-3.699074767220087,-3.4160084191787647,-4.128418922738354,-3.963481194847944,-3.8315265111402326,-3.6676661318269086,-3.324607211647828,-2.8370139418917253,-2.5602048973063636,-2.5781945703042397,-2.702286893832998,-2.0757225507573147,-1.797031665531366,-1.179932170636283,-0.7624361872795782,-1.3244048618718858,-3.133855240506518,-2.4604468976586498,-4.552929903292206,-6.909611504715417,-6.538188839448625,-5.172810245677453,-9.953243382483532,-10.009959199974459,-7.928609583933462,-8.153129181043656,-11.016081820018384,-8.75485984919089,-9.98817115252403,-10.784263430492608,-9.78667296161001,-9.800613177569753,-12.467846915402315
-4.069757496435979,-4.110379675231637,-3.6374972232017715,-3.768679881140331,-3.151052961639345,-3.067361480569246,-2.7391084652247386,-2.450266717508974,-2.708721021809235,-2.568512957143502,-2.5489788566768588,-2.121530443635778,-2.0519359171688754,-1.690045955572777,-0.6515185179500893,-0.6833070792525423,-2.806243223532367,-3.19740813520682,-5.1811649300840195,-1.4790412528761365,-4.952957632320567,-9.515609355388456,-11.766008360571501,-10.654802412482683,-7.401989302482676,-8.805683711971525,-13.508619676991318,-8.644962657084848,-10.291652516612551,-9.740892989430655,-11.00926014557446,-12.484936140573941,-10.183401965219073,-12.989830400069549
-4.1789865009559275,-3.7460160529486113,-3.396628908268052,-3.3873535413507825,-3.478009270651725,-3.2202418648306503,-3.1461590868381077,-2.965284157477632,-3.1312283765044335,-3.049290972457962,-2.816607864393602,-2.5244330853706636,-2.3511711388264556,-1.5280539707444956,-1.4561392768321495,-2.179130606533579,-4.177106757371955,-2.1357916267316033,-3.5247051899439548,-6.234208690394561,-6.404439295730095,-12.891822626697795,-9.061878378320532,-9.042921264066408,-9.550405931016373,-9.988452111120003,-9.53111556359369,-8.918839684312395,-12.823828152883486,-9.500531379037485,-10.367418218758951,-13.032191319612792,-11.958973880610396,-9.802288993150444
-4.001362899650526,-4.094890062561934,-4.266463128663415,-4.157280280394256,-3.752799966039083,-3.7849981024131005,-3.6616971824351428,-3.5064653136728396,-3.412568212212738,-3.0240970671563248,-2.640581110915083,-2.843106227384308,-3.7393249612693342,-2.884496970665632,-3.8205027264818314,-4.850899037736348,-3.2243984396739642,-2.851115960715605,-6.454239129088825,-8.043980902375194,-8.263600228741371,-10.635602922290222,-11.608743364381194,-8.995617118775636,-7.028209693031635,-8.136893337201483,-6.931952121498618,-8.62865481395655,-8.703263721768762,-11.238163677849391,-11.973182327341005,-11.850716575159423,-11.580538723062102,-12.424863478547008
-4.1365346355830255,-3.9748479412558932,-3.4463761331670595,-3.211638204482004,-3.0195694252396343,-3.027199980173892,-2.625315843950076,-2.222532992127441,-2.426663247807051,-3.2210620916471417,-2.7533951549410904,-2.5165200819811777,-2.3244658425409264,-3.1506677478483334,-4.53184602510711,-2.961561261513465,-3.3477363279071444,-4.092185423410814,-7.472384393000652,-9.101123270914027,-8.233770106307846,-9.047340393045959,-10.52101929782477,-8.672031170449404,-9.991297870719315,-9.504396659879289,-10.274518044115226,-8.969451957366731,-10.323734625391133,-10.851598182702148,-10.628943363799252,-11.005385559856624,-12.775055972908364,-8.7716313748782
-3.527031613789018,-3.4836122248969583,-3.4204062112591878,-3.3859649959845752,-3.3945498371390395,-2.1986973431022405,-2.415454382060619,-2.2865069822422734,-2.4042011303648465,-2.2977666121087825,-1.4683111634738293,-2.2903293461596017,-0.09678269348732149,-2.0968189730079927,-1.3517692064651863,-2.4234726518620766,-2.820913008332501,-5.240736715324695,-8.038401510383697,-5.3985997042170055,-9.270812289173406,-8.731326832017006,-8.007898762750132,-9.07595897639644,-9.023038948215705,-9.0060109865496,-11.873736450507002,-11.886284794424757,-10.485409400342173,-11.293979437788972,-12.631364834877981,-12.130098916421495,-12.973046359047572,-12.371472557230012
-4.161924441467989,-4.141622053148855,-3.7915144685032405,-3.9778865046535232,-2.586465406484031,-2.2702901751972884,-2.661639014146668,-2.6759816326234107,-2.51053575824352,-2.442127524661498,-1.0952377234696051,0.11245195858709393,1.3028313167105574,-1.9409517260630027,-1.8632841711698407,-3.1166055340660432,-5.72094259931663,-7.239866137081445,-5.835557454345026,-12.338300621756265,-13.519153815871125,-15.104103040752042,-12.813436614514233,-12.37175707232161,-10.62128604227326,-11.036927696257099,-10.860093479395571,-10.261623174892504,-8.680426020789465,-9.444097068471422,-12.2773719885301,-12.219036315355938,-12.515700637276584,-13.365168949895297
-4.785012662230807,-5.012612965270863,-4.636102034166846,-3.6216126863692457,-3.1350401674277437,-0.9164092019195454,-2.930478348685189,-2.8700286191014768,-0.047203116300996086,-0.12144898925074453,-1.005272065328149,-0.06259390500483389,-3.0692570504054295,-3.0898121985388265,-5.259820579917063,-6.014786339969345,-7.9107282902376355,-11.187128196763846,-12.11222674262639,-13.896266096449121,-14.499334798471756,-10.666289542837955,-9.539496914990954,-10.413162533412583,-11.714646427859368,-11.922637286490831,-9.515487192326463,-12.360168105059575,-11.938853286480287,-12.633818913844772,-13.647464923012691,-13.217507687417616,-11.962784964368915,-13.105177989074953
-5.508679146317492,-5.22185027699027,-4.268761216743545,-4.609783017583944,-3.237292006732903,-5.530369359595153,-4.36795273810464,-0.7681811971353818,-0.20704579815548918,-1.1040680766478437,-1.7624779615880768,-1.9454562472217487,-1.5506614925393816,-4.390522643119072,-6.065483172173547,-9.674482419311722,-10.212263948393556,-8.882234759817145,-13.904925152223772,-11.984526033568761,-13.568589115867113,-12.16643869822379,-14.629686915488161,-10.127617482274875,-13.807018255004023,-11.380375141948367,-7.93510778176724,-11.401393323599589,-11.698445415214449,-10.67994979931536,-13.061740986136822,-13.326936056361157,-13.608241808771117,-13.178480623504402
-5.311021187571455,-4.730215266711946,-5.711973261893826,-5.612581710820688,-5.322957867551282,-1.467804638191058,-0.8938084929943594,-0.606775079209279,-2.5797959485084987,-0.7986118555743502,-0.13366903737951383,-3.052200630055597,-3.9190687747635904,-3.3066863168848677,-7.934988826225212,-9.113251055745208,-10.766818821746035,-13.426408930586167,-13.694504075992985,-13.675886960878774,-13.28540309285232,-14.150950557890228,-10.552832368189149,-12.043779665210911,-9.086092220569604,-11.916557507029747,-11.366468208653462,-12.4714329328838,-10.811703162427772,-11.087799225102136,-11.039551109857063,-12.653588087674558,-14.028325739669265,-11.143306436663414
-6.102878105992736,-6.655445859178624,-8.462025588403323,-7.352171706029088,-6.343703844002618,-2.7045766812493555,-1.6824473944139735,0.021366023586001984,-1.1539173971329666,-1.266817933858801,-2.936068550598266,-3.3428389654964676,-6.673825365840821,-3.8332154276065227,-6.466217762614785,-7.8335032724628375,-11.964511737453709,-12.281766405559503,-14.825387739819709,-15.389527312860547,-15.408998230863087,-13.355251400500897,-11.562055568209365,-10.971451300380323,-10.31955095528291,-13.750117845852294,-10.568573990134514,-11.436751498834528,-9.703764667839422,-13.21031831493041,-12.615498263641891,-13.29206873336053,-12.531115665277433,-11.476498588198972
-6.662931490880697,-7.3696537237391775,-8.945470442851509,-11.966472344638884,-2.2966106393182915,0.556253226864303,-1.8931130592791805,-0.811675727574866,-0.3950406565004716,-2.054039310467192,-2.401185510412457,-1.7203747537149545,-6.32315254178914,-9.184556115224396,-3.518793071633337,-7.518757120190506,-11.78339081796937,-11.672224303552271,-14.863947669630635,-12.062567713488164,-9.134310840550125,-13.140308620348973,-10.733569772516569,-10.727425942326784,-11.18276131109416,-11.609215835478773,-10.413803448214821,-9.335837392016407,-10.561130950074304,-10.95983815693405,-12.878979516894068,-14.097827339715563,-10.857096773782306,-12.828020705830003
-8.486796387571209,-9.386102074984139,-10.480535483338857,-10.050571304698398,-0.3006352347129824,-1.766601871688703,-0.24308060079084157,-2.1020262764590223,-1.017197414538761,-1.9940143437003335,-2.1832850003395157,-0.602913768660919,-4.25469897784103,-5.3718876900325006,-5.784626912796518,-7.6131753350981075,-8.76463492205327,-13.626837422080122,-13.86099410471407,-15.135737112687341,-12.985850028334976,-10.136612166183399,-11.72691216705,-12.140506836430111,-12.645649705625775,-11.714591484991136,-14.05407502904122,-13.076689669195899,-12.217412996848267,-11.870429318636297,-13.246183108212406,-13.098316086096796,-10.96576129196046,-13.380499089799768
-9.537878395139112,-10.094286581646633,-12.085373256299336,-7.974765076507481,-2.8442724049297943,-2.044467155646528,-2.4522871882649437,-1.0581680502504975,-1.6803159538255923,-1.567161967987484,-3.4061084902445877,-3.7089103128980545,-1.7235558630362438,-6.195171536135051,-7.7507700763853284,-6.120818984879404,-10.202139991993562,-11.653629006300383,-13.063526205522031,-13.736532461486004,-11.668949284299849,-11.638102630183736,-11.495068593532771,-10.09601105045489,-13.236743508523139,-10.747045870867012,-12.39075813491797,-10.603481280126678,-12.384673124988293,-12.708667970788976,-13.650476898213492,-9.967688634938028,-9.777522937101566,-12.3622227078291
-9.202743562619812,-9.47038033126075,-12.506610472886315,-7.056003118481056,-3.810466729641126,-2.5438123642960795,-1.9210976089462437,-2.107886808724436,-1.5994761635709516,-2.96501081600128,-4.718453777506559,-2.485817104005411,-3.5956791903892165,-6.361640201673278,-6.394877228908385,-5.579374327170352,-6.948382461238365,-11.579501540519054,-12.024823002450574,-13.822478150879402,-10.356218467942954,-12.36305090036584,-11.72668423335459,-11.4878608247536,-11.099172355148326,-12.690931511229435,-11.0386452063428,-14.140590284490795,-13.562400366065086,-13.128701984831844,-11.37851444580095,-10.03498729308057,-9.315392121680102,-13.058950181404596
-8.994163812980444,-9.910517254826411,-13.039120633146933,-9.435451691908934,-5.841108629343284,-2.357436580441034,-2.477661596408368,-2.2435613373916854,-2.955507541840864,-4.59075309428352,-5.112223203824039,-0.13217970436764714,-4.308493526745654,-5.74297826416909,-6.427580826135354,-5.106145553581801,-3.711883185938866,-10.5776077880829,-10.817007048559594,-11.135095907883523,-11.67005221656804,-11.824096962551982,-12.026629530266732,-12.14996062782233,-12.683566163759675,-13.581623676060103,-12.408258543012629,-12.521851204199429,-14.423065670290658,-11.089417883073578,-10.918559048139738,-7.411973966933305,-9.111213170972292,-9.300587960478238
-8.924542785616136,-10.484929243062812,-13.480075756934312,-9.454252938450688,-6.362154324261311,-3.9101277113454116,-1.3138079537714678,-1.3102699746602755,-1.7312680453277332,-1.3217982783957325,-0.8186439106239043,-3.610290043074434,-3.8691951112809444,-5.753081439032194,-6.574955605932229,-5.999178105535376,-8.139579376511618,-8.226442765248487,-8.408528836185738,-9.907556718678082,-10.78352580557023,-11.412055566435038,-12.073251082434364,-11.82764570746608,-13.126796317418286,-11.190112955908212,-10.229418314634401,-11.689292080548608,-9.623325794246682,-11.84875627393657,-7.5298739914708905,-7.4827438404463535,-9.637619508665901,-10.182610350741918
-10.976773627222489,-10.999762806873038,-14.078937555910322,-10.557142956952514,-6.384960834204902,-2.290312473771014,-0.8284626924078714,-1.817886827511172,-4.001363282782397,-4.066318599456209,-3.108766919149712,-5.714049926759898,-4.683304358493623,-7.118393461720731,-5.460255132920895,-5.957903562459061,-7.741477674162238,-8.088529720844669,-9.684623790883668,-10.12303296812791,-10.568227743161732,-12.238989981067185,-11.559524039028386,-12.263669883789978,-8.010945620809146,-13.671127842775093,-6.766324726422667,-9.832245961511084,-10.280644098148995,-10.114841053353999,-8.542867457570729,-8.375993881404574,-10.32407620039443,-11.130541985090884
-10.125968175052531,-11.535698079343875,-14.260460548156308,-9.041105200320038,-6.4994046697785475,-3.4180609784295917,-2.433934489179232,-2.7237609938197793,-3.3344423431879298,-4.277624457936925,-2.0348791812565517,-4.701669358603404,-4.260612073510506,-5.354044750809845,-3.6111167307841727,-5.822153477789996,-7.149000652903041,-8.817476938035645,-10.336817171137062,-10.918678932425454,-11.065931321972673,-10.938767010526455,-10.03421920273141,-12.124194192371613,-8.152329556748345,-9.670789520515127,-7.404379569740429,-10.456135123595994,-7.552388966476653,-8.129496526617293,-9.22072521240046,-9.568777238551897,-10.707722825425716,-12.67135234560979
-10.837416212169897,-12.051761806496478,-13.675050001052988,-7.657901929387225,-6.5696298828377175,-4.227896738113787,-2.428903398436769,-0.45123780959638277,-2.525838385859918,-2.085344907135651,-2.470239947514745,-4.099251545860863,-5.453964336086262,-4.6537006302228345,-2.6827612138613035,-5.359343274597484,-5.757850206391301,-9.781934517810443,-9.228534486711018,-10.870867506533598,-9.619935283186361,-10.624793474910385,-10.065276102513224,-8.272553234287,-6.050393860878622,-7.7650167229296505,-8.445365781517333,-10.218274429939216,-5.870538871955471,-7.4471553460405255,-8.784217326481484,-10.85568443144545,-10.953228081491911,-12.434058712018585
-11.183257347584478,-12.580405401896549,-11.909207832565057,-7.245512807441955,-6.533877557582971,-5.478695533397184,-1.7052561485930973,-0.1481420195070897,-2.4509308152617093,-3.3267617033598853,-5.007849438590115,-2.8651954620448463,-5.287356069080375,-4.689716443952588,-5.276737397437242,-6.623472976875204,-5.276148405327152,-9.32047037917135,-9.670522200069662,-8.672258149014134,-10.190079708496965,-7.927684567629912,-9.558149916633026,-8.513793429263906,-5.4856397253284985,-8.467925131664593,-6.980230454388956,-9.684242165443177,-5.8943873654430545,-6.999834978724585,-8.619493090963962,-10.299837076363941,-11.533220698628188,-12.357528706129496
-11.191129073994475,-12.29761669001045,-11.04918089092878,-7.130240643801693,-7.294977749157637,-5.138056992017726,-2.9490427008160065,-1.8958284958145681,-1.1650825503741333,-3.6261804139320253,-4.355934537328114,-3.693759622016846,-4.164177360076862,-4.444085463746049,-4.601057360278171,-4.7372310848900865,-5.418471711360938,-6.974146918995668,-8.530390056649278,-8.217680113641205,-11.491025883518047,-7.44406287071008,-8.592874063951793,-7.754928597238333,-5.78117936351862,-9.136578836298611,-6.229167495306463,-10.071631431213458,-5.036708553807697,-6.251461972450706,-9.788364365377392,-10.831895493244106,-12.216623742751924,-12.378919306646624
