script/wind250m.json
{"header": {"parameterCategory": 2, "parameterNumber": 2, "lo1": 3.000054539987559, "la1": 64.9999836372058, "dx": 0.5, "dy": 0.25, "nx": 34, "ny": 52, "refTime": "2026-06-17T11:00:00.000Z"}, "data":
[rows 0 to 24 of 52, columns 0 to 33 of 34]
-5.123408354563486,-4.797985777244239,-4.505170050605962,-4.368697869236751,-3.644570455470729,-3.342474963237942,-4.080440814898292,-3.235109654737945,-2.9394919219974462,-2.9712573096348054,-2.947506908228547,-2.8554978760711758,-3.005183791825064,-2.839520454905043,-2.6257113733614617,-2.052119949654799,-1.0131988133836747,0.8019846746481922,0.9414370691240326,0.9254929365821377,2.922388018939732,3.330175406805492,2.419977572859891,1.206791417926046,2.0609526759240495,1.1943623039894382,2.3449520789160276,3.2096939152049546,3.535650454168555,1.8343254059130658,1.3934893234816785,1.1911121665288675,1.9013154196358564,4.427378822261011
-5.612099127371787,-5.837159166837268,-4.452415225365716,-4.817179576794182,-5.144476688155851,-4.856318919764683,-4.095018535142452,-4.0401419401956735,-3.9560267865669325,-3.901727381953291,-4.19898284853211,-4.445324631583915,-3.796856605951121,-3.804107943468378,-3.0958743411958083,-1.139256543537371,-0.4493865720661933,0.6594143952267078,1.51491464610416,3.371206709239099,2.0030708500585552,2.379086936484782,2.7480782340934136,4.0723616478351214,2.121200139430246,2.2213632840705224,2.051443254665564,1.8033905575953826,2.970185661921529,2.264391723166546,1.7054892163806368,2.117257986388365,2.3186691800515997,2.7015731064935817
-6.436018889617504,-5.967575756391329,-6.14915139386442,-6.127786519491664,-5.332064771884928,-4.869127437589461,-4.6897759564240475,-4.816884757244602,-4.839644224125612,-4.986141624851379,-5.261203344350629,-4.7181904969406645,-4.678378587185801,-4.177631305620086,-3.587916967770078,-1.9054614192974424,-0.7011578915000973,0.4072918187244963,0.4550584388099738,2.429867034321382,2.9631866473155823,2.790787257143002,3.896687369869786,3.690748814726152,2.8806213681613317,2.468684124401926,2.3583330418558273,2.5584864904846567,3.23584195376039,2.7792889927716797,1.6360183687145171,2.7379101284354372,3.5246679728946093,4.077276589330305
-6.959568093491976,-6.528173995454199,-5.785700434238031,-5.6704363911911,-5.823507663086236,-5.4554879652473245,-5.702000851250872,-5.557053509371127,-5.726681072741958,-6.034679021838318,-6.120371660087984,-5.557944938419774,-5.2010627070783455,-4.398541360843692,-3.5530364999419572,-1.8565485675155753,-0.2798630519027007,0.14719108221422414,1.2879880973124127,1.4734149249989983,3.0201737490295786,3.6860830039334407,3.284015486009539,3.9503344520414125,4.787204760285443,3.6559871709313914,3.0958757119137097,2.766646194097511,3.039705759075069,3.2154874206178943,1.8207190210750106,1.8792463219424926,1.9310213282679798,4.109486192130612
-8.12546280945491,-8.298916032247307,-7.453441491457787,-7.336705477188464,-7.059676277739562,-6.975632412543422,-7.037518334463303,-7.028705820062076,-6.866381078868068,-6.8203741459614955,-6.847744934129845,-6.492053872681271,-5.936452637850283,-4.913330014201764,-1.881147774773609,-1.218762081272897,-1.6781737748596843,1.45349323524839,1.4581953281664712,2.787643705524084,1.945744324118322,4.110836628089879,2.597964961868227,2.5877414045600737,2.756243732525461,3.986153693523215,4.341420108250401,3.610055905084955,3.453940436797113,4.3887689540120975,3.43570910326028,2.2707173758500754,1.2701493906993184,3.581377563007519
-7.2166301455664055,-7.358383871754246,-7.569103456993254,-7.34978192217193,-7.709714648090918,-7.861117029161094,-8.320922602706322,-8.492656063222285,-8.038883151978157,-7.860560834347468,-7.761955738502063,-6.752299780037493,-6.016397293100229,-3.575146113490126,0.18120555876037728,-1.1332499309483248,-1.0934607838741057,0.6317857202705504,2.0373018428404026,2.442709811622806,0.887713170597394,2.7914498557044505,2.4106034215215213,3.7030106929714846,2.9856205330972907,1.9363475199179387,4.192253077194625,4.513488821591598,4.00489263400094,4.477581477170087,3.354322735430259,2.1557600365328784,1.4720727059814975,2.0077018486779172
-8.130916101108555,-8.450975012513355,-8.564952948480778,-8.764542889687291,-8.551444034257218,-8.916172640919141,-9.468397763928055,-9.561775593777188,-9.118365571562531,-8.109339325636391,-6.256874133960498,-5.113480167193368,-4.728299863642684,-3.9316397558743743,-3.9782472027017595,-2.72173281809164,-0.6936596539303641,0.4827553603469655,1.4777542338029357,2.0735286953753542,1.0876146851753608,3.9330803417212508,3.453033212707113,2.439554143809648,3.9246949416772,4.244000564157906,3.8282257774800503,4.589676153842406,4.368819776437499,5.441380437219917,4.736422246147407,3.256806941455626,2.224989839114178,2.1013818069515953
-9.284302129381029,-9.337072324533853,-9.756807269616681,-10.303833760293955,-9.090526661614216,-9.345089885317476,-9.98846508197049,-10.047824697755091,-8.554194100223123,-6.162043150928512,-5.745491720906932,-0.5610925058843823,-1.9194937745022826,-3.2432922867867333,-1.806599917667551,-2.1223975414148186,-0.4273645843561434,0.008344825682042332,1.7748095453779371,0.6858615393123808,3.029438241261309,2.5364598904279028,3.217586021820194,3.9008561922818275,2.9451423449419556,3.941901392907722,4.144829925236669,3.9165855017577536,5.099615243808813,4.98437972175608,4.401300002928743,4.383979267472436,2.5199795186568728,2.0134597974552904
-10.125980684398677,-10.024566669884186,-10.320504824163994,-10.731747793621937,-9.552965613438984,-8.761438489109302,-8.74600900323466,-7.5299391237592594,-5.565061651836655,-3.2782751243692165,-0.9421865314635598,-1.3560150509835172,-4.396391547004127,-2.9593780041234585,-2.4183747053645717,-0.8781737188622601,-1.0131481492224068,1.023353181123133,-0.07238425406331452,2.1479910044029187,2.8288897315228985,2.471592119614922,1.3624052372233526,3.911065435421205,4.945276134531845,4.098112557881721,4.461002198800384,4.61476736394365,3.9684865937881524,6.001365129167443,5.310484590279193,5.432596480702377,5.8592532414039304,1.6971052398203408
-10.234414402367138,-8.365422185247164,-7.737738969841151,-6.693566363227103,-5.102368685961542,-4.621633222490947,-3.356933865201763,-1.2749587149333992,0.4696024907634682,-1.61308586020482,-1.5523736817934175,0.747957417410875,-0.1408588303312588,-2.7505847386216864,-1.274353886181584,-0.1341786092340821,-0.7529427397248034,1.4474527177956162,1.5116127673137174,2.5079664125534302,1.6043822909992742,1.9304610066564376,1.3247466480733354,1.3689899150121903,3.9149091332152715,4.7688504426665075,4.542283304950633,4.9896832158207705,5.439557983603728,4.779373011733064,4.8947104988888865,6.868869506128139,6.328523532992715,6.376384854894329
-8.620458242578449,-5.569244056072936,-3.2218725457771873,-1.7002714191667208,-0.21330318309634846,1.3897945090893362,0.9315717228794533,2.02759326113308,0.5755451056483465,0.8258468318558277,-1.2351200468248982,-1.0710726493994926,-1.0845589812616774,-1.4969022227452562,-1.8677695760287034,0.09591229673538422,-1.1855660650401616,0.3897421140167907,2.7320822839802856,2.4731699136428005,1.327132818501382,1.1303979012863932,2.775921371562432,1.278847131814415,3.2860632044622555,3.440741626532757,5.565317004456985,4.654681797776891,4.91453532238256,5.005169823708504,4.128271217429037,7.4755388498022795,6.399378372348351,6.569934191278094
-1.2474039752109736,-0.04306939299547105,-0.5606040487263783,0.05268904429857808,1.2628149702635028,0.8889490553546815,-0.3806364106309327,-0.30083674755393314,1.1793970434659098,1.1196789797159898,-0.3171309271895817,0.13165515364816816,0.5641805838650484,1.3583603712747012,0.3058368323256794,-1.345756782748845,1.3708880374504384,1.7598746759813133,0.7548481664188119,3.1175646548767086,2.5191935784999653,2.3891429706721956,1.1050754235698712,2.2229817676031067,1.2417982703612995,3.075188540284745,4.080815874035643,4.787810320687977,4.705085381523623,4.289490083216953,7.28810700940786,5.298089834496691,7.362362207051027,5.6591326433452664
3.3728782726924518,2.609902455567185,1.055612754894766,0.66282171559387,-0.1433107948129073,0.32511135578568034,0.6149653976947671,0.975486922586547,0.6205143379434862,1.4574611499279995,0.959310375994073,-0.25705115627800945,0.23654880685357216,0.5768345411614126,0.30343688295911486,-0.2335604962610454,-0.4899867432876666,0.49645804787590314,2.2352687033866396,2.3048174591256827,2.567358211965447,2.478234465098819,1.978322756809792,3.9458141585327757,1.970635827291191,3.687784691463048,4.704215977321661,4.598313900743107,4.481335890497796,3.9542692172154434,6.77497189082402,7.424208422717405,6.894313115948263,5.882703075512767
1.4447844582926868,1.7531583277226244,1.6568620013691306,0.7412394251423738,2.224565405393858,-1.1174821640363222,0.3084870068327314,-0.0280260374801996,-1.640210387863071,1.4223183512165025,1.5683334739373938,2.287378991024372,-2.3148136110717488,-2.245489466470148,0.8602131536894089,1.0957151122588487,0.49395405799328657,1.8877295923370496,3.2302430182074318,1.9114147589940857,2.6197907754635557,2.923018222694152,3.2704012628519314,3.2165432174711266,4.074127505807743,2.4404915318161238,5.678149772676206,4.998991898596586,6.087459502490487,4.440690608724007,6.279342405534849,8.601553755789737,6.619578660442454,6.725473745588675
0.8331660629412405,1.1240260172778538,1.1568758702576443,1.3663746959865029,1.6009656259752723,1.3397224820093874,0.8992440619770945,-0.6395772283627743,-0.034787087553139986,1.021656035476329,-0.19190214625392085,1.9796311418576669,1.8500309627392653,1.9005676720573315,2.8512057494357395,2.143116480664141,-1.4692010833717903,1.8134488035818315,3.0424223069736276,2.4801156469314027,1.87856190104818,2.4624672078300485,4.635812799393105,3.2723476382834327,2.299226764281073,3.7952964122982,4.708421260609164,5.276094686907927,3.925705482369333,7.170911471705435,6.378376818964442,7.927696585714319,8.21977971655556,6.040976419640746
-0.46666295130434676,0.3757499990840967,0.8786519821641587,0.924958094372059,0.9547473580545667,0.07326792268747159,-0.8562687416683643,-0.24175299024501912,-0.5986354357147469,0.02732778137790012,-0.6312745278334839,0.9431073856209531,0.35286111410776744,2.2938767646337612,-4.424032356537581,2.603722182125986,2.524486087528294,0.8810978588300699,2.716959801302664,3.526535143255282,4.824806081971373,2.020070818902563,3.9493819821810057,4.106849377784868,2.717854660879102,3.2975852050852623,5.106800714990293,5.374032624237332,5.156727406432538,5.094653359170673,8.726289307437957,7.496363752237811,8.05248919921892,6.951197482251427
-1.809557973260209,-0.6084269965003113,0.8139088059192133,0.575738711297259,0.2416927612067358,0.2357946569597971,-0.9600820282294026,0.2575442658507646,0.9361422139019772,0.6573096333076257,0.559362740154399,2.3080874273927874,0.27933190045371825,-3.366024977137497,-1.6245360325694884,-5.007808166046364,1.1945962929896583,1.9802732240310577,3.459156017291685,2.913132929037928,3.9827611184550995,5.222966886626995,3.551738490015271,5.233302946166977,4.040824764317115,4.43063636088379,5.189539366140513,4.726148932733511,4.979169549983886,6.880261138567563,6.788227977746092,9.118702380416932,7.974566419531495,8.054787168160614
-2.743496354850495,-1.6431943060068086,-0.38283186760826626,-0.4228128620799307,1.7814884813556018,0.021630285748679357,0.32231709278235465,0.6327379220633071,1.3522535021070157,0.6552634042537786,-0.5623391674574061,0.26219782898759836,-0.15387661149774395,-2.835481761525364,0.1836494809567102,-0.449250721123546,-2.5020287859399284,1.6789667054664963,1.697364978786449,4.366705934240766,4.977283642914309,3.914452334780796,3.4488111369580525,5.932444383268548,4.609475252197539,3.99117019893482,5.352095137981535,4.104733081621947,4.784345841153809,5.2001727647289995,7.273447952914374,8.232010647340632,9.012013135355794,8.758961607903204
-4.641759518331311,-2.637760727010943,-0.6084418864605465,0.43300952077647564,1.0879162181133635,1.8504831379169457,1.2425001240629134,1.2784201250625227,0.22661006324148453,1.5141302106072836,1.8025476942855736,0.581186132809246,0.686734217196705,-0.3573076427305186,-1.7397871560076708,1.5476936397903034,-1.4395122001174856,1.1905530349693654,1.3339150192732827,3.2163816036069846,3.811761178387092,4.078495856075536,3.772241023673888,3.9751784896008795,4.58170282262259,5.158807646746665,4.988755842536381,5.043953066964194,4.671280838204814,3.8154570686267006,4.642139218750418,9.225881062472151,9.318753826253387,9.651478127102836
-4.98969361262861,-3.9629822521241587,-2.750849462291237,-0.9089079930619174,0.0013214529893918337,0.9837032438194416,0.8184799440320347,0.5713890283433567,2.2506058623668412,1.8387324115169814,1.4919753470926116,1.5563847348880482,-0.7859941354232992,1.5587898277274124,-0.9541620145561048,0.5514732464180474,0.39519746878977435,1.723604539357432,2.496152740209342,2.5705356395665033,1.5463892398538825,4.0219237115321675,5.240977199098608,4.381617414644782,4.441384771520392,2.5916147232932656,5.828506016446328,4.3024506990427245,4.8816055699136,4.860487167011463,4.0716794090079835,4.758288716714281,9.844490690649963,9.585791846258198
-4.82913519642395,-4.3606318887673625,-3.4407798216753376,-1.6738438902588006,1.499315966037177,-0.8113507271324999,0.38219190248735674,1.476906542075698,1.9032135794523435,1.1964630097243547,0.4995599122642065,-0.14828275561713322,0.499074281592178,-0.32789170160809605,0.33655795465919247,-0.38349053881001194,1.2753589359166468,2.2742794641244846,3.13608519768263,2.756905191795183,2.9086300953194564,4.152736304352779,4.560157253704233,4.882283634357744,3.875973730799994,5.311103516967423,4.804978514124623,5.0824505408694804,4.92148198631227,4.7810405735940735,4.95670922402773,4.71070039611136,4.716895787655735,8.89617509251833
-5.218750539501694,-4.569693243229883,-3.576906547396858,-2.782291460528586,-0.6661737781619623,2.8207335285311608,2.2367917564398168,1.9679143945096915,1.4904694333038735,0.40932665353082454,1.1317646028835946,-0.2544069444820888,-1.1238945663190913,-2.243083001256214,-2.9134411874403323,-1.5960335673616972,0.40593960776055626,2.46265683884522,2.4276550633349228,1.0845809665758983,3.6812663357852125,3.10049619407542,4.258300846693829,4.276996810607002,5.327819244483283,4.621118918790088,5.510976967621997,4.310847984282703,5.21712090034349,5.639494982909832,5.950770698761712,5.431418467864684,4.7731714385953214,4.910163785101877
-6.294472341564975,-4.787035288328904,-3.8286899035965933,-3.7635430036565913,-1.5006310795407591,0.24520207287505238,-0.33518693621018825,2.9875657025866964,2.7883993538877005,0.9466199495277319,-1.2596692114585002,-2.2751000011982483,-0.10885020971545947,-0.7097987167908276,-2.400807815307026,-1.4013156801931625,0.17647543625896064,1.7276835033565108,2.4793074062248994,3.195948833452525,3.2125128930221085,3.4924381271661082,3.7150464678874817,5.185682430144123,4.138049636064681,4.975047895265442,6.3597322269588155,5.78018983386934,5.129074399730451,6.325672583279083,6.754100146264044,5.932025032323779,6.22279546891321,3.4645566477988
-6.307724492496278,-5.38718076998445,-3.9140808154045432,-3.7325171517266456,-1.721093598819161,0.5200622093067553,1.643694533118417,0.34636761196861726,1.8403954417997144,-1.017196848468423,-1.2405408312541548,1.071368455343796,-1.7575494218235619,-3.141298498186036,-2.8425679210291195,-1.6588340001623116,0.20818767027336665,1.8437517319820618,2.7566157946222374,3.2122588460012858,2.579368798154068,4.353099848339437,4.285136920834437,6.431090660223274,5.373185422880664,5.466721031003004,5.8504665882503275,6.666143824476212,5.946645939061152,6.709722661187497,7.541959051941201,6.711979419788322,7.350305884093857,4.865823817555706
-5.178464233848327,-4.898316580823288,-4.4175154234292275,-3.133196890582161,-2.25606694336028,0.7317258802508049,1.8316879570161888,2.6598948240395046,2.7599283688090006,-0.04224184544203268,0.0017077095369813255,-1.1029549092171111,-1.7027174360514281,-3.3899645079092577,-2.3111344657018003,-1.1198224024613046,-0.4793554288633193,1.3352064631388094,2.1969078844346766,3.3145251212470686,4.867902230710501,6.46438191259273,6.84205373335057,7.037305432520153,6.021251052404899,6.0431329977198125,5.50132551503308,7.619598818638269,6.6695405912992,6.752785397046728,6.983824764567253,7.096759751161272,8.729654809372159,7.963233268322321
