script/wind450m.json
{"header": {"parameterCategory": 2, "parameterNumber": 2, "lo1": 3.000054539987559, "la1": 64.9999836372058, "dx": 0.5, "dy": 0.25, "nx": 34, "ny": 52, "refTime": "2025-12-31T20:00:00.000Z"}, "data":
[rows 0 to 24 of 52, columns 0 to 33 of 34]
3.8998939178027263,3.7129543845083286,3.58466264164567,2.1148712057909584,2.4656803072396225,1.6429094137583524,-5.861139653356685,-4.379296568867836,-8.888649409905781,-10.204793494172975,-8.868453225647817,-6.271420784382972,-4.553002710859091,-2.397154786845734,-2.360419858458404,-2.2098044057485042,-3.7954583113404965,-8.212347086127647,-10.368118298441633,-0.9762892822874485,-8.119960976328905,-7.157083951798794,-10.479883260898681,-6.542252655671798,-6.585691155310468,-5.238884043945188,-4.473933845831302,-3.654361362354794,-3.7522925195375407,-4.232229160612285,-3.1627879801618826,-2.9068968731449543,-1.847794351933456,-3.3784867829319
5.029742904783442,4.1001130524456375,4.079611623522692,3.371526211674845,3.101736733351864,3.7989356648374817,6.855287639276557,2.154023027187873,0.2053702160341865,-2.015652198244649,-7.60738829583292,-8.598860242226436,-6.242156040141218,-4.508846112441494,-2.9913470342579256,-1.4590363001378253,-5.705725408235731,-6.439891744514831,-6.6795629073787675,-7.570135202602343,-9.354149049093058,-10.69188042356804,-8.321485124194629,-8.399031377091214,-7.59384034101243,-5.600623420943868,-4.89604071203192,-3.9643741156819314,-2.988571492320257,-3.68479270277365,-2.8456888304909356,-2.486214418273952,-1.9806805628674946,-1.4502674752889926
5.604052296961717,4.568678786051212,4.344807428877626,3.6542764096046683,4.566006486400046,4.250183411571996,4.096940222157709,3.638963757097739,-3.621344918333894,-1.6025929243696908,-2.364478572402419,-2.3154141013094063,-7.318403288961042,-5.026148484985428,-4.134956946641862,-0.7905507483833438,-1.8724282291560532,-4.321403631974139,-7.741028701899095,-8.18057350170294,-7.38465492207976,-7.26226838132828,-11.158864912016213,-7.47853199613499,-6.899907614258861,-5.632551268140358,-5.274097004242179,-3.2140267549736543,-4.077824188443884,-3.0010346903227636,-2.4243697160338344,-1.9972242998783196,-1.8978386876458513,-1.7578773854618543
5.990185218327781,4.769724130091396,4.415836925635524,5.684612717189693,3.822801828295899,4.822543225316576,5.925736767655891,4.607215606192636,1.042402525270417,-3.9533934599640035,-3.093009629434344,0.12499800186448831,0.35707900958800054,0.9173688445020604,0.7339052613884433,1.9039047382801166,-1.4840002388957765,1.9680020356475383,-0.319198549714645,-4.107711278629389,-0.749870976411414,-7.577619802264965,-4.725557874903841,-7.3826774915301545,-7.850825234669824,-7.023400868080523,-5.70287411586259,-3.6617888857989107,-3.635596439138958,-3.418728233672081,-3.1380236618798336,-1.873458885495253,-1.6523664766660104,-1.461074839131456
6.39658746962817,5.572584370219469,4.592044621905264,6.289328037279252,8.275899222950228,6.409001346113236,6.857231819912382,6.479167844768153,0.25705115740303713,-3.061054580584129,-2.677577460842542,-2.5872517677652755,-2.5862505511752287,-0.03120540243370605,2.2477318748427995,4.170905254203437,2.080885709736798,-1.3824186469203137,-4.236906427977715,-0.2539856085597226,1.992346117572459,-2.2829537074143373,-7.900308639071557,-6.2607056827124055,-6.259960362339201,-5.985934797501395,-5.778597206715942,-4.79419444461849,-2.7034299104249357,-3.481383691919762,-3.6001259890090953,-1.6388822921642399,-1.8263368700243718,-2.179193797937729
5.888225416696318,6.238563161245766,5.849781509262565,7.017653406538891,8.23343455212692,7.412571900069084,8.563567908792411,8.818692963980773,10.957708846768902,0.7796602166844595,-1.3645405621345952,0.8106952324477626,-0.857873580349761,-0.4362808779453267,0.09364531880891218,0.6601327781301042,2.3471574458397537,1.1585823120429184,2.881672069389602,1.2489637066067922,-7.9890178716376825,-6.723099157195581,-5.1977806337650865,-6.114614654778099,-8.408359461598756,-6.174398168275296,-6.274076658233537,-5.064318342586479,-3.452501275960901,-3.545134883319826,-2.859623534974743,-1.6421013846939312,-2.1563262886494847,-2.2061017553958595
3.6636532498362224,3.3406078603735407,3.3610264385096786,6.966560285464462,6.203191576405385,8.095539823116134,8.547234470458854,10.49292450426102,11.520620484457366,10.785980573896495,4.928727611626081,3.4024955815260607,-1.0563538076073615,-0.21066459867828707,-1.7857404743207526,1.9060603808370902,-0.446416123837227,2.621928628763144,3.6047297821166935,5.020768954820889,-0.5381720925989728,-5.723735862392958,-6.086568876478452,-6.363452267577127,-5.2191637768821035,-5.384905390385768,-4.623658802364384,-4.236011877150237,-3.460452226444017,-2.605186831226421,-3.384551862086924,-2.6885055227081733,-2.76929227574454,-2.760079203877663
5.968654711971304,6.517249167062878,8.358083663965493,8.925947860622422,9.075500532807617,11.238745674598182,9.122905481937757,9.846177864271429,11.180055993717577,11.562198625848719,9.13846693413611,1.7289127126084076,0.9297074466814862,1.0085267302034668,2.140528440042589,5.5537505910373755,-0.538720981506217,3.922092301721513,4.9143270685944955,7.325964737802224,5.824526646786684,3.1916465801076956,-4.036874078198243,-4.858077180603144,-5.64574082599363,-5.775806158636122,-4.391529002896196,-3.3052540672709916,-3.1226561495674092,-4.188272705820993,-2.6454385646116494,-5.880167298896752,-6.429650312437201,-3.7845691793663745
11.012039687807107,9.896252202383774,8.808695408135607,7.953083733726391,7.6715533685235595,9.85516208919983,10.737459400529579,10.040806706707272,10.444656283754341,13.115739660031531,9.747844247212207,3.531424959632152,6.4092091819147505,5.241929108723391,5.084514085430965,3.071615692125999,3.6270036434397164,6.789152960132265,3.7443382173039623,7.118527038848414,7.530146856343186,9.280549979009287,4.724404460185396,-4.140092259867235,-4.15215465338987,-3.7852150912289884,-3.860522611011898,-4.684832121219404,-3.5502057489427106,-4.935436707671653,-5.825396052087344,-4.458170225355672,-3.5159853180288994,-3.179161889918253
10.22292384993897,10.483531839666266,11.623701981558408,9.231526737256193,10.606633204302936,10.114338592687115,9.38701759002507,10.118399318582199,13.60760888872731,8.496235577891555,2.653886867770534,2.772147987881195,7.84894864010033,7.014336375386806,2.694764373896049,8.266647836451458,8.00327699815289,5.925964845251448,5.343723855519503,6.739869766589862,9.22790455114009,9.128526350102252,3.171792547677416,2.3348420894192548,-3.112462066633636,-1.5927185953184393,-2.916854909202454,-3.8091758083590657,-4.395281599616115,-4.358078758289534,-3.7503038482615563,-3.2024354645974116,-2.605902405199334,-2.837475379418507
10.788160781695177,11.572821575433043,13.032994823454668,10.613170814348313,12.773266427423662,11.43228258616422,8.808024228790208,7.94061621483075,14.192749813714325,9.738674601523131,15.17633141638803,2.692871188928601,11.98442251362875,6.717012249572652,7.142622293729141,3.1467457877960445,4.417866629185859,4.3456352600763175,5.387258757711948,7.356259041589017,9.77925768548749,4.6352123430782255,9.484522488054102,-0.059794864625019276,-0.42590198912006766,-2.9726483219558046,-3.626003051208353,-3.2798523307386325,-4.115058778930266,-3.1237075343073535,-2.4069435641429897,-2.666357381435571,-2.0917378586305864,-1.9048106105017215
14.019572747670793,12.424781921152729,12.27739629259903,12.10153706162306,12.504978784961155,9.859128542713224,8.697201619353244,5.318787102085374,3.6295294378545866,11.91069994253097,12.076963596689772,8.679899164890292,6.285798011797493,3.094659435024315,4.903058319420339,4.023259919576078,3.619789733427384,3.822342692957716,7.000010763397499,8.033981718817651,10.073823945382888,9.142166766826088,2.3413004285371293,5.843919686651171,-0.78082516320611,-1.7059644461593497,-0.13958836815630016,-2.2834348406058425,-3.0545380578922114,-2.692452009237936,-2.167491835220875,-1.9896668845825634,-1.9065238084084977,-2.383242085291757
14.417199321994364,13.587819291287888,11.971289632715212,11.120680001439295,10.737872877941598,8.094815315243515,9.031457773094722,6.85658738434694,11.393841484013054,11.699544383439603,9.919490496684851,9.878298725771039,6.9132574311117825,9.129716199092588,0.24763119474814704,5.9813381419309275,3.5110882336013796,4.339653141039613,6.559009845298052,6.187015487458503,9.043843096250551,10.40786496212346,6.671142961545392,2.1012349495052627,0.5926781151542637,-0.9361839882474243,-0.2657727562282408,-1.6839962248759333,-2.17109891573177,-1.0636203446040862,-1.4718843389776874,-1.4310317941137487,-1.2430490691626768,-0.362161761282352
11.628732147997779,13.25954739152409,12.336356807197584,10.49370712047431,8.208012101881682,9.292529909749968,7.904805362838897,3.2679238039953207,7.608498114343698,9.032940450364508,13.180031727361358,13.293282978282505,1.925082600748788,-1.7936649652132917,4.982556512157349,7.218097741291917,6.238852932689195,5.709793505011178,6.376572860623344,10.077391115189856,2.442112450948512,8.841221483740574,8.33096639731923,6.075647408638424,0.8655979484638155,3.7054842556000978,0.5921625198120499,-0.4327160395867221,-2.086804008515274,-0.9417007411288224,-0.7036783036961255,-0.5757964954132474,-0.8009907520114765,-0.1201213029950257
11.871909860342322,11.472513590516217,10.80211132069788,9.43630078906641,7.124397993495151,8.600448016545437,9.025105937161813,14.256171290006657,7.00932047398678,8.233427951153699,6.792697211859547,11.430559164930594,10.590597790667507,8.734956178389584,6.214989735968134,7.870268274893293,4.0287175578225565,5.9551172155108745,6.199789343592759,5.73297725352231,7.082408531066104,4.715550270503809,5.045658551596103,4.696726358067102,1.8188201003421016,2.781118600877121,2.1654630085870434,-0.7648845317696247,-0.6353916667504843,-0.24247826897867777,0.025758359790345256,0.09526126601028305,-0.19178741927015344,0.21433841271264814
15.149571110470129,11.729127197906823,9.765581663037853,7.9835460612063525,7.081121933870592,9.24490656865294,9.85207599084225,9.747961584215043,2.6702896591850624,7.736099460452829,12.260663266705917,14.40986206275083,2.7463325723388476,7.659339084281514,3.7334044251819356,6.203687143536947,8.308502109563369,1.8670714124902206,5.653209474527549,3.6705876907025976,11.786419639968123,5.843468020818094,1.5202180409891821,3.412580545545002,1.3336381429283422,2.1881968575364894,2.968277708252491,1.0938050749696457,0.4657885396574453,0.41364863335513735,1.0762830879742562,0.30117977072008195,0.13776036026610822,0.28705691353393287
13.799599144305017,8.722743490760225,8.538546207785313,7.549580109384677,7.860282169416335,10.94533727405695,16.058203024094897,16.18312804172225,5.548634732777569,15.261002458951404,19.05397001114821,15.665560078525969,9.920434855420737,5.404085486003299,4.1887597347273315,-2.1319550342406846,4.183603957893833,1.845204009298611,5.517835280117139,4.074446936233601,8.946107864341522,8.150413011207275,5.681480539161133,2.240225526959748,3.3357882418000013,3.669464305735196,3.157099416853117,1.927556803367603,1.645043851027325,0.4845443751806648,1.5656943450250111,0.5620167668277303,-0.06428605489264282,-0.05817272645422189
11.052832377743421,9.696058974984624,9.217606586911254,9.888491522232757,10.011818359041902,18.5755506362697,13.65120526048691,11.685765930740976,15.937001196599468,20.397572533847423,7.578899153051693,7.0195678474350665,6.414357785307236,12.863164664649274,10.340445223229244,4.695718122978998,1.0315398348939835,6.5631292679471755,8.068164366138474,7.344442051474068,7.43995251638656,4.333266697461253,5.87179021795301,8.268636624113698,2.727154324931404,3.5635885747139584,3.509707026347642,2.0034796922932627,1.4415654809626333,0.6584066908299451,-0.21995936664167373,0.4680189795963441,-0.10609219690890531,0.06653724634637809
11.423335932371314,9.093671589706215,10.682167950956602,11.034748666027642,11.235740731914102,14.959118897166993,14.235753693536378,12.514314793575318,8.968546519724192,15.414593438976075,14.021700232528067,11.214290123383536,15.241722121697538,8.253880517868268,2.829293194053543,4.195590184205044,4.3870682484770365,8.223989057943841,5.299173105051852,6.964745089963963,5.271979820123827,8.561363842415817,6.222126068439888,4.757030843662768,5.045497410156271,3.7335753915294467,2.625808801107908,2.632890513924171,2.4860058577010067,0.9161382516135714,1.4453680596751972,0.3933600911279356,1.3363848491811503,0.5294871399838578
14.527100507533584,11.807079877757685,11.289750170542142,12.937364910053935,17.34892200902376,13.697408690873637,7.8089380280764455,18.396913344425197,15.354462727627382,18.624688522051013,21.83994708090119,18.123570493657816,6.323143728151368,13.882940328155984,4.956810195630722,5.8255665397270615,5.720335039957147,7.165617742107759,5.0247655713009145,6.86152671810681,4.761211417324102,4.810843083177232,5.80810672036342,6.544519473044763,3.9840464801567057,4.584299445221012,2.3478154325543197,2.351257281375697,2.6528905754542116,2.133647533162054,2.8818898407220512,2.4380663525460182,0.6158025655390197,0.9355306768134328
11.945847560476611,11.78215579422304,15.703122663207425,14.48528472561314,17.677267278071838,15.050105497495887,11.770548842369369,10.666315239137967,13.713092528849721,17.69055558194234,16.18924111812991,17.13498120138004,14.010996969889574,5.481337127475739,3.3351591016591073,3.792111079475961,6.973822642369033,9.201529215013464,8.080160437432106,8.431725851674665,6.539347997968428,5.362887264992252,5.553689176029909,5.452169863100667,6.875942430407417,4.48054056890534,3.164322543281364,2.0559393633525813,2.821667404161423,2.6082670768630507,3.5458432600728944,3.0876473294662636,2.7938827439333176,3.22116152729132
18.013181933261897,18.777852346363797,20.564465387567623,17.18913032506286,16.356392466690732,13.375044825953662,13.124484056202483,9.839118961611959,14.522639907025674,12.200978036870533,14.308750918860751,16.65953780184757,4.622439422308548,11.53247957771388,4.460409596872848,4.265294025947482,7.320312978740442,9.329741133991213,10.379753114784537,7.1775242180765675,6.405538244118059,4.7739914508766645,6.304774776288501,5.407110599517346,6.216905482512566,5.368267663948671,3.350771485514565,2.143048714387782,2.028645897388769,4.656459304596195,4.384717191017476,4.0920343380102215,3.3710869744605465,1.79970341701473
17.952826618429665,20.525339621752305,21.442691585693627,19.11221345471153,17.450847845164514,14.173848756868827,10.138260730351144,10.675550591511037,19.21445852280726,16.918231659742204,9.624996686837159,12.870741448009277,10.874984860302755,7.2999365207456055,6.4455004130611355,3.476465507224385,7.151560824801711,8.756919295299298,9.150266894542927,8.850127961979414,5.385601728235032,4.161196225329392,5.780431427114606,6.85378953866129,6.540458452855355,6.672210300209607,5.191954162035735,2.418418028290556,3.947975398061404,4.577793394168411,4.616681448890081,4.104978063450328,2.8364172895325503,2.5433711965920853
22.05783459696077,21.49082020902919,20.38503053140117,20.257578884206744,18.575355753770136,12.45016078251761,11.772731618127008,12.026286071980396,17.434624652440203,10.99500593439444,10.577966964078097,2.3073892192914243,9.953481539216387,5.526237940827812,6.3135069723444515,6.095408471741523,6.604312593864418,8.547389025705208,8.058446304471472,8.063266533368239,5.8896018105639785,4.831244863151088,5.392163212512254,6.819428619115086,5.989781310777549,4.756271415905149,4.90828891571575,4.487515785123594,4.219989155611369,4.68133817761707,4.32179275176216,3.714155285093661,2.7561568417404803,2.3541741025256493
20.766957185573556,23.68974050371884,20.352343064627977,19.630364471428628,19.370864565431344,15.978123822067845,11.300178312779563,12.761610615167527,16.325631417125063,12.44117511126404,15.070888953113537,6.009148714664994,8.103442179448356,6.4830743872612695,7.9118176624400895,7.291849442830319,4.867573241010952,7.775681658603216,8.536337610009223,8.228693641427306,7.708244824420011,6.524100694000935,7.279525612322051,6.338643066121121,6.049534750298079,6.6449534063993845,4.666538774773569,4.190900516653577,4.910252425372718,5.88043806474878,4.16316833210537,3.5372521010176716,2.986375967011323,2.6849771661919144
