script/wind100m.json
{"header": {"parameterCategory": 2, "parameterNumber": 2, "lo1": 3.000054539987559, "la1": 64.9999836372058, "dx": 0.5, "dy": 0.25, "nx": 34, "ny": 52, "refTime": "2026-03-13T12:00:00.000Z"}, "data":
[rows 0 to 24 of 52, columns 0 to 33 of 34]
0.6877662282112789,0.9808353903175004,1.8461318951090069,2.539618755744366,1.0140524460439473,3.5796923085507597,3.120636209157514,2.1423822783618087,2.5456900354150944,2.5368989414329746,2.026442136075293,2.012354852171962,2.0237921641845316,1.2839517225152453,-1.4011100084454886,-4.277524933989764,-2.5965516451097206,-4.8670867116741325,-4.126982801406219,-2.4922012947656125,-2.688164476887441,-0.6304873176687676,-2.9908493679297177,-3.5231367266919142,-0.7511026550933966,-2.9453418343575613,-2.1255915186325387,-0.8313709964266686,-0.6162607037591797,-2.5100369227987156,-1.8840117277924324,-0.8675219243673776,-0.5769974455386585,0.7897742194191503
0.7284236833011509,0.9884961592052389,1.8963652987792214,2.340724402878758,2.7252389464575493,2.089058622361,2.997283234377116,2.6858258258774654,2.194464661115839,1.0741931469947814,2.405653026925412,2.9590495459341475,2.5175156102865177,1.9765723877215493,-0.7467524987567085,-2.5784730424154914,-3.9498073873421937,-5.3757608420838645,-3.885964663315878,-1.575832641444545,-5.958626085389127,-4.133856327873268,-2.208021917835437,-3.4337494381496683,-2.465770220892928,-1.7754849716917924,-1.9728124902904085,-2.825078441977183,-1.0561742994976135,-0.670849923654082,-1.3910958423495317,-1.629588612357282,-1.3716792980730104,0.8790846075973211
1.3757716159656483,1.2079353737657805,1.5600604742457667,1.3805206793352223,2.292907929071783,2.290883429768583,2.2675574454240297,2.0335137469317988,1.0184454653903396,0.6254498909943987,2.215827738080658,0.7262765506103136,-2.123675060912071,-3.090783475076271,-2.171055099712258,-1.6134399469178426,-3.935992056976494,-6.891346126748844,-3.7952039612906865,-3.557466404480826,-3.1713686874193328,-1.9927916699963488,-7.8105351709375155,-4.028085318779519,-2.882495654833097,-2.327866877274327,-2.410637572070112,-0.9855546598984787,-2.256396491608006,-1.7407960289888307,-0.7958508308376209,-1.964324986784187,-1.5570761294954996,-0.8791548431409826
2.163506798920111,2.0874042677007574,1.0316415637030907,1.1881647294842501,1.699698002730178,2.357911702534132,1.611482570049029,2.363422231924251,1.496272079509688,1.1959582766477868,0.4092942615439463,-0.35626275088435194,-2.162472572350561,-3.9052449584072613,-4.0787976742784355,-4.002865109354749,-5.926331393999361,-4.609106760301472,-3.4651764520172117,-3.790050110548271,-3.908017894476122,-6.58742223070458,-4.73245818675284,-1.749061534803484,-2.912331195114282,-2.942442423828146,-2.0014154570505682,-2.0825828303017766,-2.7726191193274627,-1.3242853478124101,-2.5960916614948335,-0.9498275077918702,-1.1971854373054773,-0.7731035171548514
3.1748981567488785,3.051999665186276,2.784070264639484,1.9011440597685416,2.1879342347469253,1.5512489161491216,1.174903220943077,2.1036115425777266,1.06886083266428,1.2801053702875282,2.694013868976254,-2.436010700575648,-3.942497992683382,-4.663697937814139,-5.018215732492891,-4.420534254564624,-2.930486202525743,-3.4940745492197283,-4.008741381133169,-3.6424359300075375,-6.178185603828399,-2.8091043502365243,-4.540082686626107,-3.1012181917850135,-1.9178546987618668,-2.577377343296447,-3.1423248555423116,-3.425533132606202,-1.7003877875532023,-2.055600488154507,-3.214936873784704,-3.1968897029844663,-0.542690073020616,0.749460704682624
3.465896519877676,3.534227175366433,3.448858145344288,2.7799048143822156,2.1970325781747646,2.034652246558134,1.7004082324417478,1.4440593574842184,0.7707248623659994,0.5155097872954678,-2.6951533528175395,-3.2139122107406477,-3.389999591935139,-5.2068728890074665,-3.2814606045303605,-3.0291910789971275,-2.073856116739628,-2.154034412648044,-3.2313429206949795,-8.750979110808593,-7.112078990177054,-6.598943643939306,-2.248930295711094,-2.3548620613184923,-3.176904470489705,-1.6923231246415602,-3.0713439807716614,-3.2316949406099673,-2.3677515362864563,-3.1177561548087547,-2.6296851645402786,-2.363317798854213,-0.8302895843351421,1.6919599868610593
3.789488900939626,4.106469043473979,3.7611313561122914,4.071136265409652,2.5722890088817683,0.2748067259817968,0.5474895878361249,-0.28052977641051646,-0.20369127502616935,-1.0344434885470577,0.36098792397252855,0.33337862974891236,-1.968638986626772,-4.236980843643794,-4.890525889294414,-1.8216316748854584,-1.6818238652099713,-7.315846759450471,-2.8226135828705403,-4.892179251276826,-4.2701566435360325,-4.097516135682719,-4.675427854853979,-2.808310149342243,-1.032514567273363,-1.647770233407592,-0.9480319234711537,-3.715002484072738,-2.593082001892129,-1.5464153440759487,-3.87250548644898,-1.9866871808684077,1.2388620226310407,1.2706052293861603
4.766101812469412,4.698095708970074,3.798374780056182,3.536131921927816,3.3120755723480113,3.363788370632043,2.291420664412932,1.1799876248241163,0.8996066895600908,-0.27272253996645884,-0.46230381435793716,-1.7414404082596822,-0.43431820046401975,-3.063516169261427,-2.6458151089341637,-3.20115887497831,-3.3706691185925854,-3.5066339323920266,-1.7409947037111095,-0.5684524966869678,-2.7447709881871396,-2.1140843464681436,-3.3876660448050435,-2.7794700754858597,-1.2334427171811686,-2.2922706599273166,-2.1991778175367824,0.34499418077657595,-3.923029764689246,-3.7790115665983848,0.06145576525555743,-0.3118205234451035,1.1515108056815841,-0.04041372042817011
5.254447056531361,5.258114126540394,4.221009164149845,5.531595009157499,1.5813397582101658,4.805102815824969,5.622984030102454,1.542732319087353,0.9331074943488197,1.7829223076341594,0.47774298328470083,-1.914048438840258,-1.793251333223582,-1.8588266910834952,-3.053197518534434,-6.611373584904055,-6.681057136677435,-0.5375828670103802,-5.504752663970225,-4.660261578149611,-3.598216895422491,-1.6083665565500154,-0.05210050341055871,-3.09239013157744,-2.4886959032876184,-1.893659445417154,-0.7431459860950669,-2.2355053788637784,-2.220708868088967,-2.545866139892028,-0.44580077580547023,3.1651320055861354,-0.525129559483484,-0.3434097035816233
5.766846536099488,6.109854548731578,5.8219263453784915,5.4491427943214426,2.1926974194818856,4.201007590195772,5.699447433175979,1.9776528416137917,-0.47680029815104424,5.452231151775759,4.293852383850822,-0.562824003100621,0.6405464102145707,-0.569715113914048,-3.2130672026003713,-3.440969960156538,-1.9212466334549922,-4.6766343547092015,-4.436782735809207,-3.009219435637361,-1.3724895029047623,-1.7797783550049218,-3.5147971360462016,-2.2886266139941864,-2.1028886358650434,-1.5388216475189556,-1.251584872090159,-0.9882097148159814,-4.8960552842862235,-2.547393223056835,1.5805036609593175,1.7488714323977324,-0.07693112533439553,-1.257006574207669
6.776029356461802,6.868620869155703,6.6829832833637175,0.5294605325756183,0.21964032347556178,0.7187836180927694,1.581074074398635,-0.32520850551111297,3.0274310025600015,-2.108967942533826,4.103730724075999,2.1903862609584177,1.8006232558895592,-1.0263953175140985,-0.8834077786415095,-5.283349851335142,0.496154052005088,-1.327958044974235,-4.65102072598543,-3.2805458149141864,-1.763914055415525,-4.562387785273112,-0.7073366893548022,-4.211192051517771,-2.3488745794896606,-0.8821848544263665,-0.007891569943981644,-2.31867211433272,-2.423612536266227,-3.361716898663796,-2.7370652553715615,-0.5124699897469343,0.3380712652683044,-1.0250221077606134
7.7561370959986675,7.629749624410451,7.0032360564326686,4.883485506022608,-0.6261954278380304,-0.5242490665918587,-2.7369912442211066,-3.319352362233779,-2.6523459466386874,4.067626013148516,4.893282824520086,0.8608682168843529,-5.661839563651455,-0.6926827115947872,-1.9279069607750619,-3.22044661120819,-1.8742948453782213,-1.8851178344959059,-5.019154300582152,-4.622910442712222,-2.3875211024382894,-0.1933123940202169,-2.439850590789604,-1.003386180965968,-1.8067774207610574,-2.214806088819213,-0.6865237344868083,0.7036320779585563,-0.4799202757104086,-1.4792038778746242,-4.2272835020420505,-3.1407781380393316,-1.6371610903444376,-0.8657665993532053
8.823771396129606,7.419107447014033,6.966105408737552,4.947157396610778,-0.5078710435728642,-1.2512430657005353,-0.17000195429642476,1.0150636495716143,4.663959506928978,7.0827706779212205,3.8146419029338094,5.034495505885642,-3.744906811158088,-2.5393794164100574,-3.348332439943778,-3.712207211312454,-2.7850905954407645,-1.7795416249174019,-5.415422836347977,-4.65233058952309,-2.281758582664941,-0.9314805931172374,-1.4296142703516983,-1.1868013708397476,-0.0045072976992846445,-2.5177696924357327,-1.2686050079150664,-2.204954287651147,-1.2623502193206475,-1.8608573108127082,-4.009463946574014,-3.9380785719637066,-2.724440800691875,-1.570132128037973
8.993099010584006,7.667613956190231,6.448759110778261,2.638383314013071,1.8814163714562773,-1.3250482598377822,9.286027801658994,-0.7601980880423852,6.6422899935827555,4.513833888078478,6.9464099570021505,5.524393672065277,-1.819579601556158,-3.725632747792953,-2.439057563415055,-2.3355963009214307,-3.2153335338414766,-2.4893469480767454,-3.050138046269471,-1.8319131064673215,-3.58577159133259,-2.0236079318286637,-0.673624513330773,-0.13964002832929623,0.43931616283359964,1.2047750531164494,0.47182819433821643,1.724196651845664,-0.4624234625133273,-0.414591398157425,-3.9742752020567464,-3.581942785861582,-2.9040005924478334,-2.270325631081126
8.766117912738332,8.183940886448468,7.179832130453002,3.710755575958356,2.826981328433692,-0.6291115149325508,-0.7532175166170146,6.581747490134442,2.57513752763499,7.098597779140148,1.3803607955800994,4.418775461228581,-1.2125893005661055,-3.1899280571004014,-2.6969223447197077,-1.0195716168617937,-2.184022543556245,-4.386654801380489,-4.088386209788043,-3.14667223056543,-2.3072027104936343,-3.5886566090066077,-1.580730400376366,0.15047513646415084,0.9125768121131822,0.10584410907129646,-0.20793960880832715,0.4381235288670347,1.4067550199211227,-1.158324797663389,-2.848023546335926,-3.345209802852974,-3.610392951760226,-3.022729849911384
8.342840639439554,8.30186422356527,8.489023662387826,5.259684376599684,-1.6361513836250583,0.4885516605610212,2.915467870057177,-1.9194448621460432,7.181206731404386,4.620489200809918,3.8889524526276893,3.749443132807669,-3.4807886873463874,-0.8958672918925583,-3.625218014431662,-2.978210737020614,-2.563405885127399,-5.923980822108178,-4.996413720188482,-2.8717804944091787,-1.723244480248559,-1.6767160788498596,-1.320884549120479,-0.5504245432655902,0.8447696761021518,0.810605773141694,3.0930457700917326,1.3205009036980524,1.5995253155987037,-0.4351829380896241,-1.8854763226611475,-3.873881139639325,-2.684417624283187,-2.6300908385374533
8.83409309242938,8.481282906617396,9.214180072571978,5.9362552254506715,-5.071706136452958,1.5664509440672392,2.7556078185839095,6.732952204758182,-3.8962336081381195,7.108126021221841,6.335174079324459,-0.5628220473335551,-1.413194621342617,-3.2676796308512106,-2.101566369649823,-4.532967697253092,-2.7658350033002397,-3.6421561345709783,-3.1693347875860756,-1.858680213272546,-2.2272139117282284,-0.8264591281640409,-0.10694345177139004,-0.0385278012951933,-0.4784055238808493,0.2684950844191871,3.316227385782412,1.837660486184297,3.1323265553963098,0.9463003915544803,-0.21118992604227022,-3.894969818386458,-2.751185973936559,-1.4032756892938711
9.170416310971275,8.568563940521328,8.652902322385085,8.688865890632131,1.6289537950487885,-1.208552569550876,4.907191906271786,2.9367395961451317,9.493289793265518,12.692782167791792,4.9461137916138895,-1.5053256472060281,-1.7539121536167177,-2.381179420491472,-0.46681965872454795,0.6514813721900615,-3.4391104089379008,-1.3190324218888085,-1.9127860281620315,-3.0588952750071825,-2.434845438476345,-0.9299819784471303,0.09327326827221066,2.421551119472494,-0.15542791916193516,-0.1664745614911446,0.8010654181731407,0.5561246433237952,2.8347934010532883,2.5393361218170885,-0.6754351352534822,-1.4056540842520318,-2.940688397606691,-0.38292803976055073
9.772434211827797,9.582107129884175,8.935255041082806,7.1815962141802885,1.1651896521321974,-0.23683204530073643,7.218491054324284,6.1012280271598085,9.165656189148931,8.5519775615176,7.413524214858317,0.6916287633216612,0.5170309167895375,-3.757389750912198,-1.7512346605201017,0.5504086297060597,-0.47410879148620283,0.5922665218022355,-0.8976235534455942,-1.4333866509285147,-0.7374142896426981,0.8272592582491309,1.7218516326976836,2.0320927234226027,1.2531557185922417,0.9793212488199354,0.7380248490590495,1.2714501558131415,0.4025237161066245,1.7033544244070087,1.689566103648828,1.083001616324334,-3.366583903044461,-0.008065823519859358
10.142910847202897,11.892772234872051,7.3959233010776035,3.960730398096703,4.52800317029514,-0.31843071179043353,-1.5814647534737463,9.364303319856525,12.465815096090138,15.298808080950538,8.887986751612472,4.680658313362618,-2.273515585015098,1.7110485227830043,-1.4300268006526071,-2.717403340236197,1.7084599102819156,1.1922857539056158,-0.23716088698902366,-0.4756735674130378,0.1815916603702314,1.2367295608344204,3.4197160973400664,2.7060855715894236,1.0531572074931979,-0.14388748346384628,1.5621828414647074,0.4076789407823073,-0.39060901348918714,1.1636459564655042,1.9722257738590363,1.9216306432803907,0.2853759835428235,-1.3392589547772635
11.5144325045946,11.191088707776364,10.427615265493776,7.541885427215223,6.6024931411930705,-2.7258688635888535,-0.3279839162499131,5.31934184493078,8.828691628387748,14.20028900549095,12.12916017129247,5.669537340776435,1.5598191432369333,0.34456696986177116,1.6727073884629737,-1.0422470958010488,1.7574330305865096,1.8380694670971252,1.7889222592293554,0.39385629048427007,0.4554164356788764,2.062898560659391,3.0571881313407157,2.2607096810633798,1.4873669536914726,0.5286402705071945,1.4635298486661494,-0.0673851691548378,-0.21586221648328163,1.2182174688137042,2.2054528413702674,1.0580687999400766,2.710067439518328,-0.10676696836420226
9.908577473408542,12.039500253369035,11.987029124211267,10.041806023363941,7.374728058127144,1.9265349845707609,2.678849947434948,2.4208070537085407,9.186064453156154,9.222733845824274,12.709760600221035,5.069150165031667,-1.2535543186378229,3.0631753436644065,1.1899201789513023,0.7523726235315239,3.817393756732911,5.138254314296041,3.77458721544728,1.4668859983317042,1.0822842019361922,1.9896648074717302,4.863157951346503,2.1908582532613967,0.2094695479953139,0.07565939390492218,0.8425447700612019,-1.9990455596355852,-1.1170438597383694,0.8949672621382971,1.9314116371269712,1.5264364587999686,2.056141601728384,-0.2798070659113987
9.998835502142661,11.593423380013437,7.713678900713405,10.322115900770484,7.328748312343489,5.627376138161174,3.928163026422817,8.134536262297733,12.896492068004468,9.06405231087345,7.223803769682296,6.7615431955560075,4.697499854715119,6.017082537134508,5.766016212842373,5.8287760457352205,6.352090126549731,6.539112955207222,4.934008959395162,4.373141435812457,1.2038813064882827,1.7629682909134616,3.015113032808423,0.6288197602372102,0.7255144417945179,0.918540944370787,1.2373130917235091,-2.4193975859213968,-1.3996038394665455,-0.7945384245711996,0.8123085343849042,2.2483753962576185,2.2047938767959465,-0.6561269962131904
9.380182921065849,10.29796782472273,10.241579847120144,9.76478699499559,7.6399534795385255,6.148240855754625,4.122679914297175,10.537281601595193,11.245988418783543,6.367915196841273,8.625432004045173,3.112767808717439,4.6615566868105445,5.945739446293386,6.529399376401709,10.011228075170353,6.782201704154664,5.885523950247034,5.24456016177576,5.006422203989749,2.870861471201997,0.6324868337045623,0.8559197695333586,0.04530962674089043,3.115320769810165,2.2740318168752176,0.8717417353479064,-0.9512836762898877,-0.6350913616095496,0.15095766626069904,1.7629665788773248,1.3769430691136713,1.195954431060227,-0.8660731853284838
8.513553928877469,9.386219679635143,9.185079099078974,9.892887188488698,9.593885831250573,8.252723006026123,5.080694895565881,16.444968337838105,9.773901117670182,5.378550815672886,6.938964276605877,3.1379745126460863,5.43600844882178,5.5602898127656735,11.063091524391735,12.929884734624796,8.768608439070585,7.09845170551464,5.973078079276805,5.358736028885745,3.8358083844698654,2.7292544143604083,2.821953294643351,0.6142225036262868,2.759810914090838,2.181396184445424,0.5328165140493297,-2.110169414362394,-1.4920320636721207,0.26428083536206715,2.362632022662873,4.09315563867445,-0.7310071458774895,-0.23083065093468255
