script/wind150m.json
{"header": {"parameterCategory": 2, "parameterNumber": 2, "lo1": 3.000054539987559, "la1": 64.9999836372058, "dx": 0.5, "dy": 0.25, "nx": 34, "ny": 52, "refTime": "2025-12-03T02:00:00.000Z"}, "data":
[rows 0 to 23 of 52, columns 0 to 33 of 34]
15.492061508356407,17.34939159170342,19.41334990579304,20.84319384967624,20.013156553913447,18.226035984658452,20.794510938367125,20.52377175958281,18.511253943704492,16.80943127985772,14.65796521944959,13.590167598319976,12.428323640693044,13.63178104372277,10.890311788219405,7.392393464372445,2.0703825028292213,0.12221172458878019,1.8934524156745651,4.104772725498547,-0.42318472944028507,-0.21869615105991577,0.6567144232516984,5.931263631867825,14.29012170841679,4.53312494984747,1.9356731424084699,3.770035146935767,2.811618818910994,4.638099941912567,4.679923515840966,4.390544540140058,4.547804518134175,6.03493416858379
16.61513497040359,18.248055431899378,19.059887629059947,19.336098436898084,19.804785846777644,21.682791158288353,20.945380371276794,20.438326894536416,18.218013308479808,16.58646794092522,15.610894870182422,14.253814274348459,15.159005719731727,11.325220820208866,10.208170817382566,9.087552143767336,2.630774399682966,-0.05534832845896075,4.679349430446725,7.169411152198015,2.172932859682168,2.0004816899523914,0.6646831620694974,4.318198848632827,-0.33541386063161205,0.400874936798335,3.1600933525982473,0.8952535117295639,2.6268663145502464,8.98495616644963,4.9670606096583265,5.01148549600518,3.676746055123231,6.392481692342283
15.944534661002084,16.94088800645223,19.738160172846044,21.098618678748064,21.647788583837777,21.287741011898667,20.41179501792875,19.267152422402916,17.926765980122163,16.779509992266313,15.934220863075995,15.340507131531487,14.110877841946836,11.188557036080553,9.738976432955937,9.141802669253442,6.083581774530153,0.7595863294661772,2.578838501057741,1.4101667804948368,4.987112879391447,1.5597793616449451,-3.139784109452326,4.528208762748318,4.627930042851579,-0.4560692469937052,0.5279493365860938,4.241028264449798,3.522983153158437,4.9452120315834405,6.805565122536878,5.710892033290439,4.526867745861601,4.28898565507926
18.557187174834727,20.01932227256606,20.651113706534698,20.72006806800191,20.24812899581063,19.63742900990837,19.31301746610591,18.761628012594212,17.91926421977523,17.723708070453814,16.388149961862425,16.607469769248702,12.924364383474828,9.046415232784405,6.42733628702598,8.293721293738852,-0.017396522878677156,2.878917242930196,3.322826754164564,0.5627295420140129,3.0540126284614946,2.4243260037266086,4.688648918333022,7.003899161582715,1.6886618851262236,0.8019854495061524,6.95540296304369,2.9738301441729944,3.669280131656711,3.922051178738126,5.353610890688693,7.19918539930728,4.391557286325825,3.836525663586073
18.46852013270479,18.47715582791541,18.732620687327493,18.894760034231066,18.63194231389309,19.075922478898818,18.640775509544884,18.80407275061785,19.486033616374034,16.832672419094518,17.16012769159949,12.960588442345749,10.398743443220685,8.792160973977788,4.155021224594576,6.519693355035395,5.500081441575047,1.7050441081277816,-1.5057251363803337,7.751321978097003,4.269723982914292,9.10839158931421,0.6524542463139745,4.5771049434228885,8.005237205674769,3.0522541893196125,5.316946452212806,1.7857810992798417,4.35655189425733,5.585269474066014,4.035595401976197,5.06082135004757,3.853905288678329,3.599649571621163
15.589258542282659,16.500078292226902,16.480039278761236,17.215572486284923,17.901647879128117,16.58873794769669,18.692547130092485,17.63407976436401,18.558427137330224,15.881870135236529,13.30059243886769,12.523921612316546,7.957320697547709,2.00407146160336,1.7801120425372328,1.068085500299338,4.969515959157874,1.8153101572496335,2.4774472705016013,-2.5960101921851173,-1.1074214649888379,1.5152096699592714,7.813665414258952,2.8162518000078034,4.786661987304562,4.137097148470277,4.116697559892786,3.649624666310232,3.914314198385446,6.7323929043880435,5.1977140533277675,1.9139622411096004,2.7024877930189533,3.2781774714670924
13.696078348071431,14.208127147241848,14.803483156270103,15.155377812674129,15.182057361068711,16.056361878426735,14.633808431117847,15.977421534046796,16.02034324684057,16.57965055922387,12.1975922422339,11.198269444631917,3.411616091196766,5.49540103150448,-1.6702121117718278,1.1581959328266458,1.326673858713622,0.8492734578675695,6.880511791862812,1.9865800497392696,7.20494472719053,3.9320968754447003,2.3272031513036384,3.493616154929959,5.954658242322211,3.6471170034624603,9.896196943688647,1.7956630700097198,3.237844934166053,6.291152849420634,3.675511209996879,3.7145963371656348,4.114280778481972,4.877034602480099
11.919589493788916,12.01340065379069,11.31164645573177,13.161525930258474,15.579959000348055,14.366673724847606,15.46956749398619,17.901932293610702,17.55560334388759,10.500753062536578,8.988514181839516,1.851222020263074,6.367637965176657,4.563295927411665,-2.3746280709009726,0.30231469672130473,-1.803288849891146,3.229677060499409,4.341360224745072,8.148374950547897,4.741349647822556,5.120635391373189,2.0836969002852634,3.084975878263008,3.2705887628885493,4.180955028372301,4.651563616195419,10.13224276007693,4.162896486386339,3.070432327093351,7.329964191345774,3.117051081080437,6.117659856298273,9.846201545418523
10.541783462786885,11.767620695262087,12.338394448838084,12.684394638165683,14.06513285188704,14.080309353856357,14.858886202706605,17.11632396720722,7.209476208245688,6.932995080332307,3.2421968034483526,3.4020994246128495,9.158793183850788,5.287265672421679,7.815583895962023,-1.8859035726608826,-4.383038669878328,9.46637432463275,0.20742331599857466,8.040607946291146,15.48699960634317,7.950822970812406,9.424243355072274,2.174877000309196,5.2453796419007706,5.193902610190172,5.1855190880089275,3.8711901536910394,5.517119446595141,1.36949415508538,3.4640346979066554,4.259611591822407,8.615031782724975,9.700140361947389
10.356345429993375,10.56555927029046,11.248227518107848,11.630734020273167,12.628916837890833,13.351956461906754,13.801491917710072,6.771814832336666,5.687975100614857,4.131740672857744,-4.422173056093682,3.1519384082621453,7.97287402004887,5.605129973018073,-2.043260828809249,9.6663746294853,4.040229885901364,-0.4063010362201451,-0.17556869189719523,5.3013865500788055,6.289756818874868,8.225008006174091,7.6475385202761315,3.768467942409159,2.488609093358792,4.528834604319122,7.878571601926964,8.623570461116177,6.236071217832663,3.6006543858131734,3.2682154600841216,8.812513769751734,9.053458251485548,10.010342391363325
9.242531909536654,9.898303548025757,10.289377301717112,10.35548000580872,11.232859509360564,12.544884125474306,7.5511906187607085,3.6777508084371164,5.726732641334934,4.065114867836684,8.374479270927443,-6.396984288083736,9.118028577472796,12.535007548258543,7.366228032264069,-1.105269633572473,6.385557201877551,0.4845168498683471,1.62955360641974,-0.2596796420218441,7.561502601909831,3.5203326025169837,10.91530638205908,2.7568649508843994,4.8760058357555724,3.3245423998627506,4.202069814469901,6.245084646075731,6.419393970947685,3.4342256177521326,6.338204811891099,7.446006831590366,8.96403113709758,9.862885990154089
7.84872668032,8.42469934544632,8.891737054596422,8.364779839171904,9.481577069483718,9.07930518949867,-2.469452357903939,0.5231307290626133,1.6442389134809396,3.515563408835362,9.625686164879307,-0.7789691345999183,0.8094324692127274,10.332673081892393,11.587854160400056,1.2050610251240332,0.5381169497272789,4.424695889488414,3.3237592023188274,2.499712941824108,7.252492543899475,8.69522725738085,2.649927266579675,8.021877037939637,1.8946017039177256,1.2224338914713184,3.399327935329564,7.075463191399028,6.630592824444915,2.767832961973846,6.667933271805449,7.4548899638013895,8.709648102098111,9.356776703535866
7.941419893157389,7.949354439978165,7.896031683049578,7.8177109662161,9.256638035471868,6.13534401790793,2.1428411006081083,-1.1828478727167329,2.626083676820677,10.35031292485482,5.117268866238378,9.112126376959253,4.360761424848251,3.5078830508057712,6.828253966524713,9.738948835462764,-1.1452667342386742,10.091930623961941,4.556890342259794,2.5203600281108662,1.427081817657551,5.9399264893471475,7.372331119811719,4.562627934172693,4.331922828664214,2.3392370751287337,3.2825458380906505,7.682571847383084,5.060165401682516,5.129926327468182,5.93244568164244,7.513786517785561,8.506134999304551,9.073044688580932
6.19762002245863,6.973899447243706,6.541442025892797,6.541348109952686,4.941731933447331,6.291786276196332,8.442281408602696,1.1134868790735413,2.505802059126791,6.603415895464528,9.598803768207905,7.584428707856785,-1.7894887686856744,-3.1785856357378535,1.1058817069042146,11.869415955601431,4.223652811353765,1.5875478224574358,3.9872708417928147,5.853300783670359,0.009488929656364376,7.064042097683331,7.309488975461036,6.746183383890732,1.5118306763244544,4.160674992494249,5.729523641894303,6.103257035845183,3.8087808306954827,3.709910481640047,6.053135954970382,7.200936466414912,8.26783904366441,8.030493819147027
5.2581535562241575,5.581011831255119,5.267092594571477,5.686800517797872,1.016187260934679,2.1393108494829765,0.35603671431019124,4.671579023633098,-0.03913006770648309,5.419042951670867,-0.7012209262533139,7.52994537334619,14.39271501782647,4.85865723163584,-0.8616203551175774,5.248549348715497,1.7036516990130277,1.9631575832657866,4.712412172814242,3.9781416042710704,2.4190865337872243,2.5742010636691894,4.55965688514646,6.0640845006430775,2.7447580903860493,3.8224545560958183,5.1973811878381895,7.60519997797123,4.526181291563941,4.781706242196384,5.9951547231146884,6.810574614338769,7.314698318091419,7.331494393353233
5.054021377632871,4.395262607984219,4.329410279737011,4.468519322136869,0.5335161875453948,2.842928467542202,3.5012719795461718,-1.2783335636802997,2.181873456336835,4.676683033330388,5.48311408069486,8.094509769176025,-0.24817503085603893,7.126278175173725,-1.5912330435557376,3.643438236010646,8.199285918906934,0.31375576726041504,4.417463676678405,1.1400057534285797,6.565761223332133,3.1085196515127818,1.5976662481612005,4.097394634966473,2.2623345114733,2.7902297155070803,8.502553832439814,5.223107067383455,4.485957713637598,6.191699245094809,6.601830685618483,6.621787635588988,6.462915817522551,6.649877131444928
4.988191610745825,4.283378901849118,3.973351757913906,3.7348473843356267,-1.954865123916822,1.008671347704944,4.44598683033474,1.7433788157911068,-1.4630431618333106,8.698065527398564,5.325443341449575,10.167066375181353,5.751442582347477,-4.022125378278355,0.1640596169492774,-1.5223715741780257,3.5684005145313655,1.3888072273453236,2.0302081020830776,1.216341766653206,2.1998679437945188,3.1431031262421043,3.6064227257767825,5.3968498607412245,2.344349520198819,1.3119819534351822,4.326783346452999,7.2417519513666555,4.553815855354228,5.3568434864168015,6.391505800800619,5.839930985418612,5.695382140620217,6.376018087160102
4.268563659116942,3.8833657914357897,4.427752067268167,4.840568918269724,1.8916769646826872,-0.049188173553478355,1.62309127543978,0.2460203517796369,7.024376893732404,12.1917210377513,3.6528167736935795,3.052120203925676,2.004224416546971,1.2724950555023449,0.9808108386676468,3.2165730529908507,1.743530845634475,2.373849441535413,1.4728648125708708,0.6936610493048004,0.5043312287262933,2.0464572914877914,3.182111068430161,6.539543056618755,1.8644284039768422,0.3837048610605512,2.8914441521570016,4.247631222870082,4.430847988548714,5.0567787882683,5.57674323408042,5.3775937738985755,5.296554042421008,6.167074149499522
3.605176372110708,3.4854649537632243,3.4447073059846,3.947242844862246,-1.852201101556254,-0.41560589709868073,3.6412885887834725,4.336690698839193,-3.6528563735670097,8.714802733451423,5.832408513496941,2.7138429265796216,5.494820559442668,3.6030802501377024,-0.5287997796942571,1.756509314112275,1.6651079427531865,3.2934778660100386,-0.416481381715954,1.073509009506355,0.5351358411081651,2.4716434244531187,3.9505468655980858,3.190807038113155,2.524917627029355,3.2957771021887603,2.254989030242097,3.0951823044538322,3.388839321516093,3.1467614114368176,3.9751870310828963,4.578362665213003,5.506957884747468,6.243080478165038
3.313038216212882,3.2291940742112306,3.132975990265241,2.5479930551074244,-3.1318082736238804,-2.055941828927999,2.72084085862564,5.754758131642431,8.917292259854749,6.448977109020088,7.510226960819383,7.730333019263846,0.32789287291210223,11.116684744096055,2.4839877665856087,1.5575116484387102,3.3418833162214576,0.5641498849947714,-0.8326523157110346,0.787182684855412,-0.160178607846266,0.35033925278703937,4.148489562997959,3.2185509775688588,2.2032189993802582,2.588923841761257,2.468248410902174,3.723994668940305,2.8842171855785512,2.203885827075117,3.680699053622786,4.048743918885925,5.668898250768347,5.068610458069185
2.965891340352539,2.3888403152843054,2.815955675246283,1.5135389237965204,2.0854675028708884,-2.490060612055568,-4.201491299082936,1.6474497274606326,5.299754956812901,5.781538692721431,5.941388472478807,6.0070848632389255,3.2957473002281024,2.4176158432093873,2.713318946218062,1.9828196857073501,1.931178993409125,1.1229328558221112,0.8315152289552925,-0.8290657035614756,-0.8102905274444567,0.6250760677338786,2.4171607333294465,2.2013585943057192,3.2600865318858547,3.6747500157006137,3.153874398840492,3.1525869417457346,2.6403469144689207,3.1326138486673356,3.3001054106458474,4.485043556742117,4.886920554516916,6.125714308718719
2.6275604119720337,2.2860686379063804,2.2303286598374013,1.2347506461816193,1.6558270584867538,-1.904594192431998,-3.2328969883404923,-0.649266461013379,4.984544089685199,1.066699225800607,6.78890997315948,7.4095677480650375,-1.971210596783205,5.100476270038128,0.43114010331149877,0.926926346253647,0.8138367574720509,0.883247870348199,1.9623340465971757,-2.576676687934659,-0.11772392439923775,-1.2630523617779719,2.5341732622275877,2.599458992800961,2.998290692051231,3.530621073528193,2.130495010315506,1.2782295550715654,3.148199340547392,3.7930698777070937,3.8953218525701194,4.451087707281548,4.70487579162765,6.273385626420536
1.8702316749123067,1.998618868486989,1.9437434098329496,1.9651110240719227,1.4964218216218155,-3.2105915547701502,-3.948380860959292,1.3549613196254073,5.894989830940832,4.458181405819703,1.205321599996572,5.95438108995886,4.526208690018257,5.6188173269799435,4.371535087195117,2.2904703652666987,0.6138652664800403,1.8822059348684335,0.8578184199497492,1.6604815556656598,-0.13223448923485012,0.19202625671850265,2.2016452196104725,2.4642429649922852,3.757468394027001,3.0386909590422344,2.4286285072695066,1.7618692421602609,3.0073249818507506,3.349657205001752,4.463320817188835,4.916778823005152,5.765912322518694,5.522182575142294
1.796520827413392,2.1869134809051682,1.4664080655120082,1.6536911032795572,0.8431078000446357,-0.7155181730646488,-1.0368030447305276,-2.264043824864033,2.4824519376094805,-0.7933584100109206,1.6446615119822567,-0.5851554047411756,4.9887480158790884,0.1976927739331637,2.537341852931745,2.259634282146459,-0.3289198783495637,2.6356017779974064,0.3398702019377238,0.9615917210815177,2.078890808189907,2.767735987111733,0.8158534504210402,2.4829550718795317,2.9768454373204216,2.6897407114362806,2.3178148776207426,1.6667384016688755,3.2219413791593063,4.30610690539232,4.290028013634462,5.337027387904401,7.806926995157759,5.336476802541645
