script/wind150m.json
{"header": {"parameterCategory": 2, "parameterNumber": 3, "lo1": 6.000198445256149, "la1": 58.999992894266676, "dx": 0.5, "dy": 0.25, "nx": 22, "ny": 24, "refTime": "2024-02-22T13:00:00.000Z"}, "data":
[rows 0 to 23 of 24, columns 0 to 21 of 22]
7.168026284997438,7.748669944632735,14.71723934428691,6.388561644521769,6.7969753584023,13.124019136441214,7.256965030519095,7.194245356017077,11.852046553315942,13.115353532611007,6.550573467954992,13.148326283736642,6.6203660306145204,6.90512661239503,7.968453234160907,7.017050512677235,8.33062770357246,7.594064165221921,6.193340031657668,14.182209363662178,13.599075925898115,15.211766445247536
7.3052303486465116,15.557631964256851,10.06384234000406,13.678023238462403,11.425695692309041,6.949961567144018,8.5127557352148,7.789528349415312,5.894971284895892,6.5685106157463675,7.966357221391536,11.8591675975071,14.389738264392596,14.677527976578945,14.254253232226034,11.593850435996323,6.86195659943449,5.643150395054798,6.13824757918123,7.606108226474439,6.561092472585351,5.33177985236016
7.253546755897959,6.452300887567149,6.2294386460217,4.869161088216988,6.6838052518162785,8.219728525441205,6.316155093518732,9.210860747977652,6.100256938563283,9.11323010119014,8.030389777020343,11.700594353334203,8.577860061480573,7.003005709772548,8.080747818464689,8.32544956177989,13.773412603903909,8.015263762716286,4.780803566958859,2.8136163453080467,13.414822324317186,7.684206139781486
5.844441643412236,8.570477045576133,9.314882889879131,5.218276109423132,6.666077220075638,6.711307980708922,6.227653509342121,11.547819686050655,5.163897539798211,6.642785723288057,7.34612241230493,8.376631602701782,7.510997963562468,7.0890868678932835,8.047181288217844,5.551210536928559,6.223073890242865,7.453442507377807,9.024388297094477,7.421826669233268,13.281580810600298,8.033410156661784
6.248534871700862,6.625662932242749,7.5348560278856445,8.126530266452024,7.836230676090126,6.56323161837669,15.481765786383974,7.834731150255932,14.765311219175016,12.316394507713824,10.482997636186052,13.39543984129279,8.259764643909957,8.324849071829313,7.557689812903311,6.486240641472841,7.119561075316554,15.32866333431757,9.207001924865002,5.3515495724066575,9.807749595086635,8.488716894488686
9.907027562940382,8.717941538727276,7.9597393535612735,6.135642186262112,15.209799358074665,12.864975268504686,11.17531868184134,10.586725156431214,8.799129257205452,6.44531068267747,7.511688451750234,7.491324236801414,5.51556376287566,14.000122976145668,7.939338336969812,10.96550399237724,14.035667449922304,9.25919200786139,6.325962174035195,7.162971136804447,6.608536439071651,9.49065023756918
6.56051125847937,14.08798182435963,7.595021323037064,5.7148981389334885,6.745927230341937,10.199889405674398,13.401946052055726,13.951234207679084,14.126827800650217,3.6798478705930497,6.684336024678601,7.999962971142374,12.438600305654216,11.551689484546536,13.515893516160954,14.921949167325915,8.213189938753857,15.555610768165458,7.782645384645413,12.366957792548689,6.408747177751823,6.891260818661081
13.90607928226481,13.158761126596751,8.428282274609547,10.867434148924348,6.92603418823867,15.10399085888046,7.002178483481997,10.368322845252118,13.744368675076375,8.148449320336004,13.392192235411866,11.033961036571666,5.773373975191346,11.123440569658344,12.326890479021538,10.079908848662237,7.688627089568467,14.182054412498507,7.399753256845133,8.007417360820236,7.2767186953573395,5.11213051356851
7.652098556272706,6.218328492835253,6.510400251086051,5.961751451511951,8.645784318796604,13.64964400393164,8.189164447504226,8.335469110613076,15.541277441599595,8.964788614557007,6.475720913014221,5.571704454155739,5.968152202774917,6.939764347031706,9.202206334107727,8.873431563242882,12.599793305850012,6.909807029151518,12.386681776151276,12.639874466601167,7.496615319802057,8.33780867393437
7.7113995198857035,6.281401932926083,8.112620584749218,6.848453950349381,7.297245519620228,8.639622587256417,13.08449613852713,14.055720874823374,14.170936119483311,11.1212574536909,10.60438137774877,12.12341741282746,6.956323791123121,6.244191687471026,6.693235186948107,6.816863181750924,8.478777032146358,7.762519037132009,13.997615640699243,8.503943429505759,6.3438899644550695,13.72104993722453
6.777480756010607,14.187569280550438,6.692385632213659,8.577253588562264,6.75717261153305,8.78087140872905,8.602494239812449,7.63085784237506,14.611349430082901,8.305591932880741,7.855234588249958,13.343985935997937,15.345167895489816,12.889325470087705,10.822815846155553,8.933959503386546,6.190071916452106,13.795943407794518,7.199990821582857,6.754362329630704,12.160142688697078,9.020093338928527
6.269505967335137,10.498819946710514,8.246197209723473,4.867684630428715,8.599218206997,6.732589705785415,7.798378949445215,14.650328957354361,11.690890551346813,9.214556119389288,5.024227760931261,7.012425238916875,7.295531700643194,7.002567750160697,13.185515059820354,5.695536698413853,8.748936230466754,15.041255717778052,14.987532222788078,13.403868469840942,14.525602412368606,7.596207052156011
13.731985818927368,8.642251167447476,13.044228306095283,13.157314837697696,11.422322434644771,11.428668824217297,7.03350461787581,6.211262630535241,7.217823808896464,7.9613525885418275,14.24724648190857,7.7638106518663665,15.104290266702973,7.257607143325008,7.356702515113447,11.798364175285856,11.212487707391517,10.308497943970904,7.2950678307374615,8.65539330879807,8.595272479348493,7.443978181637214
6.357010752412321,7.33923262812611,5.784348558595506,8.067481748212407,7.045662262289265,7.4092786186453115,10.684629877901221,7.546129018710186,6.471171485517158,12.711130234445791,7.092103483010486,10.136236355325623,6.452640528686514,7.997489531034518,10.556455691535616,7.629927000416519,5.142292309060637,7.583924691145141,13.922291446280283,15.210030704643286,9.674424790894562,14.644982764346627
11.669681644087555,6.714202979973266,9.340395661843862,15.192183788134344,6.8733481104075205,12.700152734885174,12.142956155776602,7.183602584505594,7.414663597602055,15.254394332783013,7.076296832050456,9.243460782956584,15.046748237185918,13.869967907731256,4.290593593667435,13.89765625400965,5.985803021479547,8.072175216505284,7.7629586584225025,6.180725439514155,12.321300409746783,8.223172295089935
6.022693120579863,9.50736645536071,7.794854446466876,14.596473240305865,9.134009307309363,13.137074638553223,10.774941525328599,7.720562589224977,5.340213390382977,7.400698685639166,8.065043952265412,8.455319876523058,15.580123656933914,2.875882315974179,7.295108406783049,8.084829738792978,5.947235573209814,8.184777369927486,10.304745511016835,6.689096454284777,12.577112153340531,7.771291988054934
8.422914206845006,6.97720388198589,7.200655682468604,6.488768530215604,7.078120093594516,7.537403616927137,6.901941298312314,9.717899601707156,7.253581151902376,14.704474323107027,6.461092168660273,13.75257954941718,8.184134852317008,7.7644945697005525,8.337043205700612,6.1569825501822795,8.570030162914094,8.726633382222094,7.288261474163449,12.28691820671325,7.599960992558688,7.48289418796723
7.172832107241215,13.752489653045519,13.555281958859501,6.507585552021972,8.269101413300838,13.914773835645965,6.334322360124118,10.434702905005029,14.32408119189907,9.639412792273543,13.995077586861113,5.9561426447975645,13.330328164719276,6.91619203460845,6.573107888219648,5.150982307355526,7.133325356272067,14.632619854561426,14.681700400037831,7.734763022842684,13.108244028278245,14.175861041052721
7.909386084001273,7.069108286811932,7.830224724233457,8.95813823833141,6.09883784818347,6.850219890827303,14.21293105963804,7.921063777768473,7.605721041538507,10.982491291657908,8.52190917287139,7.026264362048957,8.698454706040302,12.497066571382778,8.043145294412064,7.787402241421527,11.326935000112899,6.996225098036581,15.143585019272267,7.019771177870558,9.310967747651336,13.42193470150904
9.9413682527592,13.361427049713999,7.766863357174919,6.871830224976157,13.272097204298172,11.548658821030381,6.97863379268843,6.241482797754441,12.292525265415804,9.385689431495644,9.543406928712646,12.737312521867166,7.09512571008785,8.826063522075499,10.594560867728537,8.7286327441083,9.070349850721467,7.970340264602571,7.225972700074236,7.573297321790535,6.9468371497007055,9.115669344124477
7.269238047202227,8.327352811564305,13.062240815422161,7.8884175175019005,4.835831639865248,12.61586129415466,7.597700310383742,13.03256126788447,9.432205519756376,7.994680832887444,6.007250130659883,7.101779424007704,8.442707829396722,12.534432859410707,6.866131428754031,11.649899123345909,7.776458249987347,14.258497266550267,11.69904886753712,8.345255476394126,8.065975464718639,11.447257978852802
7.696812445708731,12.411102344191718,8.556434360178562,7.426280652777735,14.681358205235485,4.797556810589537,8.702528920349105,12.059843569630267,13.059338368850055,4.550590840629323,6.973089931974555,8.345326782968908,6.26679013301541,13.658176986273492,10.479461167629864,13.091487811620688,14.419965779332474,7.2304624051567,8.669908123457603,7.392774582623339,13.880218358014748,8.253726926562493
8.413592880093892,7.790733037347707,9.894105459296476,13.017266370329049,6.296900042000218,6.12248747936604,10.87762729434866,10.048786334576468,14.431169784015946,8.442167295202786,5.386182671229449,7.240687588723482,7.9470223139684455,6.257022106018052,11.797665426153607,5.50026154117461,8.537938584196354,8.484691626424032,8.091874975995799,11.12542925316174,5.7900385529150515,8.369926075714691
6.631261123646979,8.012721227630148,8.473659109116825,6.294715343910539,6.571177092062953,6.585009764282048,7.178810739935488,6.982300685811793,4.932063730897202,14.221130768612367,12.57238805319732,6.858542073405934,12.977678702345372,9.625899477491044,11.541546342770749,7.924654945974206,11.153741027026166,14.850771892000319,7.687719855853897,8.469591882918936,13.118965521127048,15.239189498536106
