script/wind10m.json
{"header": {"parameterCategory": 2, "parameterNumber": 2, "lo1": 3.000054539987559, "la1": 64.9999836372058, "dx": 0.5, "dy": 0.25, "nx": 34, "ny": 52, "refTime": "2025-08-30T12:00:00.000Z"}, "data":
[rows 0 to 23 of 52, columns 0 to 33 of 34]
-1.931024287045771,-1.4969692168055346,-1.7189665683490087,-0.9283823226392547,-0.6338305731214215,-2.0745420409765547,-1.337480531594553,-1.762461678884259,-0.7221957696919554,0.9527230844368838,0.20723764391418012,0.5699328367938352,-0.11882786540433918,-2.7431072711197912,-4.39484113558905,-3.792699532591576,-2.7314100601267546,-3.944481178208222,-2.828540865260008,-5.911488489263043,-3.1523093567080123,-1.6157046019292116,-3.502159310464437,-2.8897976695872094,-2.00966265583505,-1.2658214696506096,-0.0012763933203919664,-1.6105744791071428,-1.8323071058224911,-0.8485286720522852,-1.7192336272891704,-1.5832356844496662,-1.7291549167129654,-2.0474242091327786
-3.149514118235451,-2.7990819616932057,-1.7308487976540694,-1.2029368662170554,-0.8875542153401339,-2.371366420229613,-1.9836398637937152,-2.072933575062397,-0.9954176899583278,-0.5616256037614086,-0.6602413458105277,-0.43346482580598805,-0.25547441686637434,-2.0062003875154875,-4.126959803977477,-4.973911086993262,-4.201051194558307,-3.2727956131307194,-4.697000677374072,-6.208346165485549,-4.6394118840846,-2.820468855686416,-0.7565580377202548,-3.5355822074519003,-0.9805322021276383,-1.4550753148309463,0.013285431206324869,-1.6494105427292394,-1.7111556581740546,-1.4266568464990959,-1.746607033715364,-1.6006390267148936,-1.777914147873158,-2.1606467103879017
-3.73372613765084,-3.3668973506137974,-2.9070858438112435,-1.4073785300085246,-2.2188091271013826,-2.576326768900159,-2.5361575889303647,-2.2344700228647643,-1.736352370189466,-2.187137527008363,-1.555692563648775,-0.7038667549852627,0.051667360991409346,-1.7308379126372146,-2.339294454093939,-4.928977624223652,-2.9993541268337247,-2.299482527168373,-2.882056674957872,-3.7536820557424764,-3.804850989688205,-1.7454134287810925,-3.115925500733837,-2.3256106756981545,-1.4542008409224598,-0.5522537939571563,0.39980984983797807,-1.3345526175612736,-1.4284997271713793,-1.5817750788294396,-1.7388634187276726,-1.6471774933319863,-1.7218970130999354,-1.9897962067133164
-4.337681863735471,-3.2397372992212086,-2.542365260391293,-3.0560816725743316,-1.7843432871031315,-2.6174563686404486,-2.99414765519021,-3.3865484546806983,-2.404297720987021,-2.042746358553681,-2.1541049640497016,-2.0833627426062633,-1.317951676837895,-2.477358534843006,-2.589895927031208,-4.591069802641191,-3.0668834721283535,-2.8986761611374856,-6.050710433956874,-1.2329033171827604,-4.053836429670084,-3.555156374705569,-2.346996468869818,-1.9770694230738541,-1.3653252760540866,-1.064385165050123,-0.27626640342381936,-1.4316730904670567,-1.525626116724089,-1.400823668115414,-1.2902123651715531,-1.7021846747995304,-1.6587107579524205,-1.7345931502116905
-4.461862171055661,-4.015840969065694,-3.217788722684109,-3.46725969489528,-1.848354801622152,-2.821962981071133,-3.131746283327991,-3.146104356215149,-2.4592887354253783,-2.0006248221168983,-2.544440214793163,-2.106877527868819,-1.2972486005469845,-2.2661397297931125,-2.337480521255055,-4.529920502808438,-3.32905767052007,-2.7181786558143184,-2.8477414646346833,-4.810070724812038,-4.310957088520985,-3.5007303842424973,-1.1736066271849341,-2.2597112329037428,-1.2053215736672043,-1.1732683846189047,-1.0612599876202498,-0.03342076303702693,-1.6369393580554534,-1.6811069831509502,-1.0501218277542974,-1.7091568347265422,-1.6474106381981124,-1.4284121075159686
-4.770550473947228,-3.8894984070649503,-4.442874754523772,-4.062155759970592,-2.5919678353180786,-2.9173965386304164,-3.575992906012695,-3.4439994748531166,-3.1815120664057615,-2.1510763165344993,-2.1216155939074697,-1.462469690154746,-0.7947724304797241,-2.187899546184479,-2.5483661624801237,-2.4029033469557946,-1.4255134861089642,-3.0049260381261136,-4.8852430566201805,-6.060794178855449,-1.8368565425324752,-3.243218974885588,-1.498077047217461,-1.538660719027875,-1.8117818634742882,-1.3776852491520803,-0.8203505825347998,-1.2655930667124773,-0.7561508169401648,-1.5643359946796545,-1.2802591914026233,-0.763204405465536,-1.2592669244280994,-1.0753781959304176
-5.429183182348079,-3.883685375380356,-4.89911163668004,-3.920228073501402,-3.502462155561746,-3.221205752320995,-3.705219993138346,-3.4959662566272955,-3.400604078577084,-3.185336346541667,-1.7092764600630233,-1.7672843452081226,-0.7983908364014591,-3.365739781766745,-5.374788759230809,-7.157521505744165,-2.037401174048545,-3.5229327032175917,-5.4574548394598965,-3.801167261422629,-2.297608046218667,-1.5875390608890425,-1.195091893891169,-0.7138589107851994,-1.719870056728239,-1.5901648113149423,-1.1503446759019458,-0.794675893194257,-0.7731208590433462,-1.4254222116622972,-0.872941581399503,-1.0771862250281647,-1.344297715296101,-1.9140562283097586
-3.997257434746597,-4.7897877102725355,-3.704512976388672,-4.377728376784659,-3.7859753965825447,-2.977707178690017,-2.9339285373841077,-2.7347002324919636,-2.1043262464253365,-1.0570035912710825,-2.919131949583674,1.4249561002269242,-0.6994214297043055,-2.6121554807475325,-2.2855808478443143,-2.1099471989209255,-2.0089169293930578,-0.8607599057329142,-2.1466973303829167,-3.1445643867016906,-2.4339088842077143,-1.9343979060081067,-1.4003103796806657,0.13805235156405013,-1.7286173523197872,-1.2934195387885083,-1.427363950112038,-1.5290104481255011,-0.38507629362162893,-1.3445375959562595,-0.9422182283559579,-0.26006918473712975,-2.0060075230972316,-7.886056138720177
-4.089741605453359,-4.074270893652048,-4.207392530057162,-3.7210969372488725,-3.502408929515688,-3.133101867964863,-2.960557431060416,-3.464763378676339,-2.9878447518093654,-1.0324936590010325,0.24487525332123244,0.05529563852140439,-0.6515012345452583,-2.0692498898082805,-1.8504425962123552,-3.180940093627838,-3.6103700731562167,-2.4056308027646343,-4.13372284433849,-3.4364563233314662,-2.3898154945772996,-1.6069754661344198,-0.4664958981685808,0.2159928651444252,-1.6186562341894264,-1.52144717406046,-1.0930341432243331,-1.4915195636843337,-0.7399809661193212,-1.0684252792634539,-1.5688116431564993,-3.191181280800352,-7.315983433942715,-7.093187294325296
-3.599637535089346,-3.134086088154869,-3.6927758624827227,-3.090382857939578,-2.7404932508182864,-2.960633352632016,-3.0684726777947917,-2.1532850693639447,0.9238926409465401,-0.4559216283697466,-0.30167579200108974,-0.04964728599673579,-0.5672596776929145,-1.0112868237904251,-2.6047910255851776,-2.5322007373441213,-1.988402275282608,-3.6301276607329696,-3.5812404036240326,-2.388291140847133,-1.50769037732757,-1.61630904370696,-1.3811370783123087,-0.5023888874081139,-1.2556935944869136,-1.6065920142388173,-0.8264935087800891,-1.5417775703488916,-1.7941669014149428,-1.5789446528901014,-2.8734715121921566,-6.98314050792801,-6.987601413621165,-6.32392560641465
-3.973750179376302,-3.6519106849795357,-3.065406237922479,-2.9640195320945377,-2.524187140457255,-1.7875189287135598,0.5185806110049982,0.7589634647099891,-0.6977176614990792,-0.009195355459615149,-0.738140306076783,-2.7639544693598914,-0.18658825472355428,0.15176955078423274,-2.221615886202091,-3.431997931539169,-0.9952757905005223,-1.9816192555517247,-3.563303755153048,-1.3207470633937275,-1.266705413329559,-1.0908424360026592,-1.1130646763082255,-1.0207140594329083,-1.2324029954704447,-1.344614180502587,-0.6764875632982,-1.577401831887111,-1.5648414030145485,-2.154679136015322,-4.750603432384912,-5.930560827125495,-6.318833453042744,-5.573883846182036
-4.286505274705779,-4.024365696951465,-3.446187917921145,-2.6500935886144603,-2.097919171822968,0.9340366822418341,0.23046507702682237,0.667310686114171,0.6129903857809014,-0.9935964091362917,-1.0629692217740743,-2.0664216399186905,-1.8985416739446384,-0.3129741640993716,-2.0910824721194277,-1.1908159390508988,-1.3572143722282053,-2.8279367624773593,-3.417231042717342,-1.7838558310708696,-1.4838285644624,-1.7468068989731746,-0.7821428674101587,-1.2308534212568452,-0.09434914173210632,-1.1123753360307485,-1.4253797058651423,-1.4732295825719546,-1.4990532733827167,-2.267434604521111,-4.142936947351609,-4.28515495929109,-5.561199602948374,-5.948267913090479
-4.029565095816731,-4.221428746328058,-2.9892396610193757,-2.3781877970987617,0.17304011090930022,-0.056043252423752805,-1.3646961568060128,-0.7938522667252247,-0.5726950261050701,-1.3437833212971029,-1.4192770719795136,-3.427658055799413,-1.5855710697805125,-1.3166818265680194,-0.13028072231582835,-1.8333614497107382,-2.5394970155138297,-2.013633857390327,-2.9087087256040016,-1.5566587459159815,-1.040183028474422,-1.5251773772930306,-1.5200863783904968,-1.6609225358508066,-0.9325108506441767,-0.8094070106567468,-1.3994450377680059,-1.7046576060871967,-1.8883817801706173,-1.2381471784960505,-2.609918492263449,-3.688262461121336,-5.261676387934927,-5.219934918494165
-3.3150359148822917,-1.9580400642107922,-3.1450033473548933,-1.797249120999245,1.7966371515511277,-1.2827419246948917,-0.8544451594000019,0.2672510549231058,-4.297441152789834,0.06503198732173564,-0.002337366826870999,-0.9650027269686043,-2.3861008640674704,-1.8345642752308804,-0.9497244598364797,-1.8144721905265775,-1.4760012792037285,-2.568742703679215,-1.8839315909378123,-1.6748950603325878,-0.5708127418093714,-1.503600501710831,-1.3465992007576497,-1.1257202145120793,-1.634568961933606,-1.1837684090227147,-1.7035256909044372,-1.517734177154834,-1.8115662563062473,-1.3861865876652635,-2.208541566538599,-3.242874795029998,-4.28720190168434,-5.1345090931212445
-4.417601851268022,-3.3336023852008076,-2.329233511680595,-1.7777195246115314,0.390243884985351,-0.4374383318287371,-0.5069434591637376,-4.266524683985506,-0.19268312581243077,-2.3010967272729714,-0.5381369201993547,-1.6905879009077225,-1.0425677681625933,-1.4280669031248086,-1.4173904203215622,-1.7454785510390514,-0.9698565969382801,-1.7078521681979693,-1.2196648855666945,-0.9539195152049154,-0.4792840113603753,-1.0516845250516207,-1.0554714333294042,-1.743348563577874,-1.3118069701115742,-1.5600346006573393,-1.1849345572673737,-1.7325869762291848,-1.269430499715316,-1.701778511351851,-2.2755107912682697,-2.9565283413009302,-3.5544043579434756,-4.322418489277118
-6.1385822368788405,-4.983573985741125,-3.9324675005543503,-3.477070598789743,0.2436983611254313,-0.23222375184077715,-1.9641637304686044,-0.5736442972117405,0.07189986730117665,-1.7569662724539021,-4.109567180380714,-3.603210715093655,-3.1633632791206483,-2.6186248120340845,-1.746562735932048,-2.381966637322523,-2.643007364371818,-1.5021136876306453,-2.110899610017948,-1.2442369954129633,-1.772577429790601,-1.8549243934483985,-0.2499294302439501,-0.8127226394020782,-1.310984190942301,-0.6739216021447132,-1.421468192850913,-2.2037585900620456,-1.2479449387370412,-1.2878761530263172,-2.3679923554845184,-2.4198535197143456,-2.1307309368895386,-4.122058373570017
-7.1599526359236805,-6.114068128201377,-4.698126202940184,-5.0678869601375505,-2.4219678432619762,1.4340342676929576,-1.5093037046363362,-0.5158696324765958,-0.5627111659168316,-1.47069713212663,-4.456878840114601,-3.6194790476417515,-1.804417009065667,-1.15659905978424,-0.924101699604083,-2.1019731447732988,-1.7656404801505718,0.038360334759954054,-2.7572474076553157,-1.5119506717967883,-1.8979513302006996,-2.1000590455184702,-1.0314264079264406,1.0135700055558328,-0.5117270497415083,-1.0660376940763054,-1.4434264675862138,-1.5672853335718508,-1.951707593794537,-1.4399183951736845,-1.7887214215114213,-1.1322016521630767,-0.6323146811594725,-3.1820021507839304
-7.334606830541519,-6.984747548139904,-6.1531401584751295,-4.912292808753366,-1.6333424340721023,-0.4834429754891906,-1.1711024994397956,0.6281304544049898,-3.3326269092549086,-4.296354825485395,-2.438929127422463,-2.555010083450561,-1.7121144409637,-2.0863751242326463,-1.7540354635664714,-1.3469268732491138,-2.2381744187103627,-1.0628217491186023,-1.9882130804873113,-1.8479992552212139,-1.853926938020172,-1.4099824193384216,-0.5026796428143171,-0.23688597016726876,1.0850526104036298,-0.44666344298223026,-1.1592535003430606,-1.092307928232786,-1.5143207896585626,-0.6786393872309088,-0.7733950804796171,0.22361687882123876,0.5562488113524432,-2.5698793529555677
-7.577368091373469,-7.170621135253096,-6.286307379712736,-5.760493950659269,-2.2253923505226405,-0.884354857978035,-1.2935287366233146,-2.054045955822496,-2.4551416164821274,-3.194812125515461,-2.0745500756142508,-2.075070035734786,-2.7448688228940727,-0.8970411949202987,-1.1191006277982867,-0.34709930009617,-0.8249043521731017,-1.3189503456615903,0.18091011632131743,-1.9026600921175956,-1.5767430068793573,-2.140480574091138,-1.5109008327821194,-0.7673966741640122,0.19425262860750664,1.0793149523051973,-0.7931414439191472,-1.4420686246794308,-1.0684058785379091,-0.31577448835168204,-0.29743463914927615,1.3910659333809041,1.078796739362545,0.15942665608429518
-7.8254034011412035,-7.566603055728023,-7.365385596458636,-6.445252218054405,-2.6851800604752323,-2.104932226649094,1.2873901845464362,-2.917857800622869,-3.938163441217986,-3.4841271016591113,-3.193331528341511,-2.8804985285663856,-0.9650270909937391,-1.9163250941844885,-0.8144389146370619,-1.4820747810766897,-1.4340846200702775,-0.8470620760881772,-1.7690148462953585,-1.360703528294736,-0.7967983390643811,-1.2296212319273971,-1.6171552570829206,-0.9142921017448055,-0.12451738620247725,0.386868203376402,1.4224782720298599,-0.39085462460351017,-0.16872144440074635,0.07717500291199088,-0.05340007341763424,1.0709505510445896,2.4110837391396425,0.8106102137061256
-7.316523114777055,-7.531034508772562,-7.700166347282075,-5.575539096506633,-3.959073858372034,-2.0135501076689093,-1.5460812461936155,-2.3285158443774376,-5.477953198147794,-1.749322957997215,-1.1719118449764276,-3.2329871318719667,-1.9322066946623173,-0.8467084628415635,-1.3579216232660258,-1.3031858712513584,-1.098234585367207,-1.4430781145786487,-1.8366966398253224,-1.8855057227026584,-1.1338924803519266,-1.2262398024807677,-1.4086351345173331,-1.249683363547578,-1.045755016518115,0.3632079845834433,-0.5318120926930243,-0.1550534632090342,0.37105599621573454,1.1869705228934038,0.7173654769049308,0.9159543615071396,3.196286646030329,4.047113341631071
-6.9924166229552585,-6.424364042230309,-6.346070852222184,-5.318364137176151,-4.431671459903013,-2.4883372014124867,-3.4830707961770266,-3.3780149928807175,-4.831137369557644,-2.682613600499958,-1.9005909241697065,-3.052245296916374,-0.8955748434576993,-2.036180568295701,-2.9127470472669943,-0.4281463093714313,-0.9654340283446965,-1.9335374356124986,-1.7156671340659673,-1.5322031826322517,-1.8516862300917734,-0.6942769908433016,-1.252428638023101,-1.2330829531137064,-0.9592060125489071,-0.8293705055837186,-0.35440668384985513,-0.5937558083512583,0.28805717406217746,1.010962621751896,1.5510254458070933,1.7311797181530724,1.375928932414674,4.881018862337695
-6.5150298476779,-7.06016851681418,-4.2596168297907875,-4.639859035014115,-4.206563736842278,-2.97023244766659,-3.039332892514851,-2.8781619549722905,-6.1700867733823905,-6.815673713247976,-1.3382872685520881,-2.3676695783461157,-1.3851053881823108,-1.171907062502148,-1.877769321287518,0.2799018584404356,-1.4793650039335922,-1.4004047465497693,-1.6115529688422328,-2.071963222490319,-1.7170064537904968,-0.9251066043217381,-1.547654010307924,-1.217031958182754,-1.1659964945137165,-0.9069749848506254,-0.13084370473464937,0.1582072335982511,-0.48769518766562936,0.768031228033613,1.3208898741889699,2.3298924328450132,2.3814446000556497,2.965533616609318
-6.00454826417192,-7.084900069726885,-6.011274330015812,-5.211608366765197,-5.396308771699969,-4.015423956019688,-2.7084842606279462,-9.894084281162646,-7.521421771381984,-2.4557173442246665,-1.3418019273711221,-0.8105056884151284,-1.841138845048308,-1.2569740161588445,-1.655986071979074,0.30095139060228004,-0.6439989916682306,-1.4567607140251402,-0.8815331377407669,-1.7618791901648136,-2.11592719447822,-2.275527366089826,-0.03263942278307518,-1.37076403512373,-1.8353470363614182,-0.726820301015222,-1.0168592226658686,0.057411257332925576,0.30662717987120464,0.12950951653200615,1.7442000878353436,0.9387681739607194,3.4597962234821202,2.9752059930529255
