script/wind10m.json
{"header": {"parameterCategory": 2, "parameterNumber": 3, "lo1": 3.000054539987559, "la1": 64.9999836372058, "dx": 0.5, "dy": 0.25, "nx": 34, "ny": 52, "refTime": "2024-12-03T22:00:00.000Z"}, "data":
[rows 0 to 23 of 52, columns 0 to 33 of 34]
9.93354882445507,9.432624153388872,9.18886222092081,8.871293374213892,8.309263893560155,7.802156894898153,7.681095902216709,7.4933815889593065,6.46310631609757,5.598846198538702,5.24374189979183,4.043957332418396,3.8396945415483037,4.756812775018122,7.717607864933155,7.965062724649342,5.391053923005262,6.18000356670426,2.0722837559703002,4.788112052174842,-0.6685635126913444,0.24781287218878464,-0.3561578939888658,-1.7556794650134728,0.232354498803604,1.1741137175385372,-0.3962616517353733,-1.7685967611168651,-0.126399515550504,-1.1921629404801937,-0.9257097706381827,-0.06778658042960034,0.20336860233079773,0.08068066431023098
10.114356457504586,9.853724726013692,9.223367437436508,8.677399567475774,8.24484108774556,7.883977606629184,7.651199124761328,7.073643243309148,6.703104473399944,5.87079750520908,5.293910397527062,4.742427929230596,4.193998914699517,4.032269863301004,6.479151407524756,7.270800768566466,7.292010794494079,2.3805967941176642,4.574518048723405,4.1743142992913835,-0.4085495338726673,-0.44211113163836896,-1.0053960993385547,-1.6113183729963707,0.5257730121517765,0.06351475104651669,0.6666105582710702,0.5417290485391137,-1.8026542449157057,-1.5645632210231095,-1.0207876370561904,-0.6781870440105496,-0.9013298784528545,0.5355659229285036
10.166378773297373,9.541738616946873,9.573754264644533,9.122833360750596,8.155428443936415,8.091026803110928,7.494032196486951,7.009892206398722,6.770367693815588,5.953965483796662,5.58011826707896,5.098885703911523,6.341321293200651,6.235901866435829,6.7100846680909525,5.369579894191055,2.3581991115861056,1.6438507783058514,-2.256967319375802,0.5488184921640085,-2.3759734583826475,-0.36768911516121733,-1.305468812310621,0.06039584510717576,-1.512377240233817,0.011324539987898315,-0.35529850610644303,-0.4311016654279805,-1.1646095276586743,-1.0865380759198158,-0.4129308751692369,0.7285908547016988,-0.7542809966262333,0.6024271403667806
10.166076409410856,9.695139810118382,9.507945379941999,8.75470727510644,7.843829374465561,7.5647964044556675,7.216587455634802,7.183353965793606,6.764127559895487,6.328365722014836,5.998477817464002,6.275744308770396,6.706111432713619,7.218618520945502,5.460643032749,4.96836859615626,0.12559000492189126,1.8824252820995446,1.9601776456414588,0.28981981905395293,1.3949506051221543,0.47001619035554454,-0.9035976453416622,0.9708541757679121,0.4023169301451696,-1.1965998671069196,0.41340282158416064,0.0073580440881853264,-1.1183846615212627,0.6609594809981475,-0.051837746009496435,-0.3162416458972643,-0.9457986846672887,-2.083716136039356
10.30412532932038,9.433188950451406,8.624471333076539,7.937262365365985,7.152255554346501,7.014629091580424,7.194571600093064,7.417024077415006,6.709653552809454,5.905065661591702,5.433344954211507,5.472762601619395,5.539009332889582,6.5477636258951355,2.062744886497232,3.9143882332477915,2.3218218385326095,-0.1068521656083284,-2.7738222361438822,3.3800623731804142,2.2637350512100283,0.2801653254547694,0.21122509472391376,0.3129744694191271,-0.8699797817427971,-0.7927138326027282,-1.608620021388948,-1.6272672665842944,-1.9983942962557972,0.5681675081835348,-0.5213969522462628,-2.337268444622289,-1.5746218152426066,-2.1814606536380676
9.481628333235344,8.79786648670238,8.157807032033038,7.581092413795659,7.190089528341057,7.452946962024835,7.506448755265243,6.891723915615018,7.274066788951042,6.115846165437098,4.121075485276877,2.35491837579137,4.808733917747683,4.616812413619983,-0.3744976255954459,0.8580757569690401,1.3806048873337677,0.010250011705400039,1.2774382587418494,1.5336190977694815,-0.4231548921088968,0.5543028402137996,0.6613966161019674,1.0113862858487879,0.8663861537021883,0.6923638387951604,0.37157056608378053,0.43404378977064767,0.11243941095697858,-2.393535197224661,-2.280050231423322,-1.7216919540497795,-1.2089675094114094,-1.711876376061988
8.606000954243088,8.57284185871014,8.478462791286276,8.146637093596828,7.987750536018946,7.645860769864755,7.102400166240588,6.946854352379686,6.524025731431278,5.578321419558736,4.491001408895184,2.663842103302458,0.6163064071162866,2.186130270950995,1.3378343801080979,2.7356865916474824,-0.23791809510921563,3.449680622620036,1.0346739849339994,1.246342634902326,1.3824219732020646,0.8707837555409372,-1.2314140922405703,-0.7207908203055516,-0.2190602804957787,0.5990295863833911,0.4591006495834738,-0.6962973698649564,0.3222214565326226,-0.5485012582648152,-0.8983658467521741,0.4046704441028032,-1.342182100567501,-4.441713372501147
8.579712587315225,8.490052774147225,8.302476205913997,7.970515174640254,7.923146480188917,7.636420140095606,7.066727720703262,6.422944726011492,5.584467882712259,4.599654633319721,1.4334849786843262,1.4452138593308546,-0.13262099964631105,-1.3779615827046756,1.3878415873965082,1.1562235944771888,-0.536152316458433,1.8657319924246343,3.5744072936081133,-0.48575196213869043,-0.30004870690362717,-0.03442984300305294,-0.4180440742245293,0.4158243376965196,0.2535844657654141,-0.8919355831060654,-0.7171824219812786,-1.2502515770612814,0.6560986116998676,-1.327899651351233,-2.23169806532295,-0.618210318812343,-1.3669048846041891,-7.843683004204375
8.284407200683981,8.893618824602727,8.930964018499727,9.94301562143393,8.699448430602388,8.090648737177677,6.35950676874334,5.563444865456551,4.567362327168743,0.6606410061019694,2.3816236374662436,-0.1538229645130837,0.802998086609938,2.0379579148300886,6.822756958411447,0.24546012735628223,4.050420915639249,7.3091372332106195,2.170506828783276,3.0211001708252554,5.724085449085258,-0.053190059514404024,0.5622985146831959,-0.5636030481035348,-0.8995631991292625,-1.5882982289335301,-0.7412399038753571,0.15787446089259274,0.5825927829752692,-0.026712177361512983,-1.4865634979614386,-1.552325502017447,-8.117778745224273,-7.841926522835048
8.378153367007307,9.783397642568588,11.644601450481897,11.412857863313357,9.827290616260257,7.178901073035014,6.031871327383212,4.003353077219635,1.5373303610945177,-0.5360092003644505,-1.8439427306200673,4.237521162309252,5.928829769989588,5.812972620597926,4.348265566274888,10.760634420403859,2.847668907992876,1.287464369786785,-0.3045841290168876,-0.3769605125368759,2.822789196073006,0.9199360198970127,-0.7880147934982125,0.2379250587188242,0.2229091706620314,-2.049224925691643,0.3652252109567438,-2.2859939826958935,-1.668966819343913,-2.307080492151874,-2.5890077956373196,-5.928333996344585,-8.06562143167633,-7.640118683439303
8.061500020383749,9.877402620287029,12.496335686707505,11.863188067325224,9.616016806069196,5.493682194681037,1.7147659646898223,-0.42293869494128633,3.1930731859917145,0.2932463676576024,9.508199700896029,6.786613004049082,2.909267283976183,2.133934373800147,6.1876274707488,3.622944303908025,1.6490026233647708,1.29279099307461,0.1626249628535753,-0.0706774969980154,1.1051424044032296,-0.6770694054809285,-1.5830882376406343,-1.0848127663163385,-1.872695069943682,-0.6840762650974256,-0.027925222050751115,-2.779811016283012,-1.5234321732633485,-1.2737357169170866,-5.1500570300085595,-7.961047119780191,-7.998069849776982,-7.714742911318337
7.948978455003174,8.645220541176167,13.106177829724732,13.004894761508604,10.031390884219466,2.1022444158763745,4.857178967277259,1.0486648122177782,0.9664155159413869,8.161528932235655,-3.291874497737151,2.9277680395530172,5.546756903813496,-1.0222789238610634,2.9294040036658044,2.132018545824526,2.8778321906313185,4.6586409427966045,2.483691471156857,0.2716701843852244,1.2598253334060405,-0.9062435588886417,-0.5830400648820765,-0.35209882488072913,-1.176213528673605,-1.1920998851383873,-1.2968625215616285,-2.2358707160154117,-0.48986605801062155,-0.17046034193138648,-5.964671246181645,-9.161286722283801,-8.316643772976915,-8.143684326166616
8.02509834033299,9.027667046198955,13.286907197124451,14.368980660464857,7.813061344095625,1.8620014253375763,1.4550888354892262,-1.7349315563664354,4.2030704195313024,2.8154110778797197,-2.5236686610492973,5.574095153975764,5.94106644288565,10.678454939275406,6.1154616001178805,10.884707473225346,3.486942132506723,-0.08152684300156761,-0.5764413629077786,-0.6344932853693346,-0.81867116161731,0.7732719590795846,-1.5626529751155052,-0.5553901042971667,-0.7637122025280286,-1.1675411211960574,0.13486900065241925,0.5279816854217821,1.240979843878596,-5.774477238633269,-7.611200011400808,-8.543113228006918,-7.966038576858989,-7.793567480740698
8.117393161115375,9.616393294184379,13.058561079101798,14.107002619392489,6.03247997420144,10.071448839042306,9.164084222540325,1.6178757611814953,10.35373591781941,7.077625034471728,7.846750867614759,5.9421169365339885,1.8816888233243236,-0.27558669545306946,2.7846526107173664,1.7408840708249316,2.726536271505454,0.03376536644873757,0.6309389840115104,0.935044375998859,-0.6134930409731032,0.23663912979192955,-0.19389823163853132,0.08539437879377144,-0.058428046856681945,-1.9230454405790485,-0.6297444984451759,1.1082848171187656,-0.7333225768487176,-3.750697124793082,-7.321651797801083,-8.024933502899644,-7.345591270173238,-8.0465695118677
8.474194091880886,9.04750706782147,10.92929517406697,13.88881469543828,6.638550453427732,2.0551830342732376,-1.383303713311693,12.365730727272501,0.5126866244198475,-0.4780694802986002,-1.4506092871988883,-3.2076757638470195,4.223032880253872,2.6834480318166647,1.8019890078677057,-0.30993064420842387,0.7828010176517877,1.011027021012929,1.0662138884377292,-0.12199949847205062,1.189914840449917,0.35030690976243134,-0.54953364431532,0.4906077694552682,-0.4430707480894928,-1.6026524366891692,-1.0729980289470404,0.5520176032920789,-0.7479808399392686,-4.569596926126856,-6.738216826094903,-7.308835502925208,-7.515939861934969,-7.467745317584748
8.993035166170722,9.063168775721868,9.84428940246536,14.27449080903432,4.081919233123896,1.0333805937811116,0.4789628252201628,1.1901662127670987,-0.5870290109878961,-2.8454361768747636,1.6582370016467851,4.564562003931766,-0.9105018005661724,0.7318410297800969,-0.18286193723974856,-0.36227222906401485,0.9377052486089219,-0.6586561234599908,-0.1685548361776209,-0.5804183180598342,0.4828131972543369,-1.0511063984188669,-0.1755875559097306,-0.8444708913413026,-0.43373434690091356,-1.7530689474481072,-0.26263107812722813,-0.7709075815468424,-0.38891428886321816,-6.020305124467397,-7.60119151854177,-7.658631677306403,-7.768301882573553,-7.399613393554442
9.339117839392317,9.263065330846374,9.94055440197881,15.111938945364125,6.657908150867439,3.8549035223610386,4.357261343891707,4.935691925049717,1.839173785225532,4.777742667447383,3.44744844762213,1.12989930276409,1.1492152676086866,-0.4000777356546665,0.2492449517359707,-0.20147938635114027,-0.7242187835575183,-0.6624854935451343,-0.5690894682805899,-0.17208420154066498,0.16232402527996162,-0.38303529937775654,-0.5799725515804518,0.18217249396171373,-0.8618733740966626,-0.007409705515738313,-1.6748817623539298,-0.5650749486367349,-0.7127506920393204,-3.4735146632865077,-5.900036747245239,-6.676214259499366,-6.989082844999703,-7.196397091414536
9.82680033827627,9.476187841097042,10.034659858825005,14.547225864411072,3.2795560627319267,1.1385910642823966,4.172389105685048,0.6798097052261309,5.239473160164151,5.073744982266744,-0.022334828550504386,-1.0235677442988664,0.740994360368936,1.300168742617573,1.5535094973590495,0.40330701485607423,-1.0560418557647586,1.1737451494455673,0.3982355017920083,-0.7286260371037133,-1.1642379728808194,-0.3135955814380043,-0.44262530569805497,-0.5010047102357305,-0.43355672802244544,-1.3028674678712262,0.042477950323253286,-1.1112434170009946,-0.7522854753977218,-3.133528801368457,-5.07056509268903,-5.2701175251461025,-5.58632471767195,-5.903859367982398
10.159878726435139,9.6399323779368,12.694721762616167,13.578464902845237,5.601332068663828,1.9041835719098148,2.5250368713973343,-0.13412169951261385,-0.41460921257434824,-0.6222358354322777,0.34953426127167936,-0.5231389858715249,1.8696580704111312,1.3537399745438445,-0.5908044052448537,-0.786550562814617,-1.2033381557556153,-1.6821865050011546,-0.30399040796395194,-0.4412713178780877,-0.7281289619795707,-1.5616562538357552,0.2578228302909962,-0.8532387205066932,0.20586463334324848,-1.3964183824454908,-1.5032825289363472,0.3317791583773294,0.20772967661686512,-0.37722875741561995,0.6899601196833165,-4.777265456281013,-5.14899435833894,-5.317853664268656
10.15137985804818,9.55601874099969,14.135861616124656,13.821907799121064,2.8785744764529735,1.084503127711027,-1.6734190960574404,1.7110233008003886,7.216460267421963,1.6576176819113642,3.315327876791856,2.825853313372077,-1.024709889626235,0.7498516617604237,-0.8849638733279175,0.5509338044903693,-1.0450395293822634,-0.31159836124437906,0.06774929768871711,0.7966368190444858,-1.5487268942920833,-0.9554347629247109,-2.028262520648014,0.16946414999090176,-0.8517879286641293,-0.6745016348892161,-0.5483129953667384,-1.27872514793582,-0.5653080641741951,-0.5133014609228782,-0.402141776859745,-0.11185289693520412,-5.641345608581781,-2.975755658719255
10.048867758822821,9.519997322258021,13.912864100705926,13.658184705675891,8.312807061304756,1.6708331820986353,0.2505140523961551,2.329245558983877,4.658960311321697,2.032428033771639,1.125083727823506,0.012607185722174211,0.14922078774237793,0.20384843978340114,0.560755436824378,0.24797601865977445,-1.5613916905280867,0.09257434340553373,-1.1412865730695234,-1.0483757771225641,-1.5129476927692096,-1.0142859043780874,-2.0094246440203327,-0.6239803854411142,-0.2868571601417435,-0.40535145661621685,-0.5154815917260352,-0.7018452264517899,-0.46162732595030437,-0.9778020802244477,-0.6952905817376175,-0.7883446714557019,-2.991150303098877,-5.983020447336033
9.53158338568316,9.437663735362012,15.304675279543815,12.951569410571041,7.7554108570961935,3.171085078202505,-0.956689657793498,-0.9754820423567623,-0.30324870673015974,-0.672770688579107,0.12800233477417203,0.6506610005546691,0.22440754219019185,-0.3692271325802644,0.07821398323813523,-1.4173263400862284,-1.2987653619081927,-1.1761833068819199,-1.5095030053854874,-1.619769174065346,-2.154043775005712,-1.8905337197455592,-2.047163850536377,-1.2243182343659402,-1.5446577613468317,-2.2050592144090753,-1.4222285058041122,-1.934079731249962,-1.597219817343231,-1.8610997886710525,-1.2302602166711583,-0.0659006477588177,-0.5155113622058218,-5.04912376758896
9.681815275885361,12.099280647983369,13.867706048146685,12.782764316214228,8.971991889174587,2.582641104295597,1.7157563912355729,-1.9340240903119688,2.241277522616174,0.5928697923536578,0.44326618179562394,-0.3389595365733535,-1.2949803917700575,0.6620355109311967,-1.847722650827692,-3.4070156497379376,-1.58381603659504,-1.2876878456562886,-1.4700340795563125,-2.290808651950269,-1.4262208248914556,-1.5001736979681919,-1.3971365356635803,-1.8868655409585522,0.09504406106995607,-1.080227719927741,-1.9971885742323472,-2.3958341331382895,-1.5592627420541776,-1.9655328374579009,-0.8562607677524691,-1.7983422734274601,-4.221475784374649,-5.185090478331632
9.545623469927184,12.37075469108922,12.930898437388054,11.793611856541943,8.23553542933108,1.690097753098049,-0.4934359770219673,2.421296794072625,0.14768496991844807,-0.006774165883229955,-0.8829478409548579,-0.15352596404242327,-0.0777867996941306,-2.0891804071534907,-1.8543266621270766,-4.90153573375839,-1.0671352718931706,-1.0856404529495376,-0.7567000279547133,-1.5845794408339653,-1.652096502250606,-2.5521876510509123,-2.2923596789679292,-1.0205755369977867,-2.1246936189657135,-1.3042722627174104,-2.8349208941614683,-0.9688074745114232,-1.1489310736528018,-0.6597767194802763,-1.4551053051173477,-1.3101809250376504,-4.656250820847548,-5.86911766918757
