script/wind450m.json
{"header": {"parameterCategory": 2, "parameterNumber": 2, "lo1": 3.000054539987559, "la1": 64.9999836372058, "dx": 0.5, "dy": 0.25, "nx": 34, "ny": 52, "refTime": "2026-02-05T11:00:00.000Z"}, "data":
[rows 0 to 22 of 52, columns 0 to 33 of 34]
-5.363501112071182,-5.648038908765179,-5.857562891023662,-5.719659179357715,-5.808576625943621,-6.13356615514867,-6.315753404238384,-7.274744659781275,-8.454524528166973,-9.823089681436372,-10.846829334117096,-10.251665788720686,-8.774630651728435,-7.576699072268297,-6.239198455767456,-6.785433389369861,-5.359249048954953,-2.372664505916875,-3.267703714561629,-1.339971659930988,-4.195424235594391,-3.785435916632308,-4.187096601536331,-2.0724219499023775,-0.6181244155003727,1.8494029476959157,1.524748566005002,2.624618007775536,3.795544756525023,4.496347146040162,4.6483199890279385,5.359486831884705,5.346611738607407,5.114609186543577
-4.112612099571889,-4.090348738787123,-4.0033817282064135,-4.117169721588786,-4.523225712638404,-4.47294117970691,-4.8347907702550055,-5.150479144926181,-6.722427112693506,-7.613191671969288,-8.146591734920124,-8.819874643766589,-8.69510535233195,-8.185769882806452,-6.688210922109534,-5.381944204166699,-4.955255669677604,-6.960310744554487,0.43717382630318585,-5.9164542402313,-5.676529335020337,-3.634550310528332,-2.5516399825078913,-1.544411516671907,0.18940496130592063,1.9649780835306108,2.6944177206324396,3.6234126873337225,3.867949618607533,3.408992619493553,5.173898752805613,5.768135225336354,6.673083086187617,6.332017695426685
-4.398680144834887,-4.209119603233814,-4.244387613508767,-4.465311941839159,-4.6250758499844435,-4.955341891891531,-5.04802702440881,-4.975278647357071,-5.223466569324189,-5.394983463147303,-5.741736004086273,-6.297810521774782,-6.939045145125002,-6.552196425365063,-6.019921677241623,-5.510286598631725,-6.600108598058223,-2.4232525800414573,-6.177652710609999,-3.352920924182485,-3.957624731767033,-3.237726085627351,-3.135193957678802,-1.7143030866479843,0.48848128366031335,1.4798096313796558,2.4290697723950956,2.826816882942901,3.7027154218279947,4.171891444854378,2.8073305624192932,4.628898043781626,6.092645943688808,7.053587023056231
-4.576518049366615,-4.834502724747826,-5.201910438555286,-5.411133386600833,-5.582344556958408,-5.620963817309508,-5.553358709122874,-5.3299670578691885,-5.06976044644148,-4.8390117379964375,-5.639752409862393,-5.524321859848528,-4.41345689927079,-3.3356768118813003,-2.960635202348437,-4.7489490554490335,-3.7599049332572614,-3.922557453558246,-5.271953407930094,-0.2827514105580452,0.13193466293736286,-2.3084959797185185,-1.3359674472286993,-0.3974364161018966,0.3850091798439897,1.1373013991185166,1.8131744332601971,2.86058307627251,3.566406717277736,4.282636310805974,4.696643148341875,3.9375248703030805,4.583770429778522,5.912638583551916
-4.767381126235062,-4.861548627361307,-4.831542144420874,-5.206835279617612,-5.239297257483612,-5.425520984997529,-5.588805098454439,-5.709422543523506,-5.90822068262909,-6.223466054562428,-6.175654616747719,-5.899380450560227,-5.466595634465508,-3.402928233177045,-0.9695623782540221,-1.4281743361304389,-3.4115518912447813,-1.226878535761325,-2.4362859675762802,-1.7385043648027902,-0.8605190533779281,-1.8293473427998381,-0.8740281842538525,-0.29822915683577217,0.6269479374892084,0.9503785844758617,2.0344540532550717,3.4156379452945576,3.433044238038158,4.254637357427314,3.941930607420411,4.891042994788934,4.558025101111726,4.993398420452237
-4.919760381606184,-5.030917057972556,-4.699565139116731,-4.3976206345815125,-4.479993024994377,-4.915254855764259,-5.121257793235547,-5.423115588141832,-5.494468419929671,-6.181648407886405,-6.068163697987919,-2.3833740783278423,-2.49353284929342,-2.8672103047202095,-2.784311542523127,-3.981073261933191,-2.576804504070332,-1.2364344591840966,-1.8523123862049085,-1.0510742327801876,-3.091285058471738,-0.976670555196918,-0.5868582542566056,-0.13808503318714072,1.0680965501627624,1.6115711017708916,3.697133136976127,3.9195716385470005,4.432626934240057,4.229678887472608,4.741023330845936,5.486840596060958,5.414354707204373,4.5114087587885265
-5.254202076708931,-5.162428562062985,-4.972452160534791,-4.559640052104047,-4.518884897457609,-4.452941961489434,-4.928327432562827,-4.607667646364584,-4.39913550042518,-2.6747748985679243,-2.071838270154032,-0.06624170213275744,-2.290944051995924,-0.49556247837480166,-4.478540766902976,-2.4726047204542323,-1.2686697334769736,-0.4649617078913661,-2.157724150644876,-0.11677550122418778,0.5179410914559393,0.08640189775034891,-0.5733407482141428,0.1417110696394812,1.6148951282582635,3.127470258009157,2.4867325909587676,4.584709307364136,4.932672310235654,4.908017077192284,6.054278846535777,5.97575061212762,5.1460845161593385,6.138891728422976
-5.793101933566076,-5.297229398558296,-5.640141198346549,-5.601328010437679,-5.266814151768308,-5.145709382272723,-4.670260393894609,-3.998134706621436,-3.077812109795953,-1.9478658645186002,-1.0086495039919732,-0.5954826869334829,-2.146307493108963,-1.6019386433733689,-0.8722653169587316,1.7588969793396163,-1.3045237618213972,1.0648312803021287,0.771428084789088,0.8229946179964599,2.8177577659437576,2.010241224560817,1.4233917971173438,2.7631329116726624,2.4169748683535732,3.8477308724712342,3.501689009914645,3.4649121479195717,6.123941029842848,6.204962045186774,5.060999593082714,6.569966823109554,7.236028857236449,7.417266353895809
-5.797036326069779,-6.179834625313553,-6.923556525795337,-6.47734244275956,-6.130498973522428,-5.25091617990656,-5.363015789630692,-4.387596870228027,-2.7424896218513735,-2.452252084925678,-2.2033368362928716,-1.5221315948701333,-3.6571776492937214,-1.6778749650775517,-0.5616628808185162,0.21226195380026594,0.040554188077711155,1.3231851086025002,0.8119398866090348,1.540460156435657,0.9622549311237973,1.9698839698400912,2.6745552473970564,4.335614792588535,3.3697648881770013,3.485197464482144,4.464355816752877,5.439153899875149,5.810903970627808,6.8046671945311115,6.626370540478596,6.735054878154747,7.81471525186895,8.039931186950636
-4.876711386668842,-4.560317175455116,-3.6493965034719738,-4.920337574399718,-5.225740494034894,-5.014446303126284,-3.7095846541109974,-4.690148234243999,-2.7512982303241955,-3.360703561569066,-0.07162882869662225,-1.292699277664262,-1.610190489036488,-0.48112429489871905,0.4217177491784255,1.5298837136855266,3.410139949960476,0.8768464739516791,2.440945262090234,3.3359402705237677,3.068998994453276,3.3421968047238275,5.146523861084774,2.7302936054771325,4.22377531974692,3.6480723454753425,3.4913824561958138,3.874713583665222,4.257569360566233,4.834653030433136,4.965780769471409,5.219527460060597,5.629965972277934,5.28665392180801
-2.9504434893164513,-3.1582592136998313,-3.3871788564794576,-3.8070050881462256,-4.287735127569277,-3.660608421870318,-3.2057959571770627,-1.2818885156230828,-1.0251190752776125,-1.0095106625713832,-2.0697785914056923,-3.751777873019088,2.0251357114227884,0.8926766759904414,0.7411365185499516,1.5939458484914495,2.217882872914633,2.52181312510822,2.6699794597716773,1.8576270209849923,2.0223388896683807,3.3440303626747956,2.278791031418436,4.327246929392937,3.4642654381428986,3.2022106201482377,2.702935600336629,2.2234007908456315,1.9866671996226182,1.983268912891757,0.9998812645769103,2.4909898743903587,1.2660067307989746,1.9966535260146627
-3.2525290184660847,-2.617007638522867,-2.5375249443040286,-2.530419077988628,-2.4897093238886225,-1.854831724524484,-2.3787027599653667,-1.2909681079537882,-1.1937308255189323,0.07321157925539797,-2.500154147840255,-2.3096310582653232,1.1680475240621322,1.5723518038201094,1.7465270507868988,2.4760102047437362,2.2691079794430737,2.9703380512953736,2.0750536002076583,1.6070940443279764,0.30036078589347215,1.4152500399520491,2.834445681978622,3.1077418926476654,1.6691251332074502,0.9173709512904276,0.3597787030783117,-0.10430637373476156,-0.6254504500299843,-1.469663779642608,-1.1593302096342022,-2.1026377604794924,-1.5445938533305292,-1.410981838452205
-4.254494890412708,-2.45360956374962,-2.633693367863452,-2.141553113496402,-2.4053980665890387,-1.808028128976406,-1.4198751220083121,-2.298392515004045,-2.138859554970379,-4.308266844007691,-2.9607739581605594,-0.22197585203845,-1.1068941551939957,1.8288717023437964,1.5894197348276178,0.035384113828975175,1.2303991388393283,0.9383524540468886,0.7887218558125138,1.0752974362490968,1.1590124731679812,0.8818815435026346,1.0335942321682239,0.6217229223783659,-0.0455921891461011,-0.9629991944279631,-1.279214538668829,-1.9170869274028972,-3.516687771083985,-4.641399299512891,-4.0182765791605695,-2.999634819951575,-2.972781017104897,-2.398840062140073
-5.357703016693002,-5.452890801047292,-3.2163573434763713,-3.3400521117380113,-2.1685016716473924,-2.212758300192574,-1.2596971974493447,0.5548671488144508,-1.973442393572706,-0.42626080788408793,-0.9288765259714532,-1.0910725347475636,-0.6566037836224377,-3.766442829708332,1.721668208336775,0.8204997330498404,0.5117609638848222,-0.4458091947680299,-0.850528221313169,0.16770612948754027,-0.3468625017474871,-0.1415585494240263,-0.26331512042756144,-1.3957108748090274,-1.7060149718082773,-2.022566243110539,-2.8892970957261497,-3.6194938176687312,-3.5884385588231034,-2.136253468115055,-2.503033166059282,-2.9717884569192874,-2.7715626062249266,-2.9695582480600935
-6.292282937763245,-5.383241476240885,-3.944553553481882,-2.856980368753204,-3.318174621524985,-7.238380657577349,-2.4802825731069484,-6.280101152437739,-3.2289524367336355,-2.8643198375408274,-3.6798956271609256,-1.606968509296694,-0.04936993721136679,-0.3683034460050302,-0.08969612034577958,0.029965818121304288,-0.8573061760949084,-1.4696700382088301,-1.9702754103023599,-1.9173266848179635,-1.8562416532466481,-3.065648199643962,-2.4873784516310065,-2.8673709600478423,-3.0654360502375972,-3.594123683024485,-3.910841275853702,-4.763498578524941,-4.534466801485554,-3.77594623725392,-4.356043746778206,-4.779859429667482,-5.34568883537839,-5.554212555398616
-2.639106271926963,-3.396758503783213,-4.488729162931136,-2.37459004007568,-3.6372451751868087,-9.221611384444806,-7.164194824784921,-1.6145029161788536,-4.292670556270546,-4.693935173297607,-5.940263088655518,-2.7647037470489937,-0.5340116879324576,-0.9293026003129596,-0.44898970098584007,-1.1877660544944826,-1.9871304916391557,-2.848820131028077,-3.133245987948736,-4.199130910379654,-1.9240659669576623,-3.9869922136469724,-4.1653121997659515,-4.495044737739455,-4.648731628975708,-5.233396749046576,-6.390299848995018,-6.006873625227602,-5.872595680016496,-5.0668983676658,-5.904060274801242,-6.226805560492751,-6.184246284530621,-5.945673536356319
-2.8646860537946437,-2.9536601776969746,-2.11598785946672,-2.0014192020853487,-4.619621946005642,-5.610987831732526,-3.4396405110564308,-6.968925159013796,-4.564815625703954,-3.000306258624711,-6.665506131529287,-2.973433884768529,-2.0122984937007016,-1.6588342873762436,-1.6750359008729003,-1.9415465645156822,-2.090079319464872,-1.8914661471533873,-2.265524001229724,-5.438420282052557,-5.37296414294336,-6.020853008032355,-6.146229788291437,-6.019671180238027,-6.47201669954721,-6.820559906235983,-7.361875176899195,-6.910872556014117,-5.183982448930478,-4.851139973334561,-5.3570419921390915,-5.5622354358016315,-5.720128960517094,-5.760347111978533
-1.8839554512613574,-1.6052156286075896,-2.977736294891681,-4.916245841671022,-1.6316007458513262,-8.272293916572035,-10.095990415130673,-2.610260943903035,-7.061001707035895,-7.866688524200999,-5.717456985862947,-4.099189308591722,-2.7308841076607155,-2.8954252727272,-2.261278120009325,-3.6267153774273684,-3.3391853670126506,-5.669395487399797,-4.481349102214992,-5.379804194193467,-3.7729326559683773,-5.840950312112018,-6.667342288023424,-6.910802498731526,-5.843963685964341,-6.593059223781895,-6.768605405032831,-5.198721126473432,-5.171957801430102,-4.860582111954263,-5.168272978402573,-5.427003105496913,-5.43758122192411,-5.606185236969092
-2.521183070228624,-1.9524719878242904,-1.7306389527748836,0.10879928527684606,-0.2582474848724894,-1.4392610169152307,-5.226593463592924,-8.210048785025913,-12.572752917717542,-7.102935573973414,-7.560771185993701,-4.124455939433615,-5.03291010662301,-3.6538511576722446,-1.0902264266200619,-3.561300337332454,-4.728571477633946,-6.01336824409221,-5.750874583501036,-6.736926540596865,-6.557353606569699,-8.529912994470651,-7.124026642283242,-6.55223850463634,-5.782445007324355,-4.402423175440306,-7.259277225763518,-5.779508253515935,-4.649409456190649,-4.285724917300593,-4.322672395373633,-4.097515816852867,-3.8936766088955928,-4.2549512297105485
-3.7556286808635786,-2.375283666711985,-1.4385163127605578,-1.1334464742924568,-1.4234008949435721,-1.3796229197513648,-0.8690897353744242,-4.693173358578375,-9.870462218849974,-9.066281127200519,-8.937141734658603,-7.434063391689326,-2.4152633121158766,-7.204508833647202,-4.63177398464503,-6.346379361409933,-5.537738323001933,-6.994432661877505,-8.260901286561309,-8.671901915433033,-8.279801568907839,-9.089009424170799,-9.721006782658591,-7.9632587295334885,-7.194730389556789,-6.448695436690168,-5.498034649835128,-6.128759095658465,-5.121515682958839,-5.213246641331193,-4.676272711827538,-3.7548631393699536,-2.9071949013723604,-4.027790688916488
-6.149198163344544,-3.675647671896886,-2.518715887217554,-3.5798148481371657,-4.012253115551164,-1.8142907905221226,-0.46334582959445686,-2.9265415907424708,-11.417263523044413,-10.531024730865953,-8.156272927967226,-9.797955823230975,-9.443033397014114,-5.413611535474679,-4.865316651693245,-7.807086615338874,-8.248668415177686,-8.611603484024265,-9.743510599078418,-9.72698789628376,-8.428598543890299,-7.929566136646281,-8.905762583417053,-8.093249377208327,-8.331175164139013,-6.852226179512373,-6.670085205044648,-6.084631207486959,-6.351616717777638,-6.867450105765736,-6.685285732752597,-6.477509649140964,-6.153527557476894,-6.4057514564530935
-7.114247511708427,-6.356875061198056,-4.011406380985386,-2.501174430627933,-3.2044114465689186,-3.0829835226949465,-6.01816253181357,-13.989266699534767,-13.223359899669608,-8.51477309967244,-10.303972487303133,-11.210113096053936,-0.3123935579840895,-6.480759491536008,-5.367981312552296,-7.660240536807212,-11.174081675874152,-9.520786792872075,-8.898298280375574,-6.333367382027582,-8.457135326839108,-6.627349501774396,-8.976030246153584,-7.816841396852395,-7.412992009764802,-7.118918703865934,-6.771148732921555,-6.705187274503934,-7.232100952292761,-7.176610173323445,-7.415201654890027,-7.4705269762479345,-7.7313173945228195,-8.386008158741033
-8.468973027950803,-7.293752848737759,-7.7302387738075975,-5.2480203988473875,-3.5797825812196606,-6.6200642109201215,-9.982406927096532,-10.002409043903977,-15.226986902373007,-15.617614795142476,-8.589009836311773,-10.291212989794024,-9.956502679936087,-11.952036995755597,-9.342818791811888,-8.395915942817469,-11.55876794186451,-10.691679927704683,-8.788620705025288,-8.199704859118162,-7.550015264287568,-7.37756213998752,-8.792666867882465,-9.338898194550852,-8.436903624231203,-7.5640584410454474,-7.494319102303829,-7.522478193712736,-7.866832522900291,-7.188621660470717,-7.274831922801655,-8.127323886720548,-7.820239934769451,-8.310741560893968
