script/wind50m.json
{"header": {"parameterCategory": 2, "parameterNumber": 3, "lo1": 3.000054539987559, "la1": 64.9999836372058, "dx": 0.5, "dy": 0.25, "nx": 34, "ny": 52, "refTime": "2025-12-18T02:00:00.000Z"}, "data":
[rows 25 to 49 of 52, columns 0 to 33 of 34]
15.187212883878628,16.173436490498204,16.755871985605808,17.277227375872044,17.641858022760324,15.704843028789993,12.213107616530966,11.420790917454875,10.624668612799773,7.854621353808854,8.765775036891288,6.492193806247965,7.156323545253706,12.608225433396964,13.556421166839431,14.04441001636784,13.596292926716892,6.3840687492977155,6.011186322020272,5.48580937164621,8.518346993174871,6.2340332423926625,4.532586497533461,3.3523069325272465,4.958635111460515,3.3658459762653203,4.89506607748506,3.9682565238376295,3.651169609718348,3.0552940131105983,2.2257822449836797,0.3486209397666939,-0.047249007287074866,0.7561117646675
15.856585660617053,16.285903779248013,16.788246714925926,17.20125901057341,17.451005378190743,16.553324946885244,10.505361099171699,8.62479364592771,7.9404656036771915,7.416659386575204,8.881060777773651,8.0555301548627,12.94426886545346,13.94930490730091,13.967404660620906,13.890255932665632,13.13186244435154,6.68265437690133,5.504353327605826,7.746828768932357,5.198844082269753,5.213752030682801,5.022574202511265,4.9959669426648095,4.2435543797494155,2.993787772176861,4.216906215762107,3.63293988000737,3.556156741540593,3.143892488972348,1.7835751552269583,0.7151878138951698,0.07252302264207966,0.5540046659875284
16.184179460040234,17.034504831029384,17.69058109622988,17.52887063559494,18.07021332189811,18.042343248305155,16.753640255056872,11.633552712831523,10.220416507337623,8.300614303415475,8.962115170053437,12.51566590302199,13.488698739526797,13.991776709799263,14.067502986267671,13.525487297633058,12.706458144242719,7.8469379266676285,5.51990904792199,5.099735319174993,5.2736923264559845,3.408801688878724,3.229807981759767,6.236184579417207,3.3711258667823767,3.114788573649654,4.436941436833344,4.443731799384722,3.521151548642317,3.459748901249979,2.8808786064123235,0.8959567220876503,0.8902541681840126,0.595113433795342
16.404196729545696,17.77440090283041,18.03579764401966,18.04155300481213,18.30212536675352,18.696882074282804,18.40853831392973,17.647140178162303,13.634423858313328,10.557959497444063,13.746482003528852,15.02512474704539,14.309765438080888,13.815964258900353,13.152094972431215,12.880483433570967,12.768262678363465,10.727104628926568,6.392419816920212,6.216643785515281,5.657337642516057,5.073110343800776,4.19376471255896,3.899890512666167,3.7886103533982816,2.2041675601714132,3.24054872665264,3.5833006046201494,3.7559960186884784,2.7413567371282754,1.8173671562266513,1.9067289006723964,2.3857834794681776,3.0048450320910964
17.06089683024915,18.19090761422164,18.47127342110062,18.361091508540046,18.72562491147345,18.849390148778653,18.89393831907265,18.757485792459445,17.320640329044682,15.4467083208521,15.440007278389198,15.361385742011038,14.672234152068409,14.193515560080497,12.428373543193667,10.746673045064863,12.228395362137285,11.334629119216686,7.459168255577645,6.306238296259241,6.716147331850993,5.482938466163251,3.936485976206444,3.3885250377788076,3.988700453537663,3.222099757118753,3.877107919972138,4.534058348198405,4.041490742830077,2.433137268176608,2.5311999919824912,2.4736173300983735,2.1190128508201678,2.038161000508748
17.464634430300976,17.932446160506743,18.514740335269664,18.85740193152228,18.76297053050379,19.17876623973366,19.490927930394275,18.9429514610468,17.806467592781832,16.949001150381175,16.416220528025192,15.01589005505855,14.2364882228838,13.190262450784836,9.689091622180912,10.233796667703144,10.341616061512925,11.018936630084456,6.256945102439355,5.7803499075051485,4.650836378040859,3.7790012056866167,3.649742382391896,3.8105591249898763,3.4550695853832067,3.223936970802059,2.812317658659241,3.464195079691196,5.442912088006176,3.7306632430443467,3.069154024948297,1.6321074380579088,0.5861111937557514,0.19081518678408238
17.55706211078769,17.590714220962486,18.228054663066295,18.978186939878555,19.217284149622017,19.475578962735394,19.3557147262593,18.807027308540455,17.754401692643977,17.095298578296696,16.95817853260955,13.450550334094743,12.961076959234965,9.616613710440701,7.843090758568966,10.897958867111916,7.330042659695293,9.374640458169244,8.65388051605108,5.50913090048972,4.353463871738105,3.3118730967159404,3.1351168457239837,3.128201798238661,3.803405465528737,3.6188638270903106,3.4375290181628197,3.026752064646649,2.811792809633205,1.6231339832861769,1.8031341545821309,1.1456648448762659,-0.039888776677085194,0.9195271816029473
16.645937162738083,17.321384259980743,18.215991705357144,18.97650448006552,19.43382068975605,20.023957626211974,19.223022188682126,18.171504946923882,18.058695659441955,17.440067138286683,16.70331537103019,9.919989885424043,12.40265312334849,9.117546687091922,7.211388377809345,11.918053130306264,10.170812500815186,7.8102917816519675,7.780601321314883,3.508122866119761,3.5176503427682833,3.5512590934446937,3.550201340218499,3.4332761337522326,3.936242677443353,3.547189434675989,2.9090809567702838,3.903462688933584,1.773891443490668,0.9955592057011338,2.446669729276488,0.908193689631996,1.8654128267768602,2.9189517389916024
16.770580698225587,17.257734409884975,18.078149576115145,18.854406065757445,19.305272780706716,19.720347667514872,19.561413780799846,18.675405683686606,18.16081466740982,17.55940490661249,16.575647986754344,12.552056308159955,9.940346545721388,7.583068305442905,7.473428659147972,9.959053770882889,9.847581174452515,9.035905952404377,6.968335319162845,6.895591277385322,3.4491397159718074,2.816891080603699,3.5242781296699524,3.073836730479976,3.2552602431605786,2.8249104038192603,2.0307879252390313,4.409401586484906,4.094528530640243,4.5433999828942255,3.8854176377186214,3.6839437204753183,3.977161089733,3.5013941289854458
17.278711033535373,18.46394075210484,18.33977534124606,19.117473575953337,19.554114734606866,19.38076202249099,19.48388898257806,18.35414441528289,18.443187351351344,16.865525584002143,16.302795088352624,11.924764741088634,10.047142693805764,8.29610306756179,7.203279219039669,7.662135952639766,9.856792109875906,9.03879331105984,8.308883958795626,6.998686838726736,3.863563131890495,2.41575574172496,2.916570259855599,2.991678543556547,2.169280650817878,2.201098819593595,1.755803738759523,2.874046594835485,3.345650977210866,3.8651580608288647,4.576165231696737,4.885402751554307,4.099017373779518,3.805240284647142
17.518005433183774,17.707772538528527,18.619069927239277,19.29543859178627,19.43193486134298,19.325016216144224,18.967805876789473,18.268006643449453,17.37115726750522,16.49270883027784,15.932255001865194,10.192067060101362,10.103045477365427,7.952253582759767,7.863182767647618,9.50445261378897,9.953111781982587,8.55720915360783,7.923746603516318,6.087376236308881,4.648770186130571,3.5726897722606425,2.5397768135458723,2.1045568918182376,2.0332108298352276,1.4509858271159712,2.0453355649184655,4.782714799210298,4.636861073385735,3.8308127985340232,4.280005602982051,4.663742809288456,5.14804650249699,4.950738351525859
17.389521054802636,18.007574999930462,19.043974378312445,19.50185686052921,19.574405854247622,18.976489179776312,18.53117466633023,17.503027815800905,16.797123081376544,16.623350661043187,15.883273851246258,11.142250523505146,7.433714959407997,7.949357604824944,8.21680424752382,10.138248652322275,9.005906079514501,6.71339606753405,4.213991302312633,3.6820868387751076,4.116815093742764,2.9924135363717648,3.066062016079749,3.983069091111788,1.088789415578299,3.618482940814133,4.024935064882372,4.721093071835803,4.429055219897692,3.538713980962187,4.5884397978042575,5.518585676585776,5.208040360916079,5.3116808473659605
17.883956289291017,18.460105894054056,18.526406316935798,19.468641854750455,19.153250560357115,18.804398040772934,17.74044813208882,16.93322034773314,16.60101926163862,16.36199018050664,14.630477609584004,9.987272788747546,7.576240820225662,7.073186101898831,8.647886505648126,8.571459224421181,8.924939000793808,5.749700776636306,5.326943978568923,5.301060955974965,4.650379821874553,3.3357262960384952,2.7053584747549158,3.9667133696224357,2.8873349726904856,4.207390000388927,3.1747573120184636,3.66815140929756,3.0252509827593097,4.362096271421662,5.182862769150338,5.405806340646683,5.683920807362473,5.731500601306652
17.692187688216666,18.670020010079064,18.621748768360924,19.476795158927747,19.404526420353406,18.23658898046755,17.109065595799144,16.359971629117215,16.327179152730473,15.985453058270537,13.761356324702048,9.445826710315384,6.925358018396109,5.496660081504034,7.721398773930863,7.532736146957394,8.440765712067309,5.716805788213176,4.990463611726699,5.728154198106514,5.183356962806327,3.2647846415935176,2.4379942788984996,2.833116000013349,5.286532848124217,2.9846211684862944,3.574693094147859,3.0225882039982044,3.9352156006179975,5.029455782267094,5.243452983818443,5.590566964980805,6.0737636777048065,5.235543811432884
17.86215765151299,18.036424048056208,19.21630093155791,19.034148893617278,18.609787725427648,17.74320941702707,16.92680047001714,16.39017487112852,15.77702805784292,15.292965319792167,13.809330015010705,11.610434267279027,7.578895599442228,6.4039395252308084,7.282804762991158,7.263824606808834,7.501449411935189,5.194258317069299,4.427685722027396,4.971034868570762,6.607919376943847,5.615401527703231,5.318835284087648,3.959403015007966,4.519271501372992,3.965479303673555,3.3976473467941792,3.9726881615229557,3.920898790019651,4.983499740644418,5.775436380432509,5.431341870494013,5.267223035410361,5.276683813304555
18.314953406600083,18.7809827969299,19.65957010089363,18.769845027583074,18.48637316739553,17.600060798584938,16.384558214133374,15.491602492538089,15.552463143366987,14.08928227379872,12.754806909532359,11.912482935953253,7.421719765864772,7.559541519111986,7.17375998914361,6.755194749108435,6.56883852563446,4.963417785605932,4.29398998322297,5.477307603867721,5.900467318101271,6.436754520401295,4.036660389116208,4.817486715181524,4.113512621253924,5.88556335902216,3.825406558429405,4.396416071767369,3.8876592855854892,5.673570694298291,4.636734182419546,4.311784579812304,4.837362743904386,4.666817661158203
18.685977688372514,18.672818684785685,18.780244116429884,18.849549459406933,18.015663480095036,17.378850887235302,16.061036014756862,15.684616905815275,15.11248963480076,13.647074421118823,12.451325885358672,10.783222743717596,6.8816116036718125,7.392559304899248,7.541577785809913,8.123748187120357,8.136930781760725,4.314061739079984,4.679026663786622,6.736048993895506,6.604638084189183,6.401007161024649,6.5447886370145865,6.198010569652704,5.9163441968875095,5.842926499861454,4.148947155722177,5.690243010039324,6.172996133453799,4.944255600456692,3.6796060465119376,4.018268270724565,4.512595349959855,4.898557887909662
19.093080968612853,18.79459104086956,18.77099601975136,18.603682967603763,17.769683024052018,16.365142716915262,16.153182973998643,16.06802842275051,15.070877361073144,14.079523221002626,12.422887104651624,11.420046561231901,9.319081177574816,6.598336820610468,6.062646729991897,6.788041607621236,6.112532126521006,6.785314779219112,7.576790636260368,6.708626266716901,6.17766939279947,4.889509491222079,6.867136864389125,7.251654390093814,6.714123190744,6.369898251047469,5.389753664729518,4.765645749999214,3.8228482050173844,5.411980813352534,4.144309197252549,2.7804282255007897,5.028772659577942,6.088443778918853
18.894061281039924,18.764102840488643,18.070754576400493,18.39357992236773,17.249200534808406,16.0461242329282,15.795814192210365,15.417415016500676,14.498334035419814,13.662848484755317,12.096034688596944,10.917884463128651,7.543762192836408,7.680057614933931,6.697505247109087,5.599171299746689,4.810971985184213,6.246582635482205,6.057250593632043,4.820833862321318,4.585285400606983,7.586093696928199,7.657772461083373,6.514232208866767,6.883922280232321,6.098737726108355,5.94929688517396,4.2819485550321374,3.1069902301677494,4.335250252771872,3.6650511438065547,2.088822992239465,4.898034096102839,5.3247598835756715
18.655330635486862,17.410019535261295,17.75335197304442,17.600086373131965,16.91453828886637,15.989669740738899,15.558051243802407,14.442670409383997,13.414174776419136,11.79088953723218,10.976865787161916,10.71929440825748,6.873056863499048,6.118274565587787,6.163506644807986,6.5230952034246545,6.799181495536986,5.709221516115199,5.716376898632222,5.062141583966068,4.848929275083097,5.908610874878476,5.50556614628997,5.538235720602602,4.166478955352853,5.559382718399862,4.32480142487034,2.9773620216313046,2.929819543663686,3.041200375163502,2.8349229950514614,3.0508994520652517,4.880987747677745,5.029299139807799
17.958873539121026,17.468986533124312,17.82526908503496,17.318299249262,15.517368683994748,16.22945931179225,14.606881706496676,13.835483395503058,11.944937125642955,9.62638717187217,9.321653166970473,9.304162682092995,6.849614326774189,6.525178075592988,5.230544654331317,5.832609797234027,5.93992258605204,5.502470223269137,5.033894918287526,4.366877534099488,4.894523251502438,5.319949751835759,5.974354427202446,6.0115251832948955,4.817626706665026,4.2664032557334375,4.974470859514405,3.4576117163215923,2.5812034428702058,2.9334034568076137,3.4939541834912746,3.2943004303379637,3.6019553492637404,3.2784928934221327
18.26482399498861,17.79451071991931,17.903070885781094,17.30657094829613,14.791804437069938,14.358952663461398,12.757013692510624,11.90773082885662,11.26206600389257,7.978644043890061,7.926569754425685,7.408172632512921,4.985869630154261,4.895280349271245,4.767194893487227,5.171277217501576,5.150186807524654,4.546383673124229,5.234872722834327,4.112818333608645,5.221905807000204,5.9321052025613765,6.058980837146503,5.421382174822652,4.923546812950264,4.787018184506461,3.988062533569349,2.362916221758874,2.4925085264088436,3.000488634100273,3.0637786725843346,3.4438863974282423,3.102889012358894,2.808521382980909
18.14589720571464,17.56057081289043,17.477828295648266,16.627447416048796,13.80415256549295,11.64101529692021,9.711482697407323,8.761847190406584,8.518522036775975,7.65514910782024,6.410733583421684,7.168281011429959,7.01142920183119,6.105647163949471,4.800165301704422,5.272590470157287,4.368501689902027,5.049071398610228,4.783552839648372,4.965688581473314,4.472910105854039,4.900028888508971,6.3305317046116345,4.815909725444943,5.989985661716383,3.5604047804175205,3.027318039857972,3.4639169947001265,2.2742101661803558,2.1587336342520684,2.955261376771053,4.089588831954915,3.032857021656359,2.221472080479507
17.64985505338404,17.591939747013168,17.203961356032583,16.128705019784164,12.401076127968084,12.250437571701543,9.462267175126547,8.033346198893737,8.175367295745499,8.036161902652077,7.109774099534861,6.548360385633461,6.068466600981765,6.211016656313626,4.209514925539031,4.649550005002259,4.83347592367849,4.121427206127829,4.99056860775382,4.051761991965246,5.099316288848513,3.9852268777615714,5.594786647136375,4.541062698837845,4.366061209397691,3.696941956195675,3.146669192531292,2.8214029861376972,3.1637519550746775,2.268689986180057,2.1934768469901376,3.060398785458045,2.5561664188667828,1.4492629823608856
17.17081458460285,17.04852571094947,16.756825884925124,15.644447116350817,10.228162260157967,12.824890165930366,8.645801184056936,8.252869708359531,7.729846110062097,6.648372760343211,6.896241144478587,6.019165606424624,7.096752390307887,4.3333898125497425,4.572720636187705,4.873929059829646,4.664632247838303,5.7110343271804735,6.734864435660425,5.107187509942967,6.375636101960532,4.608239227971461,5.357710798691378,5.496703301516219,5.41687317414844,3.492153949297419,3.4937405793404723,3.0418846136547955,3.2331207569056595,3.038119560570506,-0.040376459674105,2.6578327952696075,1.5846986206302263,1.526629021096116
