script/wind10m.json
{"header": {"parameterCategory": 2, "parameterNumber": 3, "lo1": 6.000027932988019, "la1": 58.9999434238085, "dx": 0.5, "dy": 0.25, "nx": 22, "ny": 24, "refTime": "2024-05-28T13:00:00.000Z"}, "data":
[rows 0 to 23 of 24, columns 0 to 21 of 22]
1.3862284257583097,4.265225980581169,1.3775050744485808,0.3552466519144875,-0.5547352734479482,-1.0277879247723158,0.8246592984151524,-0.22938809502105392,-1.437426075234834,-4.752032134073805,-2.011669077978944,-0.30960759035495483,0.0320753910978899,0.010311758411359182,-1.434530045894923,-4.106130299943675,0.5662518268448767,1.5120281346689872,0.33055736879607817,1.2532311418255764,0.8240988150806706,2.719678107975362
2.662919224001041,1.025107615825866,0.21549506671829033,-0.7945867204677005,-0.9847646347343803,0.2749960138207925,-0.02244543859582203,-3.2158214753895344,-4.893300288713895,-5.214937850791287,-5.540818485319053,-1.3485530518892936,-1.3857366376011078,-3.0023988388839364,-5.1330934369714285,0.8550682771385392,1.6949267914902115,1.5293520228166129,0.683102048916879,0.9073375487268805,1.342937777576874,2.1939803465750174
1.048814570121462,0.3927880015866662,-0.5378648484745613,-0.5654785513758621,-1.2367319928361138,-1.5168386397622073,-1.5842502571686201,-4.843260418457991,-7.101945537385909,-7.813277826495015,-7.353582906112128,-1.1426464152226747,-1.6361172819152743,-7.78936041042258,0.35352475947845335,0.36664202447322947,0.45557242529750197,-1.1224632301823283,0.6384797310540322,0.1423623391042354,2.4673833189297327,2.3016658988882677
3.398465257184641,0.8481471718769685,-0.5864363263874262,-0.9653784884823928,-1.519843096788155,-1.812044112532923,-2.943794267470046,-6.755559265256113,-7.88142197979511,-8.01061629620776,-6.512997806785489,1.2068145128372234,0.8407856145271104,2.0502774335723184,2.3443449428097884,0.13858826390069937,0.4613596507300164,0.7086414031269632,1.5040420589448338,2.0259727267034267,2.144522765732738,1.8532295017360556
4.114114738090265,0.8397719775777706,-1.0486347475700168,-1.2248082275465098,-2.427671044246461,-5.087188479707434,-4.912110218657988,-7.479664551868102,-8.92479755179089,-8.583556110048962,-4.490205726838231,0.9574971129496734,0.8763991852360239,0.3419368262620591,-0.006754635433097262,1.939955525005065,0.9635571232406237,2.4017545220334267,1.4187095846998101,2.3001013302200795,1.421622169069348,1.867112253236192
4.939332480522389,0.7233014984193908,-1.988934658163243,-3.23768738541871,-4.884025393101327,-5.088160528233863,-7.307742610607396,-9.324388772095455,-9.805913283122281,-8.086590506928124,0.08262327984078824,3.6898664886899386,1.4898280284795264,1.0716701116271303,1.0050350292997927,2.556384583795681,2.5871582382213334,2.4777303870836684,2.483871141890355,2.6271442607639344,2.0161648014987157,1.4829306323890612
4.526237472547284,0.8197434686818784,-3.5287842789241544,-3.2100919136551194,-4.856458575726933,-4.963938067326484,-6.2443821323054545,-9.955836211897818,-5.017051565703638,-4.8383586418957485,6.574903965006002,5.610292107471962,1.8869758743625318,1.2799084853781044,0.27796332845908744,3.194276693721582,2.6490216814781706,2.9057382480788054,2.9166159381258625,3.382088077563671,2.590329237589587,2.148600382621578
4.893008975664339,2.773628889050503,-2.6082000476228986,-3.2130477988221973,-4.144658459108655,-5.346819156681521,-5.737529063142207,-9.764640302714561,-4.588078550736438,4.753300790161943,4.288052847226513,6.14254997616266,4.8817635618055535,1.1082081522758633,1.5484292665699182,3.326753771121189,3.3648907738929434,3.333113035169462,2.9536073885630105,3.2795866886233465,2.816546469041256,-1.33018578555673
5.928789065997792,3.1099699464193074,0.6540030527038746,-4.30849953301936,-4.435483163986159,-1.7242638868290892,-3.508398860951135,-1.0396332578340624,-0.30934835669504424,7.436756006440194,9.354433664529203,8.550209027534448,3.5100289909995146,2.7511319205487847,2.6125439812734648,3.2087713888792373,4.28440772305273,3.733416439787831,3.0208143227411584,2.8216976875751727,3.499350854987973,1.1575022455301656
5.945107720095036,2.1198614024553315,0.001564663528360842,-1.917122544110791,-4.305690896034936,-2.3766779027321743,-2.953184706458418,-3.874201299960448,-2.947665885413399,6.822388005438713,8.364543434794548,7.407683343417562,8.740216313931098,7.66171921799766,4.078740185843569,4.001804177319223,4.1936168008823165,4.1339835809088035,3.397549117332446,2.8928579486988837,2.624423312918288,3.645965170979776
7.1453307355310915,3.945316106638711,-1.0460648889153492,0.1759276557488721,-3.0319907677829456,-0.8247686557501277,-0.5628959564141448,-1.2172870147615358,-1.243041018037794,1.358511805612764,4.154793015780951,8.591431347120931,7.563404454360898,8.13713070520403,5.2704446583102476,3.3052155235406966,2.7693851066640045,3.382124880955349,3.442864248005213,3.287134190279439,2.593111680123849,5.121258655279065
7.091428088104596,5.364127443573818,1.698505024255239,-1.0915142851497064,-1.2228358479010064,-0.3128218553505497,-0.6265004648848624,-0.8461292796522114,-1.065875493711955,0.6686791752561935,1.6316843207214797,5.166021215348877,7.162964593326017,4.6720473308450865,3.6572353120805445,2.6848780305977864,2.136089129210589,2.734547605114246,1.7533071280242316,2.586465204391824,3.695722464999776,4.294126155487327
7.36531556113475,5.5846283955899745,3.476326130052973,-0.3696197446597521,-0.6505086112518791,-0.4443598910910766,-0.007494336772155117,-0.3627769371382531,-0.5615254306066882,-1.5229901302586282,0.17514513184036684,2.5761593319467955,2.627002572384877,2.712195240466787,4.886746230952889,2.837473559193828,2.573061361958579,3.926666643656392,4.530359152074869,4.837911060846398,5.3998959876882395,5.548780770050444
4.76692753280488,6.601781557869559,4.719772891613517,0.47660634228683496,0.20662963061507617,-0.006896473176637903,-0.17752601157317618,0.22934691798018378,0.5588576603883598,0.3325184484108981,-0.9967118136319673,1.3431478800286432,2.465260571190853,4.111377524091967,6.32423293929133,4.045499277982676,2.888484975783772,6.359824955907686,7.4415220584197295,6.98150303628839,5.8175543588002085,4.132783498015403
4.443191523272602,7.140309639489625,5.252308824445661,3.3574008356257186,0.18869753808994855,0.6977161349488886,0.6202468293620322,0.3131461515176686,0.3831868736037379,1.1555716854582727,2.100794313613197,1.3639471476426204,1.8362674645324055,5.875681141337165,5.06338319146032,4.002844187078372,3.837628652351557,6.026319338792122,5.751737489763434,5.072058682334014,4.610861840408501,3.5320315655825065
4.627729809989998,4.709450103272547,6.065389279085055,5.490078915813452,4.166568582598684,2.114399487585304,0.41390994334471637,0.6266524035375811,0.31634840223935373,0.8580851799188643,1.0947730950274797,0.4763100280308816,1.3504894701632273,4.369572398570429,7.242555224481858,6.639412345727106,3.7352739838038134,2.2556802311195536,0.8599643975946903,3.242975153873374,2.820755471870173,1.010244084393316
4.340264109931022,3.943434239092893,4.4604564425572155,6.149468628415079,4.307139517523445,3.4069034828270746,1.67776832484261,0.6845318313112229,0.713200873369399,0.6311333697635302,0.6453098731727653,0.8644349130922705,0.9496591170874281,0.9691911382010171,5.005817293861769,3.9674996160713207,3.516341623337621,1.9005827927054277,-0.08917326027031122,2.9923739326260366,3.408450902933219,0.7161298947151455
4.408742873921108,4.135132170166715,4.345045710995315,4.403697719579232,6.276262518199795,2.796998986132928,0.9998363476375449,1.2783766632970908,1.858573794918573,1.189406534324449,0.24801719877354642,0.8285693918523518,0.47347046568533385,3.517994722605894,5.094462714993919,3.565197476919405,0.9344232926022357,2.3685821812256482,0.94272639046105,2.591038155967475,1.7529058580932624,-1.7821144533829707
4.645826063988699,4.3888273706243774,3.975498533990891,4.151685231182374,4.803377993527666,4.554181682259408,0.9633938567225651,0.8788739053177801,0.9084250958960006,1.2138620886753109,-0.12804905841295625,-0.3902978963213182,0.6616588716267044,3.412694420267498,2.5818858273846503,-0.46458876851077846,3.360722493805205,3.233596679618433,2.2597764785408057,1.377613186280468,1.5307965490104096,-1.8710595058334094
4.001815068490968,3.5554548654449207,4.817402255169362,4.286910173837272,5.733012649908857,4.983490294548039,1.6265072818736264,0.6254896409910302,-0.32665722957875504,0.3730362922907233,0.2971983287121513,0.05471012397898024,0.6745670548973994,0.28442772319142934,1.560179325986104,3.6350614474507355,2.301520507595679,2.167004671655998,3.5155735745541845,2.2461958103843034,-0.917395750205155,-0.17790204756399813
3.5589481756632186,2.112524215738213,2.8230983847302955,3.06714617910219,2.463592641382631,4.073805179086254,2.044418174490104,1.3807619214648246,-0.24860085152956965,-0.4101294390208962,-0.51613434040673,0.6236294800801061,-0.31664528708517853,-0.3490840756508757,1.3599317872333614,1.9675487850247988,2.577654409046105,1.175355963643866,-0.3113276173725611,-0.6000080547044491,-0.7117885287985573,0.04480167651736551
1.5931170256549319,2.521584456003926,1.9691182387514272,2.555307951903545,-2.5529967487969585,-0.7752815244340922,1.8216208165994254,1.2966410188238335,1.2369331826516867,0.8317186180004305,-0.6417460036578486,0.538272636178641,0.2862168064395587,0.48504193217966723,0.9810259051003601,1.7976029953508876,2.0582782322849993,2.1593626246474065,-0.3699634278109676,-0.6594595976560503,-0.0008769752290940806,0.6614689910280198
1.9955195194175108,0.10199879620825139,-1.9277981462490115,0.7972457442881855,-1.1257782322617436,2.2920081504457737,1.6807942504936209,2.2258368124130152,1.2208360557791118,1.3903395918474106,0.40426700849325664,0.06816117882780834,0.478942377118636,0.40171094259801177,0.7831060467132005,1.3701379386251302,1.735761431795468,0.8283673118186357,0.08582065891057236,-0.6986135934663281,-0.777123741587852,0.49853603211741526
3.8225579860760686,-0.24076240398789212,2.6190402749477437,3.816878186831448,2.2583577981444782,2.4192348101830574,2.322385001522154,3.226604017299395,0.7610371071182678,0.8128029025771332,-0.36353042573411315,-0.09691466368573043,0.8124858156304787,0.7594782644874735,0.7287437290519294,1.3093849301721927,1.8464679372264592,0.36073810357452546,-0.08490561927731785,-0.8381483009198005,-0.8629823708242784,-0.43071349790077323
