script/wind150m.json
{"header": {"parameterCategory": 2, "parameterNumber": 3, "lo1": 6.000198445256149, "la1": 58.999992894266676, "dx": 0.5, "dy": 0.25, "nx": 22, "ny": 24, "refTime": "2024-02-08T11:00:00.000Z"}, "data":
[rows 0 to 23 of 24, columns 0 to 21 of 22]
0.9039285816364685,-3.7056409378128037,-0.9097294905665796,1.0703536537462357,0.363151939320602,-1.7886123754194592,1.4067979744677355,0.7436000918182193,-0.8256923651639844,-4.8515344528840245,-1.3221830454365724,-3.5426016525015376,-3.8903250498007185,0.41299479901485864,-2.248793667222929,-4.162124162558942,1.6664007392193563,0.0866225021899234,-1.3489733089001243,-4.644260544161745,-3.31902837312746,4.141231767417219
4.529368762739766,-1.1764002263769195,0.9808583308708011,0.2235957503411692,1.8122111976218718,2.01622980047407,2.1986519737316934,-0.10844796095568952,0.7436177481143005,1.780830002116143,-0.05794764491475006,1.5054625442262002,-0.11563692280666067,-0.5853652635166114,1.691524929023853,2.7160633594887758,0.7562583966201457,-1.2615237016341143,0.4035163240144153,-5.671334450323607,0.9930920672264274,-2.231638256897729
-5.400436089621123,1.9253663878233531,1.655462033250816,-1.6705233132082773,-0.6535561130493522,3.4934410926122847,0.8287333210928376,-2.5769226652944464,-6.210248803114264,-1.3721058331391456,0.7036660860355534,1.8545181834040008,-0.19358053921156387,-4.892758833463499,1.061067328592994,1.1617077411582117,-2.4173937171764246,0.02458413177034886,-0.6130269958820593,-1.351360580623236,1.3388012537403735,-1.7971250442921844
0.41023815534436614,-0.21004776682668078,-1.0364517267670321,-1.2984911011569698,0.27193068194175607,1.2833173703409395,-0.2376480698198404,2.0359246079075333,-2.7570410532517813,1.0221179286339142,3.7227168771395567,1.1429323439770414,3.432672952182563,0.8032517183865798,0.7556863061357468,-1.644712423298006,0.3116518529665956,-0.38725192734756975,-0.19978660617221128,-1.9368963116197209,-2.5744163070192125,1.7306000267589152
-2.7154366539889145,1.15244470834148,-0.3984840691818923,1.1752719386949735,3.522065051965561,-0.26574385894612035,-1.3931228936696785,-1.3668327282954995,1.9317067478101237,-3.0414477635923105,-2.0947415024470555,-2.391911760754201,1.2152573454456437,3.5237758135500394,0.9696694933481349,1.9624954649105362,0.33873456407545577,-0.7645526910983588,-0.8196615036595953,-0.7754580129113708,1.4017811905207314,0.1942456473193209
-1.7015341853491315,-0.273765701768713,2.1278203693300246,0.6216838459973212,-1.3488765274083967,0.09371587341190542,-3.637960618518315,-0.38895076536843715,-0.16887694838468878,0.40587139086370433,-0.9905281417767159,-1.9415906569642345,0.23508576768433095,3.0113761719359915,0.08455728611333925,2.106403397857479,1.827735954304025,-2.739854652593822,2.7575537847748874,-1.8174285317879797,0.33911629014847894,-0.08263004508956551
0.2805671830194899,-1.679531968991477,-0.28592385172157647,0.9829354412475035,0.3227786595075268,2.01676518712409,0.2856366770436087,1.1770274547934565,-1.6658467581013436,-0.043369215929840645,1.1580729313960287,-2.1545403580397977,-3.3952909207783195,-0.3995692791702241,-2.1415504190960446,-1.9931628995749757,-1.8386500427077155,-1.6838483485452644,3.693649130775204,-3.5084574388112535,2.010380866502859,-0.5605504590079906
0.043457832798466656,-1.7807491493079002,-1.2116240533523748,-0.7109584196273829,1.2983439120238243,-1.9476088510940297,2.4216802546719998,-5.403514164392938,-2.19633521082974,-0.2765872550883441,-1.710442991028081,-0.01960898880582018,0.0845484518745766,-1.6764742992797084,-3.1546888611543267,-0.30431553812480233,0.39058457802800206,-2.0552439270114884,4.038436587120478,0.9342648739021672,1.4699088356303531,-4.82872216681467
-0.33660864097533283,-0.05464344489032905,-1.58142890686909,0.566107664654186,-0.7312961913631334,0.6278130820347324,-0.8916220492780625,-5.907649108413813,0.4564458348643919,1.0588659289563584,0.9791972461993492,-7.0902712238191095,-1.9784462485638772,0.27507106569511874,0.42605084821713285,-3.6218695950550437,-2.0531191855311604,-2.891261951949532,-3.995421655330479,-1.4712186052226321,-0.9303280858967858,-1.8585767291793414
0.5136024467384985,0.8144976914334919,3.2392213847721596,0.08359815323829138,-0.16012487750181936,0.6638413760175153,-3.2145182040992077,0.6259289742877412,0.4248946584260854,2.4066312543242416,-5.052765913438718,-0.7772500997764318,-0.0548559488851708,0.6561130455670914,1.7658119128059406,3.2641700737604467,0.7926545371323832,-5.461057821620218,2.5703904741092503,2.089212020518581,-1.0205839412635993,0.9198695352202972
2.973381609718167,3.030544585653701,0.008382915063687001,1.8465865378133048,-1.0316061676073067,-1.1160468251294973,3.0216685464269344,1.7665841444585202,-0.6689538006422672,2.2517090115093974,-5.642939040744041,-1.9559418444383512,-2.052345638881716,2.6838155244285815,-0.04460413512613754,-1.4616913805342264,0.8012545946772275,-0.8969168130731355,0.7861015466853944,-3.5312110766093903,-3.4272805603162766,-1.0575915297968417
1.335432058446462,-0.09188910085347202,-0.3976730062776365,-2.143167211002026,3.5905728007846958,-0.1666677188548823,-0.7604732244827237,3.4234425884816257,-0.007570112290904427,-5.097796708837605,-0.8609311099839949,-1.0755218758210865,-1.3813975161768246,1.6395333863426786,-0.4938963957948986,-0.29049705301797746,0.017583068478599306,3.835369669353389,-1.1132328817907746,-3.0171890124638274,-0.7278534202525032,1.652766324998509
-0.8811104817230708,2.913479305003931,2.470193054069645,-4.544797460528159,0.9365543166089285,-3.6368231177311485,-1.0621518201977924,1.256618438788166,-0.9779329948191238,-4.12128989784396,2.7189293012221993,-0.5656057621478865,-0.6642233998638537,0.4335207704168265,-0.47789176914261483,-0.7321016905474025,-3.3767683999872173,-0.8623593812867137,-0.036427539731024874,-4.384383028795205,3.285473007579833,-0.4303289198026572
-0.1314743204361063,-3.9810019766007634,-0.05225488102942178,0.7489525267446053,0.4117922940728912,1.7255236420926783,1.4567913503476937,-0.8811334965265261,-1.5316242336543842,-5.683186692032332,0.2150576868376778,-1.0375542278756005,1.3162247363105648,-0.5815989094085169,-0.7158608215031164,2.063579415957251,-1.078914031402508,0.5081236447791558,0.08367822134470934,-1.6630381216869587,1.3964581839372456,3.9139487692667525
2.276926860681467,-0.681594162651966,1.178851125934835,4.460057025978842,-0.18962408983727094,2.8524489775096598,-3.155772809383257,0.05459486939289148,2.7428713176563546,4.694864971814016,-4.5869784919698295,1.7596788904801377,-0.6223514422357623,-2.2620615640264745,-2.50355727506566,0.19480339305957114,-1.2733149513305726,2.0232801061865393,1.070373481585891,-0.6343457590974875,-4.219164829020514,4.917207747475589
0.8432150474757133,0.9885755429374994,-1.0417456873121365,-4.941120760563556,-1.2303469718338393,-0.08112798754341699,-2.2274819155293297,-5.295244057781921,-2.4533725068229795,-0.26741535503116953,1.5125894457021711,0.01777817417639228,-0.8955547472463146,-2.0396232556094946,-0.1005259566393311,3.630466814367387,0.31152827159257107,-0.6876804569424315,2.5176239666731495,0.5164805238280634,-0.16899963704234705,-0.8340561926914183
1.1355986326257537,-0.5579258745588408,2.1991803947801403,-0.45505536613486586,-2.2975285490178368,-1.3094522851966963,-0.0391890642100914,-1.8556736715500162,0.938160417409373,3.64077534959318,-0.8681880495501783,-0.28950505543560834,1.948382276313007,3.4227309005797366,2.495101186231789,0.3062607941386958,3.656047094387359,-0.7257995145798523,1.6047067716508412,-5.164168557196882,-0.4029422861152806,1.3677249916412404
1.6050628156795732,-1.0901551530531806,-1.3897457556086317,2.2578718818562695,0.8923343551161066,0.46332089430650936,-1.0934221231559307,0.5875253327597848,-2.8194280564555587,-5.605797485018024,-1.3472151588184984,-3.1213777744180824,-2.39028538580948,-4.880315608777773,0.802829660475373,-3.6104458439297193,-3.5530730716202137,-3.047865105244076,3.7842415654115427,1.9792077141411357,0.2905814369576096,-5.2473698115479035
3.357413180590397,2.001700454744371,4.852473148088081,-1.223077838476353,1.2005056264973346,1.066606377323834,-1.334457549391957,0.4878858578091196,-5.819070649884599,-5.107924925126454,-3.097421692506945,1.4020264849587372,0.08019977862955634,-4.219616804574336,0.856263760983488,1.2850957694682565,-2.9819368106362028,0.1519385833550355,-2.2744108548839477,2.8882914744645336,1.0173855438808104,-0.5250184550201478
0.2183232562973923,-1.1981316707958078,1.6249139129471621,1.4425766473550112,-1.8375047196692487,-2.563257052096001,0.12206440141025994,1.6243001899719278,0.29713781391465094,2.6027468403923835,2.8314328627052694,-1.1206011963157487,2.2101626799655754,-1.2870385226092225,1.2285902111997622,-0.21243333457832783,-1.7273972078001825,-5.347947232440367,1.9370003367113466,2.0698865252604617,0.9857870742340041,-1.2035088981755964
-0.8331783548438929,-2.9152631092614745,2.931878755617872,2.3066021692242438,-1.5160945076122299,-2.911629343132012,-0.5291865691092172,-3.0996970741553396,0.796043370457705,-5.287699666770086,-0.8577466021516039,1.1125070131408474,-1.720781270684546,-3.3928910209061063,1.4185594923045184,0.6867056455441956,-5.800299594084073,3.3789462941188466,-0.3085797757493949,0.01973998159756907,2.0379439793139467,-0.3353487263103269
-0.780255060280749,0.3057864573812159,0.15114266688359737,-1.8636999514754768,4.31723796056704,-3.547014353899502,-0.25033854303550646,1.7670831460311145,-3.1761599172298025,0.6738638892504152,-0.19824538954366325,0.11258780334933681,-1.9812596199364172,-0.6966037876436662,-5.207818468762182,-0.14562324092396234,-0.9686814811293769,-0.5836609407413426,1.0998295106583287,-1.4297891918893177,-3.7955857412697447,3.337926987096632
-1.2698657831129547,1.5077911631022471,-2.9759328750994842,-0.035770533397049234,-5.892071488970003,-3.028592109984075,0.5362377241432289,1.3992351348052186,3.162322020382406,-5.497622108892313,-3.8260008511365293,0.10961940528719817,-3.7783237746729146,-1.8919454765377082,-5.730286034270847,1.0831702919655377,0.9882247617618529,-0.9859220443122745,-5.089741976743338,-5.109028863076755,-1.146759818848272,-3.7341954559155726
1.448335873434555,1.0841100511926862,-3.1196783352665727,-1.3875109643097034,-5.426649145893852,-5.822635485754578,-0.37880988186840026,-5.293512436544709,-2.563845905077408,0.8968138598544466,1.9329340114546802,0.15806906472708931,-4.658391815026312,-3.18031140219515,-0.8749683366936845,0.2928040468968072,1.370858253660347,-2.2424816277531554,1.609713576477098,3.8594437948105798,0.055319396192816894,-1.0197542386434595
