script/wind10m.json
{"header": {"parameterCategory": 2, "parameterNumber": 3, "lo1": 3.000054539987559, "la1": 64.9999836372058, "dx": 0.5, "dy": 0.25, "nx": 34, "ny": 52, "refTime": "2025-09-25T17:00:00.000Z"}, "data":
[rows 24 to 47 of 52, columns 0 to 33 of 34]
5.62407972018738,5.06413381065829,4.944885021887223,5.551711531275734,3.7268708171220206,-0.5001281682734722,-1.7782269534577295,0.0896092964698674,0.043835532131372736,0.1420636249491252,1.7308283597947363,0.6893748769623207,1.3064693643768888,1.6114074609310138,1.2781397755361474,3.599978654649982,2.039680353264115,0.41854215860700994,0.5475161356286279,1.0181353970342018,2.483409527932813,1.8116390298694338,0.4670649568210015,0.039202933589100875,-0.202011027117453,-0.053727904697468756,0.5905933203108004,0.5002543044137739,0.6845461992855842,0.19957259568996363,0.10921469925273855,1.3097843537681817,0.8043920515298802,0.81572589220826
5.337744629080303,5.347651266425475,4.6333481056582935,4.627500451020955,3.592156875912912,1.5176409721020045,-0.7397018696236083,-0.9471390824941461,1.4213663730368256,0.8801972783433606,0.7211525136293497,1.0266820592040717,1.3380685998652453,4.079411438463149,3.630237694730554,2.674288528917067,1.7071580442117138,0.2837620928576984,0.6370043244894233,1.442037004773558,2.4188747611156254,0.29833629552965946,-1.06747364685214,-1.171648316494693,-0.8778346668429312,-0.050816253429476675,-0.0029858443736116846,0.2962848063985209,0.04330334463441697,0.8840970160399182,1.1191926143277062,0.6917382835910205,0.5024288590197604,-0.23148973374080478
5.348635350481866,3.65744968485003,4.588567467278052,4.22141600518351,3.738090608134385,2.453336392726707,0.7781011341276078,0.7925788950229817,0.819422923585873,0.5733963296804884,1.4956580429058097,1.4355875776578826,3.5567161038164703,3.3638759479746505,2.370566935096089,2.4367811037614477,1.6527203949829188,0.4474021949957311,0.41129012842179247,1.2475064990248803,-0.6084306443522668,-0.7902669726741689,-1.3992265552661327,0.35353585354585426,-0.38609056530016933,-0.6401058541483725,-0.3490439106054075,0.006773323087600481,2.696823981173357,2.370510354010409,1.6518545503133963,1.1622297735543488,0.12993179837600838,-0.5195747872250777
4.000584971135952,4.156046910444722,3.7949289964825024,3.9837129352808915,3.411484610018617,3.4864406304909843,2.0453408154512767,1.1791929037074311,1.1735484571253267,1.2860037134136084,0.8807296177848575,2.24944637587866,2.4608960885810416,2.532069843038565,2.1133045384925437,2.289062325824822,1.577559683234744,0.7496510521708559,0.5419416391463697,0.2659092316209983,-1.9226535767455828,0.2940966278338363,0.09950308224978159,-0.8538711740418907,-0.7209216443023129,-0.5283948129734949,0.37053633662672486,1.5982972224348253,1.8501432624899339,2.5103398192901754,1.5443530481062788,0.25380659950826234,-0.75601985037278,-1.419148571390457
3.460812618461637,3.6102454137971067,3.4178391462348094,2.8595209574858766,2.926531187738491,2.430561544637777,2.2580160569795984,2.1678245256207243,1.0733589789487437,0.044980301399162335,1.5256779763616348,1.6193463574091969,1.7280665529719534,1.9331170994938565,2.060756072050662,1.8824219138163683,1.711072530200372,-0.5737030179963069,-0.6284296513432389,-0.35188681033427877,-0.9037364004943236,-0.9825496956161139,-0.8290415658092034,-0.9740219284979064,-0.7659678020535103,-0.5542819684317323,-0.7265448152108933,0.7424839515037861,2.590292973405416,1.4962529325795213,0.0943666473226618,-0.6616724798490129,-1.2151128816427579,-1.9511303056517477
3.144689781514352,1.9715626909950714,2.4445000949514086,2.0196340694506243,2.0325518714387276,1.7618714845387273,1.5045840036733957,1.5689913769240096,1.2180724407930505,0.7733203446097704,0.9348675413464378,1.1616542788198931,1.4662637661660822,2.017359446388041,2.002993547846041,1.2817798645645146,0.04940001964893768,-3.322426911248262,-1.8035384000159038,-1.1915187807965466,-0.2674222770481165,-0.9478713630600148,-0.9639651196589334,-1.0727920808285745,-0.6446382358505341,-1.1222392645348245,-1.012599144083395,0.6962895612947447,1.5299182893173948,0.5018555127359525,-1.1875032067425157,-0.9062579010427263,-1.6386338054407683,-2.643112739009472
2.6412142077789738,1.7766246592935822,2.9012552789237858,1.380576375940478,1.0180797763549814,1.1836055861916022,1.1604108696052808,0.9672615211057425,0.4578218010857362,0.7366274783732905,0.469139247671462,0.9295025056140738,1.383456973384429,1.7492885882386602,0.5119817611705442,0.48359119463893296,-3.0780621837144597,-4.695810339233939,-1.7489628904237073,-0.9611840762540208,-0.528133330276829,0.12197599667834953,-0.12151092396535854,-0.43919875051418245,0.03233493100358046,-0.3240310117320656,1.030204306118192,0.8177032685787179,0.8864494249459637,-0.8995365199823907,-2.7473412452782684,-0.5174249062811379,0.828967882065956,-1.3265351111367176
2.099687539427479,2.0659826451863097,2.1113526607673645,1.6003341515468879,1.3901115711765966,1.1281977867980835,0.6169875193539573,0.32876323734641855,0.5786676539264259,0.684621162862649,1.2630791283631728,1.3932408221298014,1.3386971239668406,0.5969376769318125,1.0574590052443116,-1.8334981052922716,-1.6560881722183827,-4.966288268126822,-5.0794928638859185,-0.8452481106873516,-0.37446927141732733,-0.02723070600212405,0.12983715202591592,-0.47164820857703454,-0.6620785960047388,0.3438597194094845,0.7022675803933978,0.22752206664164096,0.4571774565714868,-1.8023072332500474,-4.007429077825094,0.7778010095578325,0.5202772967365965,-1.272448277285789
2.1576106995786835,2.4869743628166443,2.005745362298127,1.765367410921573,1.3008757827431485,1.409261064276728,1.2337554334627234,0.9332949457958372,0.16989702721734645,0.32738751630858814,0.9776153924075232,0.2229896738170312,0.09251097687949883,0.48600889510677664,-1.2746945875097424,-2.973335311538695,-3.263976611121798,-4.537268428943322,-5.832455441833478,-1.2213705745617198,-0.8609654673219741,-0.8650617430988468,-0.4327272563487883,-0.8820745090487776,0.028999234073458335,0.6305531767771879,0.4325582136639933,0.7471051455711957,-0.12735847999706093,-1.894350644419671,-3.007238028380723,3.1386030888271716,0.5322294771417014,-0.27648775644621376
1.929605786453051,2.0659643256860876,1.9116883244914846,1.7541591166742339,1.6654481476098237,1.77807453481755,1.3120552552247742,0.4845523020670507,0.9601161440140112,0.9657599181121544,0.10464760015574025,-1.2081668564396961,-0.1687715078413502,-0.8873087661958465,-1.5550419882413404,-2.425896486877401,-1.9274114582249855,-3.331310719974339,-4.735161764791422,-5.87269196728729,-0.7480773173225382,-0.6964850741143495,-0.5850114828847439,-0.160740151990296,0.41308347280114854,0.25136561033228483,0.6217056801627026,1.0348449127762152,-0.16838210775832296,-1.2391761674651527,0.3522989994944779,-0.06428356041495666,-0.45722123835582046,-1.3096418670935344
2.384302026630548,1.901633957484147,1.9796148554123503,1.8158454662009536,1.8604253990771873,1.8878136343295973,1.4548369551706872,0.44646145746382804,0.20620724449532363,-0.9528221232652209,-2.509838400241415,-1.8610440578617335,-0.5163792182993625,-0.6129866450958872,-1.1450348786094229,-0.8759390227823821,-1.9690436796340207,-3.280092173525183,-5.2185898388890655,-5.761977169092769,1.2039141045306665,0.2041839335033303,1.111498717027639,1.5024861494984774,0.5982140522141918,0.5755718612009726,0.39840524888572,-0.19796578179601038,-0.7839368585971288,-1.1712378127581968,-1.204665237951587,-0.9090816590359816,-1.2019528956248626,-1.2972054703639437
2.487426055972516,2.32215853159858,2.1682029260974436,2.2352782239179576,2.3575618672726977,0.9853892548618296,-0.33452679228121496,-0.514490157424172,-0.9202341872467404,-2.469333834597495,-3.1039816670051374,-1.3215185249798065,-1.3736057820493992,-1.5335037408521963,-1.4313364389529257,-1.1863749897435658,-2.9675202232913085,-3.5860609946058157,-4.254613837760483,-0.2395193066089136,-0.3542430115666293,0.30210920869792574,0.4513300956396728,0.6170474982777419,0.6091088597436894,-0.02690180538758184,-0.04053755889914295,-0.4740352507626153,-0.5997876885391662,-0.6453219656814759,-0.7108855360920271,-0.8261570655295548,-1.533983552108618,-1.70288228636198
2.1195841824816344,2.3543298223154117,2.2189484610167933,2.459087109813621,1.1786914680599911,-0.6520680542407111,-1.2955743866894884,-1.0829653902424727,-1.8528652636974896,-3.145803445232874,-3.019187911681721,-0.7536793541419506,-0.315747414738812,-0.8684046715148032,-1.8419750549529756,-3.535814019713626,-4.1039513736756925,-4.272203395041118,-1.0365657052756148,0.10840166899409819,-0.30247518269624385,-0.06362260642855698,0.010585741481088137,0.8403869261001075,-0.063785462835379,-0.6870469062435305,-1.2861028700144475,-1.0010331868142777,-0.9166281219818929,-1.1334616812771163,-1.177549770562095,-1.5991402010712679,-1.8547722551164239,-1.625908793290054
1.720620486639741,1.851319537347182,1.6847992541113226,1.0019501512177043,-0.1986694212087424,-1.2832281483449612,-1.6103039182903782,-1.8258589865421473,-2.4278630216197175,-1.6555307442748877,-2.234210567956495,-1.270245852213966,-1.8270273464491689,-1.9756830107349828,-3.877282345536227,-3.908668042808653,-2.9109549734225135,-1.4000819576095302,0.44480925839006086,0.36865744651739896,-0.5652976909714847,-1.5583726156791025,-0.6238736105885891,-1.0612344975714787,-1.568581049112692,-1.51928832421965,-1.860083322627079,-1.8258208722821427,-0.5393949442744843,-0.4361504011430821,-0.4902794756896624,-1.3279441335302617,-1.7563531367626581,-2.133206446085099
1.289703880428903,1.2275132619191835,0.2678922684481726,-0.9716262693305244,-1.2321969627177647,-1.828984472393877,-2.313851621130325,-2.3955905840030782,-2.9115015937138624,-2.825312502096557,-3.3058793747523243,-2.4578426409219483,-2.2347881816337196,-2.5747220202361603,-2.4878016027148058,0.131163618861491,-0.9358960759487721,-0.5733596203584563,0.5728166055208935,-0.7110511171371999,-1.5651220262072543,-0.8073880489899079,-0.6990534959100935,-0.20362895230611788,-1.3523037659624744,1.3231346176431167,1.2089896579347426,0.039804214892722053,-0.11574322312308957,0.1162307018741466,-0.9794548319476583,-1.345627210992079,-1.8007413497760898,-2.4572763487747165
0.4768420019201677,0.10929116920544414,-1.0236228884664238,-1.626023140912809,-1.774406177516229,-2.2996808748382356,-2.6267735827474357,-2.7534063869202727,-2.7736589841324704,-3.4263398263537175,-4.205680208348621,-3.5740574526354445,-2.4270048910440614,-3.312581617864753,-1.492207305483612,-1.6909681696436003,-2.6217934706485186,-1.4491732395447745,-1.101212063855198,-2.439402007843709,-1.6258238185564702,-1.1832651192312815,-1.4836330210885122,-2.2439025344737393,-0.7251654976494049,0.9118827652413548,0.17061371380429338,-0.29770640791798425,-0.25290915060064695,-0.5613917028968721,-1.2309652933838606,-1.0581126228821798,-1.4683980644107917,-1.2506322361699722
-0.43595506592150524,-0.7679592281128949,-1.5347319369090664,-1.3817621037919343,-1.7627811894802952,-2.087904740299956,-2.5989131213566408,-2.9965871178790593,-2.72565976900294,-3.1540472577571856,-2.7955439290302664,-3.6249914357233064,-1.7455319910236078,-1.9694212286642325,-3.39069324014318,-2.560571160414409,-3.8983622850053714,-3.150301701467186,-1.617553352389695,-1.4696958955103991,-1.8848532214127995,-1.37971845744988,-1.569617726898399,-1.5185418231382273,-1.278792608612076,-0.8721003622460995,-0.6710562329991792,-0.6457504002494987,-0.23675950254570954,-0.4771217098065531,-1.0193792789673248,-0.8228061867155415,-0.8922110764089762,-0.8824927389896564
-1.2929033173081788,-1.6364329656431686,-1.7731881831193903,-1.7241626595652417,-1.9393045194996614,-2.4300797584068974,-2.373923450167832,-2.633637697414426,-2.795665598552275,-2.9823599681196074,-3.779328008957841,-3.421311001548307,-1.7362352488619783,-2.548596003241553,-4.789290291058874,-4.277280323016287,-3.4720112229097735,-2.659381778409188,-2.6271787919784275,-3.0487599199455135,-2.660074003171566,-2.441710321634571,-1.9822698076071752,-1.9468361422628884,-1.871382136767978,-0.4959638462074979,-0.7002328437918461,-0.14437304969902573,0.1229890239038358,-0.5488095601057074,-0.623481725005443,-0.8962436157080386,-0.9239758749087348,-0.5426787657168264
-1.4670994474613124,-1.8329703387534206,-1.9264116337942705,-1.9232472311988147,-1.7631056450777665,-1.336262465368108,-1.3299031346458352,-1.8498520265340033,-2.3623468388320585,-2.8441912306129407,-2.916570644435126,-2.6608682455884027,-1.9619158652908624,-1.9157624908155593,-3.8988748661506816,-3.7429922821622186,-2.4929446988749664,-3.016139928493199,-2.702956902528152,-2.6777451777701526,-2.9429487285157663,-1.9253321218681994,-2.61069509879964,-2.517665859120567,-2.006488996641173,-1.097676425300627,-1.1267208996515348,-0.9427426541045386,-1.130511696135108,-1.3089780688992978,-0.880730393488372,0.09451129912277023,0.803583716195656,-0.4949815056013514
-2.1191637835884274,-2.39962707093824,-1.8838200349454486,-2.3423853534543775,-1.6004954787933772,-1.5728835337816596,-2.6242616277421837,-2.602764570939938,-2.5149952351364684,-2.506730095522471,-2.8641663402497284,-3.0778132209299685,-2.2495584891858873,-1.6868232258742546,-1.5006271315280895,-1.7202408730327379,-1.3418071519920423,-1.685641788810206,-1.0397225285129723,-1.3529001535867613,-1.6043730099779234,-3.0264968234966747,-3.301265319408932,-3.099029772611947,-2.5014079089008794,-2.465797048816045,-2.018017410057224,-1.5464230756398916,-1.0183348931679057,-0.997693133261465,-1.013563689893873,-0.9891324432152828,-0.5293510634867937,-0.3733537194072334
-1.9309340714576357,-2.799362148617175,-2.258029628361596,-2.0480303313123196,-2.391003604079282,-2.4496522278813213,-2.5167251531615307,-2.801620991457823,-2.6990575170178386,-2.9483904652292776,-3.4176191566966643,-3.4516806795534536,-2.529732806240933,-2.4917904357857137,-1.7932147317203244,-1.1098900380848913,-1.180996436069188,-0.910811205726649,-0.9812994546722987,-1.057133045074285,-1.0034218153893129,-1.061801704335071,-1.144454398381826,-3.010354400056715,-1.7225620511186956,-2.7503426907093274,-2.1673048992755937,-1.1547716371571144,-0.7941774039211248,-1.2401082684901994,-0.7433233075972859,-1.2017528742740202,-1.4545657312470344,-1.1969104114298676
-2.0767993678006715,-2.5257141710298843,-2.6065213970188426,-2.114762408448703,-1.7759108827954473,-2.171680750119152,-1.6534903891211308,-1.6956933646484056,-2.037548399489499,-2.5282579331865382,-3.535483634837392,-2.9646975333209835,-2.411422279358558,-2.313023607244648,-0.9995440221902009,-1.5123758953942439,-1.5752261879027762,-1.7184353130655121,-2.0904691741838324,-1.365447060321026,-1.3472485031181909,-1.4688683420824853,-2.61446681887806,-1.9665317889520548,-1.2836957197814451,-1.0052317239348043,-0.935868858306745,-0.4734210699043775,-0.8329818417852451,-1.266556235027401,-0.9702468628903208,-1.448082788872065,-1.589201280761273,-1.4453197029224167
-2.3566968303242137,-2.9118427567303775,-2.8884488011066183,-2.311309419540582,-2.0253784844385634,-1.9121807611819956,-2.661225999551988,-2.0427584915650683,-1.955853724301202,-1.7103473115745516,-2.3954598856738354,-1.4150951530608946,-0.5488358255807708,-0.4307862008334497,-0.38192093067004507,-0.801694181474643,-1.2147124266874125,-1.3278944916580944,-1.8958868139524916,-2.043582761490644,-3.0877893984778373,-2.1987440979008204,-1.0457605491410031,-0.6333021016381869,-0.7200207613920399,0.05840106286585761,-0.25992149090615674,-0.568824192085358,-1.2096776514153618,-1.715058528679514,-1.5175018670533476,-1.5362603220215227,-1.9702868058910847,-2.0915256644716647
-2.792512775138534,-2.6053083214604906,-3.2116845621152548,-3.629887027804661,-2.9631481661058476,-2.4088989761750432,-1.854354607854822,-2.193036323149341,-2.479607988061399,-1.31901797963871,-1.0384305038050963,-1.0229762389032362,-0.7407907957898566,-0.7418440906132642,-0.5638912572729512,-0.5966205244631658,-0.5263268687710508,-0.37973547911477634,-0.5429975219209083,-0.5481760996180266,-0.5682324431114169,-0.5669992031654677,-1.0699106728584284,-0.9044405475575404,-1.0647393416827695,-0.9128403717964718,-1.103848458198304,-0.7225788362185324,-1.2506226962072249,-1.5886869381395905,-1.296337976456879,-2.167582307653846,-1.3122124486933504,-1.0435597818386955
