script/wind50m.json
{"header": {"parameterCategory": 2, "parameterNumber": 3, "lo1": 3.000054539987559, "la1": 64.9999836372058, "dx": 0.5, "dy": 0.25, "nx": 34, "ny": 52, "refTime": "2025-12-14T16:00:00.000Z"}, "data":
[rows 0 to 24 of 52, columns 0 to 33 of 34]
14.561829681922811,14.90974999507376,16.43172418304897,16.933816672588968,16.206625530117723,16.07454293216529,15.700012929668427,18.77823402095758,15.952871069444408,15.480790971065922,14.271968701172696,13.25942350165193,11.987843442659086,12.472605984127672,12.616600455092735,12.149091081572347,12.007753574603178,10.475221213359845,6.407274632177731,11.76163262961761,4.721437245363616,4.333317875711932,1.0135138621783055,1.61513743290851,2.810365726382895,2.626930037115204,3.109634845664535,5.22664245621494,4.908432848644624,1.922641658638611,3.30423360473734,3.2430500906698114,3.721955321611645,1.9604360499807576
14.89115259828305,14.883765332149284,15.129956696434155,14.781863076805998,14.80812124788221,15.3780873847443,16.252943374193656,15.48578561990062,15.003432103353301,14.26377944019474,13.43963824231569,13.468640613858687,13.420866230761831,13.099179909852097,13.97293578351279,12.024883708546993,13.286281633432264,8.164643092792828,7.4145472816332205,8.045610493026288,6.376617604420111,5.734614694496719,3.8697368364159273,1.3167874294230515,0.08615600173339065,-0.9972537560907718,2.0975305582505777,1.43027709335449,4.3955210789224415,4.2493796798750765,2.6259475803088677,3.135656163486158,3.2483211244906878,4.477327233100609
13.076222847505107,14.800225276735285,15.167456799532136,14.01355978592066,13.143828781916913,13.779433007128025,14.098560486895288,15.263794626295091,15.151560855695696,13.476619991877513,13.24487804668206,10.633066723434473,12.145601704430115,13.367345452143368,12.849628854717828,11.788640367799816,8.413709256081294,6.949910577739197,2.1830168661601608,5.782429045214651,5.040702003475321,3.3317930448819832,-1.2344726431424182,2.4810862042703907,1.8720062241095854,2.9762955039753667,2.314429768264153,3.70534897252118,3.489151476756692,3.3625399094287176,4.333367528939773,4.432314468306549,3.6878103285295283,4.421442570023359
14.418598661181814,13.688650150013002,11.901697935832567,11.471012554028833,12.434736940964683,13.284214107671358,13.718604670262078,14.178225896557526,13.127471926027761,11.881817268843262,10.246367380838857,12.883066682826415,12.849687730349507,12.547364529002731,11.66485715877612,8.737434554561771,4.264340678376391,6.934173153714616,6.579904681891838,3.037905953672369,4.146574849396004,3.4019043221409238,2.921890258078585,0.3350910204534951,3.5381349059421705,2.4468662310651443,2.0829503735518,3.877934446787766,3.2908806024581914,2.940718967331069,2.07859216358837,2.8636849234222224,4.251676663988885,3.58582764464931
12.927274143970429,12.452127229442999,12.580187710973517,12.308385234778878,13.112526828382387,13.343701205579936,13.295057379797813,14.349727231747636,13.600710554680328,14.089538383370307,13.573919698064136,14.892704514183466,13.17273692519164,12.624745150913633,9.381050412714947,7.0800792912972454,5.440495704856333,6.58423410169588,3.9793498401059946,4.899687295433479,4.891866306699883,1.2574095242978445,-0.5807000303139738,3.922944248924824,0.9372081524194121,3.2159610325148322,3.3574353029533475,2.645918900986904,2.8506098852232182,1.7927594685345463,1.2865388692747426,3.2612243610342304,2.4469415047997827,1.8386607489736313
13.526895557791455,13.272156699931633,13.003256350891705,12.77085394067281,13.7174885969101,14.53929525013015,14.692325529764213,14.900331260759907,14.133073187946184,13.530748497895233,13.061946787162826,11.737426556019102,9.61685497127746,9.478047460402374,5.896714608138579,5.301403307239177,3.114903510510867,5.988689265488188,4.9045132330695935,3.2363730799514476,2.6916814047734205,1.238548239008502,1.745347190439246,4.05189069221954,1.5703288966413806,1.6831945891180728,0.6086676485104361,2.245442014686901,2.9088343656581173,1.4702733575793527,2.000632097327264,2.1330190901418735,2.0928611515321807,2.075609432396367
13.00504229056525,13.180846206862471,13.573662700746391,14.38809507957614,14.646835950174953,14.529298785999043,14.737645387449605,14.078539418418831,13.978743273441223,13.333715709901307,11.374317927513786,9.01050052215126,7.167631042277717,6.104779224705862,2.6687490202381867,4.723437638092154,1.0259736184372596,5.629668133691985,5.956969942217808,2.7775030702826613,4.319223530538637,-0.7321742507524241,0.8563420725120131,4.320942805920015,5.423596462356757,4.881740702078632,4.747849586680086,2.2975923814753196,3.3987315509611844,3.2483301447278334,0.6750474372845732,1.6447947748525742,1.4762735573967216,2.120480767730489
12.727809024734318,12.637884292471462,13.192826715871037,14.298373617484083,14.217753562381997,15.057783290493404,14.343132687691424,15.261980554711045,14.266825084916569,11.219394633262107,8.682238957440312,4.173423867543947,5.296993248653,4.244206690280234,4.86957564030028,5.955829122363385,0.31860399702269754,7.678387848577605,6.062763827714777,5.187061017998002,0.5715030880817731,2.5311148470084857,0.7249509033323378,4.332794492677578,3.646157248824156,2.9906396830259983,2.8807331501104296,4.883568467190667,2.6461379868705093,0.9923773426500307,2.4225791739087152,1.0436007572932506,1.52613569564886,4.931929161099023
12.475784437486485,13.5389328747461,14.720945723192537,14.506601951835203,15.040537891365277,15.021834410640169,14.943775576459878,13.78404946119272,11.036829617462672,4.716339557485617,5.28625728464824,-1.6818665104331993,5.898645439481851,8.1278964622777,8.913388075028744,1.16075217789894,3.4244366534878297,7.194491564837188,7.051830377123128,3.3475878930041443,4.919755296353219,3.990327301520853,2.0256611865168503,5.420964187047289,5.192218970666296,4.663737868174171,3.837281071926367,0.25951667470026396,2.715984319489345,-0.017474048246572685,1.7455018219116774,2.8143206688066518,3.703854558835084,4.613353457841329
13.423293171930093,13.982148325761987,14.411824022539298,15.233527048180655,14.151904084640517,15.666449828927728,14.559901009763369,9.952757844789701,7.741729364185541,1.9203305930481256,2.4212079080033453,4.571087536307178,9.982430893002741,6.789813692094094,6.06355088094369,11.771977150948667,4.812772343964023,5.085283577721024,0.47758904670088825,0.9114679740233917,2.684962738500142,-0.19609651053618413,3.8251649777905072,5.476129512649855,3.8647593451812527,4.430330821681171,4.457479801015657,1.528740425050704,0.6831040719711381,-0.5212884813958963,2.83193509653756,4.893673682657736,4.735411726773799,5.328139271992529
13.499396443495742,15.054840937241611,15.561102753229873,15.539448013263106,16.371901966288437,13.286627128940001,7.9306684321952625,4.612305149793329,9.466257945241601,6.343684256666102,12.505865474090799,8.398546361511352,9.156451347760575,8.36007708011517,8.075303483518173,3.2948671707005004,4.764223592714569,2.293458472359278,0.2006120179580749,-0.41571657759231045,3.5693861517157206,1.32134736774764,2.5248141485291944,2.1305402958922133,3.0437469146944025,1.9145055648874172,0.8712775695011492,0.5761556364513328,0.5578946711376234,0.3446076376358255,4.130275304089099,5.706735904679185,5.688040417642806,5.854809132827065
15.41702973669436,16.31854886710226,17.0612769671267,16.418165412615533,16.449937932269236,9.807799958038025,9.800967882592209,9.28036550345024,9.344036089530618,11.23180069325759,8.289223384122607,4.457764448991548,3.821611186185074,2.6813679458097313,3.802759458923573,2.710756132300071,2.7495879164005084,4.402863779286725,7.208080974097851,7.522708694448894,5.4183470902412045,0.19271503589845818,2.354727350455348,5.993028886958345,4.875464388067757,2.5536235218616534,4.11371684696221,2.5585730563627087,1.7050211856973096,2.2976253971464566,5.2137762345378995,5.73267751083718,6.933095812469705,7.438452088767528
16.031559262517607,15.088789382169042,14.198870535794564,14.19959451273337,11.773899613423415,7.541276637059108,6.834859175835446,2.9266219751715608,12.379869374133714,11.276619010597836,2.3583518600203663,11.95379968196311,8.604494342519104,5.475841810278939,6.851352279211722,6.0297084669205985,5.737607613373684,4.427340568873517,2.2197105238631987,1.704179515656797,7.126451188414815,3.750171725131778,4.0161312053692955,1.616416664463222,2.2987428858898626,0.6978946250024878,3.48465081418717,2.1116448423471295,-0.45928473300512884,5.550415957579581,6.770852981575055,6.631296735628194,6.981180675083266,7.045866528509105
14.004872410366017,11.891689110802828,12.393187800223755,14.258178662114979,9.271851479229166,16.999170154692578,12.390892873281933,6.106728725264244,14.35404799466508,15.89169115125514,14.57515453660236,5.045110900709374,5.13126081985807,-0.06291050703307216,4.389937181561684,2.9356791199098287,5.656548337826055,0.32626893518932476,5.957440077641094,6.790707033787226,1.9735230400163848,8.540481594184623,4.018360304081812,4.837915701599534,1.7246644440817531,5.078824629590961,2.764972592946303,4.103581330691812,1.0429052533428436,4.537744618500643,6.029560238845366,6.496711436314865,6.82093731026663,7.133291851682557
11.532329172608133,11.828697756050982,12.791636348357432,14.903650986806317,10.150233538408473,5.814682798942047,3.9112059506537045,8.854587554697892,5.112314261529381,6.3299722409806245,5.189893770806713,4.393103912368012,-0.2973273083140118,4.2606928282621155,0.007683989197074402,4.525049229265462,6.2811863555006004,4.276652026482574,6.6912681272131405,2.9573393178786143,4.882015977248779,4.463203058784822,2.4846233265066267,1.857010778587515,3.5939791168961186,4.079386395411785,2.0493210146191143,3.900551759000227,1.988241801363743,5.861634021097884,7.137698335047172,6.831598823352067,7.1758279773766,8.387787821314797
10.599499805422298,11.913326195142641,13.559345823037518,14.1034802663067,9.209462346773247,4.2698321569008035,6.800346040537746,0.880762718162423,0.41072059475551825,3.623893258430123,-0.443564563294851,3.905060777615504,2.1745582009884084,1.0953875331329785,0.8142721491826146,3.032492682217285,7.858372886914293,6.001399960749432,4.838217149938259,4.367158277097159,9.430825183716792,3.3840605734722757,-0.5053393092610617,0.7466258096130696,3.4046584518191074,2.4522391865969118,4.66544184205644,2.8592624129509314,4.152905072915042,7.074649378928262,7.012197742396299,6.952153950911649,7.855007847595673,8.104449714862275
11.434387367939287,12.5667631460185,13.412186735239175,13.805377103941144,10.005388878564503,8.366268216524702,11.187543667209228,9.03268097735378,4.323917669578375,13.427818275951948,7.439596520806984,3.537893363353371,4.397438417206065,1.1744958205513072,-0.022993765681131425,-0.019441776940879098,5.010712660763501,5.237070779460024,3.3523331639334777,3.8907097023691057,4.905810371013093,2.456604195108151,2.3059194028150256,1.1888499046960097,2.425263125249451,1.4607243637217422,1.7216515046593757,2.182472399642095,4.19951109429617,5.903648529639109,6.483313729437609,6.2032690007688815,6.748583720473023,7.322501535415637
12.41406319501042,13.364905600515522,13.393896258373228,14.146870136752467,9.989838122114834,6.470136795035336,8.770644877294902,6.826906929954527,11.74580264737581,7.659485315020159,6.206029725393768,1.9911660110278762,6.017787024030912,4.0619825197182795,5.510790065901533,3.694308181659512,3.034124128455246,6.074851957299388,6.704426050498984,3.1647949221461533,2.4580597300947327,0.6796755891701027,3.1388038765633115,3.452008727908061,2.6197824671847876,2.6730162390646526,1.317621724055944,1.6287739179165805,3.449153689306356,5.257331043659286,6.421958142877484,6.026197116981222,5.724886247980767,6.866577750944565
12.529761288499076,13.245876105116368,13.82356503065178,14.323682563789578,11.801282733147865,6.154860161094636,12.740999260973032,5.249276084964489,2.1937966484482945,7.060723763164295,0.4520892485389464,0.4741505001615876,5.169391375512698,6.785242607782798,4.68091433513141,5.63926981568021,2.1040077027159145,4.11499673527646,7.143955308247857,3.115390439482412,2.8122614207291567,3.312311619145851,2.8087284217707,1.8964444926306594,3.487073688262551,2.6541919065679997,1.8691720369933464,2.8586896273990807,3.2411009347932724,3.0536252827961783,3.5356661521308816,4.917003258092809,5.331545732986263,6.624145462599952
12.370027139438394,13.760400488132621,13.55772525225851,13.720338309110174,10.996564973146011,7.176211698014984,4.147868266519118,7.833781364599407,13.177667808944415,7.675640493840145,9.60070164940888,7.868891636479093,2.352672270726276,4.245806050361813,1.0488374675223322,7.496757445106219,1.5767837530260929,2.3943938542225087,3.2660916073487143,4.211557674552927,3.754097761340612,2.957549609475791,3.1947899348324116,3.0506430881013356,1.9401726814300262,2.368415782018555,1.7703498837641514,2.1239819776479925,3.452208561192935,3.1816276403591592,2.9846344623882266,3.162754200157318,5.025194542130448,4.809092412925369
12.05321393450618,12.048098950096083,12.896228682782699,14.28495951364011,15.51088781094463,9.202624283431142,11.421158216192627,6.668942903863015,10.226377816788325,8.807818478745473,3.9477604988276616,3.3024905011789345,4.965345407479615,6.451309532131791,5.278572924796668,1.479735835560842,3.5208455440156565,5.161237594863729,3.1393422320844473,3.4245739763414242,2.489989322912039,3.617713123055609,2.2027142896112126,2.179568474624198,3.452495608777296,2.613903938268336,2.070632142334342,1.8891775551883578,2.715720777727837,2.946930978747437,3.135486173045253,2.3839948020776722,3.5256428267325517,4.9443636055279025
12.206923583539064,12.53382036581619,12.557801922177527,14.177990232502848,15.159008645418998,9.031648530838492,3.990795299491264,3.012506404145229,5.7633827489414315,0.5961843540022598,4.536607648235677,1.4297460874753434,3.6103588663491992,6.150689682366101,-1.841076631748681,5.099568132653653,4.232015855616174,5.190067229469383,3.851961340905595,2.271159167414692,2.829393849478239,3.2536208843481425,2.953475717593059,2.6048318568455873,1.737672946450372,2.0371225656815146,1.1485066582728967,1.8006694364822537,1.8877148751136696,2.255780924048702,2.252621600225141,2.1979710083079294,1.8292966633616647,5.4400689264163145
13.146281533730395,12.894692078982818,13.073542724868684,14.140044167772446,14.238627277263001,8.72265861454403,7.891624216202448,3.2248045338913904,9.79321470517174,7.249433606253749,5.3058153805434864,3.63727759910559,5.8456269714701685,7.266143001187049,0.6386470643235119,5.865124267826173,5.487384406902556,5.679459521150223,4.19694670487001,3.492123101418463,2.8215011449820486,3.385815017265039,4.129681951230214,2.791554033825031,1.574081748410503,1.3056789391582861,1.7521082537625088,1.7419536649427698,1.7268943528535825,1.6387213685178783,2.260288338843558,2.2334457445316658,3.4489280210148916,6.467995248951262
13.547216386675839,13.671572192628007,12.757484020846746,13.31539766154318,13.249042411256587,10.703267535181475,7.262499813034936,9.375261072909181,6.245687561932731,3.3805287958014905,3.4327977901248423,6.128142967147911,8.22567386036467,2.996185154631652,4.27379282723476,6.312469052045813,6.405622759694825,5.545774309941073,4.031042889885249,3.364524948867908,3.6189290202366884,6.270651581077214,6.878646564103746,2.7625564791551747,2.828059659320052,2.443317725098312,2.686843646557987,0.7611270964530744,0.9876092744403742,2.242614691279846,2.3742049352942383,2.288177403382271,5.4035879138620455,7.210141886106747
12.331439644998191,12.223298775708107,12.99328144472475,13.539764386941968,13.952000624868466,13.22942935424321,5.514490719721054,13.48922440043839,9.814381459092965,1.4117070075449092,4.1034769125403665,2.250914760611098,4.185385583816591,5.093289840705355,5.285000475173467,9.592317856423602,7.951256736908682,4.806960705112522,4.188910932798379,3.8428067081486157,6.798385053901058,7.001389773879293,5.429510806498854,2.717485223072222,1.927457687712916,1.0938682979263317,1.0479832265227156,1.1974529664922973,1.0261453518822232,1.830655867921109,2.9788902464874214,4.6548413669339395,7.565102915374721,7.671397215808097
