script/wind10m.json
{"header": {"parameterCategory": 2, "parameterNumber": 2, "lo1": 6.000198445256149, "la1": 58.999992894266676, "dx": 0.5, "dy": 0.25, "nx": 22, "ny": 24, "refTime": "2024-03-04T14:00:00.000Z"}, "data":
[rows 0 to 23 of 24, columns 0 to 21 of 22]
-9.790779003878164,-17.705080649696434,-16.32303614023058,-3.4918387031420846,-3.5808650149630212,-3.140540646304111,-2.679646929215254,-3.26486720199924,-5.181714591537514,-5.049117957923809,-4.570495773083185,-4.092070572253136,-3.7617060917990015,-3.4265869122649892,-4.861700381843053,-4.132941950835197,-4.533113840953427,-3.3217621772311254,-2.566133684036701,-1.8058433850061189,-2.17131718960157,-2.2409665750764485
-9.859067258230336,-11.27056559811838,-10.872902622477717,-3.19907662538994,-4.910709068468202,-2.626915662826742,-3.261433138498424,-8.217510785509855,-8.19097541748701,-6.445768343045962,-5.963192457516713,-4.59053268043494,-4.325088972418452,-4.751383185248226,-6.024940415620099,-3.913704857693042,-3.6921823838425314,-3.8354689774709647,-2.8820493127702416,-2.52639246907105,-2.1084460272451984,-1.7555336817340959
-9.0225732154111,-6.290337689473266,-6.683535575188324,-4.204602657709706,-5.238307409001564,-3.811025266314408,-8.947983876786909,-9.439699910357815,-8.201987219143389,-6.81000444032611,-7.086632372185692,-4.759476215139135,-4.369413322675341,-6.4685390376298155,-4.972973691945393,-4.440036290800571,-3.8435530920815246,-4.087606807802409,-4.619041265898203,-3.8771790267232866,-2.799401957429319,-3.0107829167740774
-12.336279201807537,-10.9079330307935,-7.668524800693307,-4.354041998438127,-4.956135793269418,-8.944956992939899,-9.421740850101052,-9.499904928718818,-9.200662921367115,-8.970458639686573,-8.57212505725313,-5.630291250861597,-4.692490580823502,-3.84818540137548,-5.147664293960891,-4.668685392128074,-3.4970773889468147,-5.581976050597744,-3.149868511086339,-2.8235776728223048,-2.5030606650380403,-2.4177359805788408
-16.307351157298335,-14.441778767768465,-10.638167041996317,-10.25293807411607,-13.35983888763288,-12.0040924943732,-10.618241396994081,-9.605650248566459,-8.822044702194342,-8.778639242441168,-8.14261029293932,-6.965344757430451,-4.219113038644789,-3.3100167924824286,-3.4567389666590076,-4.0699479480098475,-3.810735519394334,-4.116246030974619,-3.331359208424476,-2.489366242094918,-2.5525103456698104,-2.332719783528601
-19.234194559910197,-17.688672596391775,-16.00544326199201,-14.640403392396449,-13.522042022368913,-12.02816947037743,-10.627916308032837,-9.444789329605982,-8.311599452203168,-6.702481712140634,-4.754726441804969,-5.751261623267734,-4.263025471034377,-3.4691758331201696,-3.6300192087219973,-3.6519664396629237,-2.761057942080583,-3.8082317157897667,-2.9308670250404862,-2.767173698270422,-2.7586498363179794,-2.320043174810252
-16.882891566093054,-16.42140067393104,-15.263540493532693,-13.376613142593143,-12.622630947763719,-11.685139365968178,-8.732551489247108,-7.86173784509745,-6.472616909325857,-5.309178194390644,-4.306317702311755,-3.8060162825525574,-3.829197155239885,-3.682944393438795,-4.139371677762139,-3.416556698561608,-3.17518900629814,-4.028978591440851,-3.2578138371714243,-3.15036649382837,-2.9644835557592244,-2.341411025852571
-14.934787049421953,-13.979236540893742,-14.5108989362952,-13.001395453635222,-12.322944855926094,-11.767862856046046,-10.401875132542393,-7.681993645004638,-6.5493773385721274,-6.156395850171512,-5.645836450938824,-4.843842718101725,-5.92654371875383,-3.834400236731209,-4.3706919091076,-3.4992205128348317,-3.4884343470540125,-3.5514191036788643,-3.4797936760719512,-3.1525577622069814,-2.834492534786024,-3.8149787350154334
-12.007966513956681,-12.178852274428001,-11.595211461798474,-12.48077025202992,-10.78312717481342,-6.229249689201759,-10.08882937250705,-7.673082612323362,-6.220336265223565,-8.238162663940189,-7.002693254670137,-5.4339309366929465,-6.211683739946551,-5.020239650075072,-4.526450572072242,-3.675375597038489,-4.205641806948931,-3.6185096300783464,-3.8898232591181587,-3.334779116446755,-3.2083558900566294,-2.2960032777080364
-10.453787104156792,-10.45815872522469,-11.129384010305532,-11.075746481187474,-11.1124252050367,-7.22805588155314,-7.297281585834898,-7.229454964904382,-6.062469279087671,-8.751017530595163,-7.940912277251579,-5.620241239843962,-5.637437125461739,-7.180897100512895,-4.0585613074029006,-4.172517286057039,-4.038781013094415,-4.005279930840331,-3.9159576710503265,-3.65103272626948,-3.2889973427628805,-4.31178403941849
-8.641789093735781,-8.39085225309719,-9.964177768487415,-9.009339061033058,-8.687706799300777,-6.324616319853652,-5.970244714157944,-6.5367052386446485,-6.0653027826253885,-5.9754359884064,-9.071132753621951,-7.681549973748286,-7.586076179346338,-7.012878201780695,-5.794279321118025,-4.408846946006681,-3.5605065876921462,-3.77573100720394,-3.820767548803062,-3.792237612919191,-3.2423386029190446,-5.077503523155024
-9.003053591681358,-8.861392092481372,-7.893649998890759,-8.404642866140764,-7.858277650939903,-5.280742028785794,-5.850519375761968,-6.495491600587529,-6.182503019130537,-5.976174873929671,-8.310971362148996,-7.492246383542045,-6.309708007747699,-7.63703744992731,-4.6724163743482166,-4.7512738478615075,-3.820505991050503,-3.906797782480544,-3.7155106997906993,-4.391264467677144,-4.468454410247177,-6.2009627361525315
-8.60862838969029,-8.578788592666061,-7.988888753290153,-8.56520237493167,-9.132441372733819,-6.228781218170872,-4.808885324642635,-5.632886609466104,-6.80235466644151,-7.888692005568352,-7.013096266665636,-7.937708566832093,-5.855745670254147,-6.2182937447772355,-6.050216492206169,-5.026392366727307,-5.90392079082602,-8.609366370939714,-8.726172605724381,-8.776332685992019,-7.654623561256496,-7.403591115433753
-8.602125226016303,-7.565403320489729,-7.271595478067599,-6.979048816115057,-8.132044732591819,-6.160208406876594,-6.1036047529021955,-5.0092218658905,-5.920200158446498,-8.72622947046932,-6.691573286701079,-6.9631100187558115,-7.878265142108711,-7.150435266253667,-8.233182856084602,-7.572124299624588,-6.317005697091268,-9.152403291815418,-9.7660716024135,-10.013474166083355,-8.55636386592519,-8.23814639880537
-7.97707728384698,-8.26516290198758,-7.97659537006407,-8.26586916487858,-9.275723019877724,-6.466723534997669,-7.08854321516929,-5.002617041454533,-5.269238396109811,-7.9464756561955046,-7.890475959888852,-6.681823317518602,-6.710896653725063,-8.552414834321654,-7.934695153430143,-7.991426240636278,-7.6833848493472825,-9.624110081246402,-10.357022542117852,-9.893205190375655,-9.363251080186764,-8.418237195173623
-6.94391552801362,-7.279468148752366,-7.610872088714701,-7.069478043953716,-6.933758969683093,-8.089382806869397,-6.49753069778224,-5.949516476439101,-6.771980821181616,-5.924562752250702,-8.056491776459756,-6.6869269658537425,-8.132907807300658,-11.279347588998224,-12.343146041796857,-12.529085334098488,-10.913118886189876,-9.953341391324631,-10.645803486728132,-10.774991201813334,-9.549789560214725,-9.260106870232152
-4.343292232911837,-6.602944181028673,-7.4000177777531135,-6.210668413670284,-7.36320468785716,-8.821603785601312,-6.409000389057224,-6.520160456493595,-9.000867897306756,-9.68875723334168,-10.892307132588883,-10.092003907105418,-9.213795910881998,-11.37110308877396,-12.876419102158973,-11.82181861088171,-10.019373691423196,-9.891788794199877,-9.519211065001906,-10.710140709878969,-10.363990023101861,-9.614295446277143
-1.8235539435657535,-6.465738124177248,-7.138067581268391,-6.978549129150339,-6.4821436879634655,-7.268070982376232,-5.672446833928903,-6.225117516742218,-7.081632616396743,-7.396213438012372,-7.707318010004021,-7.600514025997815,-9.949807163760461,-11.247431894987335,-9.682955435705171,-11.274469848023076,-12.545207840641671,-12.122742100797502,-11.29644616351412,-11.122995431537634,-11.061804089342882,-10.21449219606085
-2.0493681369813284,-5.792013783801537,-7.178193912239825,-6.45599083882767,-7.015783643079056,-7.03987488846992,-6.590858917750164,-6.42979071669161,-8.83438546655567,-11.223837585339547,-10.161650754617689,-12.28389433962716,-11.460105177520939,-10.237611299663971,-9.637524138108555,-9.024677570895811,-11.700407714635128,-11.622005256931464,-10.907798351249346,-10.636647578369416,-10.747082404224907,-5.263853389835506
-3.19196526345317,-1.8135880012014756,-4.571762330442945,-3.9209316816681743,-3.878860848637022,-5.20422837566527,-4.367893068774079,-4.574129294537902,-4.127318641172139,-5.180098372209609,-7.637369141502354,-10.60488944512319,-8.488945853941997,-5.43942883416052,-4.959749488886591,-9.749362498460618,-10.32084550374044,-10.737726161805996,-10.299400403606668,-9.403361862955364,-5.297636821155453,-4.45068193970797
-1.422682299853279,-1.2873388898078741,-4.273235972157836,-5.3746843658025085,-0.6756298637401288,-2.4223483274759734,-4.486564336985314,-4.110401700113768,-3.9226550401290066,-4.822469061677846,-6.630027772732299,-3.732788046565846,-5.4229457121161575,-5.902698216303762,-4.346497974260775,-4.942925770161443,-6.978852763149343,-9.442373291532938,-4.111718618815847,-3.3492096834757463,-4.20311454238799,-3.887737712755708
0.08389963525193814,-1.6302604163959515,-0.7039280369658649,-2.858256057416942,-2.4089350650592034,-2.491067196001847,-3.19501289792069,-2.9358333830282373,-2.8253572598972205,-4.004745195828967,-3.772859201647675,-3.8689885045142205,-4.147445387241249,-4.62762525406266,-4.193467316113928,-3.416735213406534,-3.275509292418724,-2.4918447531761894,-2.3591379991473977,-3.5313037098778817,-4.079635546666841,-3.458768075782617
5.263759195881695,-1.1637317983642885,1.0019541680598782,-0.3417838562192892,-2.0912197674188526,-1.3353352699950052,-2.0313798388688817,-2.5792350353904956,-2.6247814565853917,-3.002180405674657,-3.4554809066426966,-3.2095654053672797,-3.634820528107426,-3.7907324585629483,-3.7592497477527482,-2.9661140563944626,-2.152810125314182,-2.587979892545268,-3.4799445267852094,-3.2887608196591294,-3.3553609096441024,-3.0904010674461366
3.420789911382487,2.241705347313036,-0.4344149444377231,-0.44236579731108167,-1.2588523259276212,-1.366785985866616,-1.2761713188539894,-2.1671986845486715,-1.9366548234131462,-2.1160190711707547,-2.0393575116254876,-2.3673470862968204,-3.3923157579921854,-2.757166402440564,-3.224136968536508,-2.97494797559157,-2.923221419618961,-2.968674923038361,-2.9510310852623123,-3.595394183410996,-3.202042904263958,-4.247311639361206
