script/wind150m.json
{"header": {"parameterCategory": 2, "parameterNumber": 2, "lo1": 3.000054539987559, "la1": 64.9999836372058, "dx": 0.5, "dy": 0.25, "nx": 34, "ny": 52, "refTime": "2026-03-05T05:00:00.000Z"}, "data":
[rows 0 to 23 of 52, columns 0 to 33 of 34]
4.091523328611408,4.953397375782035,6.048224980892296,6.51932477150852,6.797490565302634,5.254389390598609,5.319282423843684,5.031394485663543,5.162886988029534,5.21463390995362,5.557037108181401,6.550122121668712,6.571220022373073,6.59688166999442,8.812628016757257,8.663103363581808,6.883784756412899,5.180823145022222,3.2856190009940414,5.650273741775271,7.642887257650979,10.37054190655609,9.10527800627468,9.466485434529972,13.022588029926482,6.510889521925025,6.325785614503446,9.594822748687584,9.804908466839784,11.143861303092619,12.615723828790236,8.037973422183509,7.730946286289836,7.044538341131442
2.563090072298852,3.947496466022371,5.40088317018725,5.951847207349303,6.830655113968922,7.356891354071824,6.578553181950535,6.646235688088677,8.387043006796524,8.99439483007671,8.244298225482757,9.081474920993985,9.012916325906863,7.612519419513289,7.907581423521863,7.575458463637408,7.57531674486215,2.93020695172937,5.340563257781639,11.609883898856443,5.799543239448863,9.282459804762837,6.374425216244207,12.679094592595282,8.102567812822928,6.981365982097062,10.145421991885547,8.293460232579097,8.904614257310635,12.211680499733973,9.629927576589656,8.997908326017312,7.834749676026568,10.540831277485715
2.67852200184517,3.3785565240727435,4.808799717525879,5.853329733395956,7.187405227821411,7.424798911658986,8.490685860702166,8.984788619685265,9.647251968843708,9.633898348137548,9.812911929911518,9.846512285556786,8.211526217066192,7.103728910586661,5.015375922959015,6.801275531821646,7.430320648646759,3.1928204359209196,1.786501300153089,4.1770500190095765,9.016292761622337,8.339614228261706,6.67517975128704,10.652685778592046,9.449889668684978,6.622182408381925,6.559146885744379,10.56031239429119,9.188551995484346,9.571100916961782,9.464734490311075,8.343082732169123,9.031486294439652,7.2153102034114776
2.93425544251944,2.7573517410070543,4.284379351483821,4.6658107680293925,7.471720518015297,9.057584604013359,9.574683968062386,10.13232105692845,10.004162578814267,9.548058575560447,9.043893707536714,9.304283265123564,6.546591432217079,2.215635464926134,3.950221434765281,7.192276099944802,2.731997434431091,4.127965770428193,4.317504595496356,3.139630435333917,6.41028216962411,8.329766441416709,8.419113281420044,7.637860040876364,6.124559437514811,9.007957867164063,12.528783557069007,7.964308551211428,8.245347729992487,8.00921074559181,8.236606357470125,10.931246471251608,10.044632183145476,7.048136397012076
2.1284457123101883,2.6584713225516903,3.837435750076038,6.168155452167679,7.191727419155832,8.504043975842011,9.511105277231035,9.620108790625775,9.079076329875528,8.74444311651685,6.810455656433833,0.7914208699122761,1.0157873666315913,0.9078647281539339,1.3039702911406688,4.165961628423604,3.3503162222574727,1.6601807219578548,1.4572409600954201,10.0277801033685,8.687007049127544,13.871992590212866,4.3650637486244435,7.631931092588977,6.942281888307451,7.088717090596781,6.388281079907472,5.1130017924793485,10.724124831380502,9.633991445921689,8.830452302621504,8.815061683456106,10.098709588707504,8.918845185033964
3.130251488646424,3.8692792318311375,4.858274489669072,6.132257236976769,7.588738469811368,8.836956810613344,9.4384535607557,9.484788528795164,7.8793636942429925,1.393354595458305,-0.7062150033037364,-3.440997951286986,-4.218651081093558,-4.923029385182369,-1.3747194644713432,-0.4813206594400197,0.025566208770800472,1.3396931530971934,2.9790914890873004,3.8305641507605546,4.268127384171895,10.014836893145178,8.800774392348528,7.562158446680396,7.2416913584330525,7.984215279017431,8.43291445299731,9.463834893084853,7.3024051159695595,9.821753261346275,7.866906591747322,6.40850223579182,8.059738300745536,8.762433602323854
3.375496262295056,4.2598154013373755,5.309342579234043,6.278114095213686,7.608934844423564,8.972684348936475,9.404899423444945,7.61723151213422,-0.9012510216619622,-2.0924908019355386,-2.0616731915381052,-0.08261321757092914,-0.3712359831719947,-2.018109480151915,-2.5876583129148694,0.4262732116948247,-1.4580234822405327,0.17108198068466995,3.8672783711992875,3.7773664051441798,7.245960271978727,6.694812841140032,8.666059675133972,5.6722315948123425,10.308545331988341,7.458953776015892,9.881491204056378,7.93894256163868,6.817256019448094,10.544648027963756,7.979205276751798,7.139907969898026,8.967518998147204,7.227469276093377
3.58616336153362,4.209862365720182,4.725786292236912,6.316083032672758,7.738765017879195,9.364130250667843,8.70403345594168,-0.2626499865132058,-1.3634271371439204,-1.8074665119978355,0.28847575903393496,-2.967835607880502,-1.146110101344088,-0.36494344010752183,-0.806048984596722,1.7172288742093822,-1.9091569757428994,0.5143854154857012,3.020387467536814,0.5143277049714856,6.343372370451671,5.757483941609169,7.1637305617839075,6.938486752863475,8.003985314721367,7.922864703941422,9.731521157066913,10.246618953393115,9.421968220021267,9.429377192768461,6.838037797425091,7.714984193699198,10.2208844636352,8.597404650769496
3.549157379386756,3.6962167758322453,4.528526095960419,5.959282552224773,7.6333604285617636,9.19773530350822,5.953305927172215,1.8483636605901825,2.4866677411786258,3.8796265695419203,-1.4194021053646748,-3.028622970382978,1.620561158803015,2.634271727024038,2.5844225759246906,-1.5319871628104638,-1.4407615413642887,3.6435881465364997,1.9638671639421068,5.158480416552568,8.110559867527169,7.660964880936397,-2.9486188808128198,3.7278449192230223,6.141552333357256,7.642699243172247,9.712607287491354,8.736595041514123,9.626254413432001,9.486888232224276,8.846670660069535,9.822311675047366,7.914072601650152,10.116825272143863
3.7178084394794833,3.6480393929214645,4.111907931627136,4.48105771141151,6.647544010789947,6.675904231742957,3.8655726415404583,2.2473914322693913,2.9315756214044217,1.2090780727103165,-0.6317477363303236,0.44171108704716494,5.3939964445131805,4.682034662492895,-0.5942693193894084,3.843550034775412,3.799703001964256,2.107887995315805,3.6726171259432334,7.064436248793402,7.980738622857833,7.143224820625192,4.129355966159494,0.1842073313742838,2.575102951792523,6.45982326527878,8.217942791956336,9.57742245491822,8.487587862860002,8.007564667411291,6.335471544258459,9.254799951245408,9.398815379336188,8.593202929668347
3.1091837688517736,2.5102626144152573,2.9871601237737457,3.278352452830512,5.427092905362658,5.4597212703597195,2.266397022067008,1.208045900604044,3.9607136389864763,3.2367872679312972,8.33149101359885,-4.860143641918191,5.556470487474645,9.499477339952337,7.530294663366166,1.1510496774399155,2.402402383220972,2.018490695554906,4.483876090601367,3.118120184155994,5.111355798454108,3.7512383676904952,5.997357160946733,2.1099860585924555,0.5239031761515797,1.3748796179201395,3.2910990101211666,6.9793037424299404,8.273302313094096,7.134367872826022,7.536408033291587,7.461203218518285,9.26978992968651,9.761386598106311
1.0847840868861482,0.8627624405056634,1.634251739486904,1.3982680261445057,3.5649119080796368,2.0169088730279587,-0.7758887809986661,-1.8011754859840818,-0.7477293720615317,4.480255475279517,7.157306439560777,7.790100001435555,2.665410599516029,7.925849525423289,10.978938387722526,4.975050884749506,3.4653666439686748,5.962904299566868,4.407599396489465,5.767847984620378,7.336962120549723,6.941712870990816,1.293366974975321,0.8849675750233726,1.0427528794240049,1.3188382229266378,3.7994096791218497,7.597697262843223,8.344389123047762,7.3577692744398355,10.972042017329073,8.410939543264762,8.447817682556812,9.502199774912023
-0.1694374854739736,-0.5945220384243154,-0.2724553889708472,-0.2720056776756027,0.5344465578757893,0.3479980095769614,0.7850251058980174,-0.39078770507973737,4.07444409312049,5.066960453298076,5.1299881381051,9.735698681151941,3.9355865759024122,6.573132979964817,-0.2838523420186442,7.252605926976434,2.057337346065458,5.443130357494677,7.016064423161169,5.718964222256428,6.662090232447931,2.8874892472215037,2.4946481836767087,1.2728475683078888,0.5638430404993852,1.2332426717129354,1.665579702468788,5.8544456024007845,6.654307646246507,5.849154248902672,9.780308362397435,9.614091198989634,9.78599435078572,8.740831928075984
-1.2337251242567038,-1.5118537400576337,-1.4211955664680767,-2.316197259558694,-0.7042790769055314,0.6236240213164436,8.433695957429562,0.6775285030325217,8.37813720818392,6.601215736079568,8.648501083244291,12.288959228289075,1.8316289993637753,-1.5201583178144522,3.9933682490061826,7.571691906088772,3.183074442950159,1.6858308051191433,4.95084113280121,4.724345863162564,3.3457893646712393,6.172731492978891,4.591455833531722,2.265330554473428,1.095674221520138,1.3429583297107488,3.7665510638996187,7.350191657632398,9.66556277086105,7.477521362302183,7.045335170199124,9.00142105619463,9.887588444052929,9.810561075619521
-1.8304874944751321,-2.6253531073064718,-2.7877864912380157,-3.4774470508547664,-1.5963433819906312,-1.5226939036067955,-0.5721805467941141,7.021794345550494,-0.11296030695097947,1.882077019232329,-2.5906225076878338,10.877139483755982,12.343432747395896,2.95800047515025,1.4547599227429766,4.876746257798128,1.1538894115348204,2.4694860546972204,0.6971234500681412,-0.2104922469521359,-0.837583884148626,0.6814722236255611,2.7613462635832895,2.3663524357726904,1.97275199646462,1.784729003972522,2.941690698479456,5.765766999850806,7.479627421616285,8.43165722926398,8.055964362555892,8.059538142398225,9.193639752263746,10.2899106697805
-2.4767158493939587,-3.100272414502651,-3.8315808920898013,-4.028589346982594,-2.9991369273928354,-3.767613890769068,0.2742906826528641,0.45338905357153075,1.5345928374603175,1.2994090185719003,3.7746384964612982,10.837579279986475,5.880257132997437,11.812517954183955,1.931468824774885,0.9567628045441626,3.3645026685695862,-0.11205187642527349,2.6450082312339442,1.9774362729265775,8.1851540090293,0.6393968658112856,1.2224691160998173,1.8012000433841315,2.4215258477580393,1.7655097806054267,2.867538792783483,4.314826226389727,7.089636279257618,7.4419052983139,8.337508633282539,8.444352584750694,8.003189866260167,9.729233620176162
-2.638721446294085,-3.1389051812744873,-4.127381248060085,-5.217337024465213,-5.0316654288140565,-3.355697976771805,2.749832192246066,4.414060653550955,0.10266910497069826,6.117964078801388,8.314621379222668,9.634748627065182,1.1880519607087887,5.130413712468182,0.8431329428195499,-1.2226312709475318,1.4276642202808456,0.524996992132521,4.880467596676919,2.1195260367689466,4.738602201531947,6.171511395811716,4.530738324717533,2.4850541880145793,3.6313759182108223,1.9413256725273322,3.134347977065466,3.526096960838175,5.328439819481534,7.191665506924696,7.033312926716146,8.262415922256624,8.218041172661316,8.679707999052848
-2.6775467154128423,-3.4324025719486224,-4.235559493752599,-5.239778887302542,-4.601113706295665,-2.509739551762753,1.3211035831632434,-0.03848852052192001,6.445054810404194,9.744130062445508,2.249749972518104,0.9048062073349142,1.9233733595490186,4.471132752145605,3.925722962074635,7.707568985358558,1.768451162749697,3.963484636244495,4.061217314444647,4.12668963015515,5.050030795816092,5.1319055558823985,5.809554465535296,5.767856937358902,1.5760585595302183,3.3609519880041328,2.77547665909218,2.0471447752685226,2.3405218934709,5.306937206950599,6.553556874511498,7.1825646932403915,8.192816795989868,8.151747210013317
-2.7775933203697947,-3.604908655919428,-4.2690976558510725,-5.061010109498619,-3.953297247234678,-4.158550611159185,3.8149462516375516,1.9460945805971896,-0.7994610835015576,7.714980180260123,6.262426281312004,6.49783260553425,5.443245843313986,3.233925072882246,-0.338730408466548,3.4218081178703232,4.4788357254561335,2.494648464241199,1.3911825865884129,1.9642391278978995,1.9465174740289428,4.694750335157634,5.260351797077638,5.553100196585442,3.784040957260946,3.9211772339035402,1.43233149476782,1.0693901468855973,1.1229037058939804,4.108723197568994,6.4010440214745215,7.6056347067528485,7.393602980368959,8.345438863601853
-3.1632590923176833,-4.0411051598553565,-4.521387541854311,-5.050839339160026,-4.785752760540093,-3.965883281341743,1.1778551630549423,2.9142060402135304,7.292108984277026,6.743932984916393,6.838432572783105,8.381906546695289,2.1927975196232827,1.6598755759959292,-0.5454930109189942,2.192792824311057,2.1202416344524937,2.0258759695248263,3.900508565856054,2.8987525582053344,1.2188641126774304,1.4507841077971801,4.479589325002782,5.865411142414509,5.390735666168784,4.220666369712622,1.3694825811602613,0.26081629993313227,1.5440898101564091,1.978098469301622,4.706173992625077,6.714814564387951,7.4132096267706,8.337587959684795
-3.596790795520729,-4.2145319325267625,-4.8083334583856745,-5.094671808328516,-5.092023227844439,-6.179645612135417,-1.2343496853500615,-0.5398457761460304,4.3837542913830685,5.685494758000997,6.1199483656300435,7.453200673254515,5.6273090347517,2.783822971477002,0.6728709609893576,2.6577949206188123,3.900794231988027,4.123838011548233,5.445889660774558,4.451450363395671,5.204614296337812,1.2682967785241324,4.058415076633474,5.2373744668392845,5.640616586860342,3.0005098322941257,0.6893909153225067,0.7630125672447843,0.5222792055024591,1.2733424057075509,3.599500986169479,5.66482986927249,6.899758173180534,8.194904868920483
-3.8228621101978413,-4.060438866901801,-5.2135767646693285,-5.761519503095896,-5.613156710675028,-2.2682774220839517,-3.0237556523134295,-0.03816478637815517,3.99124290227055,-0.6369787566443712,4.381184164408175,4.043194586606638,0.7503349416913988,1.6408189871067564,2.207419186294272,0.32095782157283914,3.0338952759252797,3.816273453033456,6.622504120950632,2.5996128255137396,3.59648708189835,1.6580899211750713,3.7207672053798153,5.267660637131927,6.58963910651632,5.927674349332103,3.1778851221977855,2.2208704948187807,3.3619830896120315,2.8149647326096034,4.023735579367584,5.625171082119224,6.276966596252773,7.456327194848064
-4.013903033277208,-4.3045999742526355,-5.09717624252501,-5.532909028542379,-5.920313013548589,-5.202297601394826,-2.937883120384151,0.48309703131618775,5.978902458009284,3.530017653490118,0.500726978800155,4.548828299492785,0.5825088764048726,3.7728265920962625,1.090982901369288,-0.16602705479404128,2.5009341725657457,3.728450971382985,4.622348629837294,6.197291786139458,2.6461934037438857,3.658314898242053,3.5443027622909646,5.2858799110525725,7.913108988332236,7.395285199334702,8.592614772418937,7.618872904176963,6.711153381308366,6.509595112013306,4.975582107275173,5.6487843367990465,6.323715688178539,6.142933658954323
-4.33742100286072,-4.353579782378937,-4.971710481610683,-5.744730792483317,-5.994444496270993,-5.063308698659018,-1.4458679134043533,-0.1887969960112486,3.6395713888411088,0.2505815551935074,3.3406966529663675,-0.9234429698358712,3.583397144270806,2.1345270178694906,3.8649545829057717,2.1545372324476486,2.2358849869530935,5.414674876229685,7.449446935955662,8.847571722522378,6.823289812487156,6.852952402142309,4.5205611935567385,7.78688362221685,6.785981907015161,7.785018239969233,7.679311537495306,7.751521231304881,6.7752525006440605,6.3883520493327675,6.1069495841138535,5.171837824044167,5.206983087692167,4.66468172491987
