script/wind10m.json
{"header": {"parameterCategory": 2, "parameterNumber": 3, "lo1": 6.000027932988019, "la1": 58.9999434238085, "dx": 0.5, "dy": 0.25, "nx": 22, "ny": 24, "refTime": "2024-05-21T23:00:00.000Z"}, "data":
[rows 0 to 23 of 24, columns 0 to 21 of 22]
1.225629190972485,4.935586725706331,1.6456326780022927,-0.7445884650744004,-1.3949224549147463,-0.867586073938309,-1.4135676239005859,-0.9553299691600278,-1.8892604049082622,-1.2373542237775164,-0.5960002432986984,0.5077393897315572,0.3841366633911163,1.0022333097942835,1.326007394226861,2.638480592721797,0.20920529959466244,-0.09944267254064881,0.09757540305351617,0.09863751569209706,-0.2920175451294489,-1.330116701843713
0.5915608160178198,-0.8505678448449095,-0.672334386094684,-1.6501289268307873,-1.5641746143742181,-1.2324206576166412,-1.8675906297156584,-3.3153446990552364,-0.41568694329919814,-0.12888799383238184,0.6224507242548428,0.23526593268293156,0.600967996988566,1.4004678772968222,3.6142588774895574,3.2418768705388796,0.3519678033122011,0.8083515334134219,-0.013043416986105283,-1.2238833822096733,-0.9334571772205391,-1.329101668932284
-0.9014290774888856,-1.2063358023364568,-0.8151911235379035,-1.9151084598774182,-1.6934153942052588,-1.7666034078023012,-6.217985362172059,-1.3268326405961894,0.7626361894779279,0.5236510394607335,0.9987315797360413,0.29364428378399127,-0.2901830988511235,0.9989781202511698,0.12538021427390386,0.32295492762028905,0.40201820566477436,0.34477584199628586,-0.9280154189517977,-0.8274479470821056,-1.3849536178928787,-1.3205337540992652
-1.186172986917245,-3.119825600131744,-1.6755690588645196,-1.9160411366133454,-2.125084786864188,-6.498191194491276,-1.839366636265209,0.14804320506507204,1.2110934232350674,0.6270239394105332,0.1337097916991742,0.18415611583031546,-0.15109853615854274,-0.34604979488003956,-0.3041267977244208,0.4895358649947797,-0.07462896428911862,-1.7599600317382915,-0.5321577760483222,-0.6961973792297037,-0.7347032930260985,-1.3341256413495268
-2.5137587597847277,-2.5069527165286183,-1.7960927385168517,-2.4776251719667974,-5.44565436810637,-1.2845781041590407,-1.269888156659362,0.715378580688325,0.5959019135822862,0.11414354201612177,-0.4553315967090926,-0.9067806187977114,-0.41573389443771047,0.42897116356358445,0.4377844204135719,0.22555977152051904,0.04290581241018938,0.01655170399632624,-0.1665689244834335,-0.6511936502808368,-1.0801609913043653,-1.9653211330812115
-2.71818146480547,-2.854020687523665,-3.528536520981955,-3.218213172066089,-1.0931980965018764,-0.4859083639547257,-0.3003281323571253,0.556003053053424,0.12599722927945173,0.79176763752441,-0.09383934118516847,-0.2981261613135522,-0.11182862479825885,0.45450380735224477,-0.0362877125276155,-0.3652803037255654,-0.411729491543178,-0.2031509260047188,-0.8137486613949447,-0.9685174673331146,-1.716930825246689,-1.8801408135033055
-2.613080411198005,-3.089506557036763,-2.4835839498017482,-2.0110658148155496,-1.607771183223967,-0.7152022462894836,-0.8055127060908934,-1.0195296242267506,0.1335253188498334,2.337404352729604,-0.3120659895211905,-0.2800541907195603,-0.1635710413844344,-0.22501227416278213,-0.5366113424509825,-0.5384641572561248,-1.0774145978743614,-0.9176381603135295,-1.2128028230229568,-1.7032202069131337,-1.4911552571483044,-1.7086056353403862
-1.2465643212620636,-1.9386473495145777,-1.9414211785101065,-1.4242649327232912,-0.6350137111979449,-0.6131725108863495,-1.3388142723849792,0.6856617011289327,0.68430885807449,0.7738555960279554,0.12378631289761126,-0.2351007655657606,-0.6436247759980921,0.035271361754240595,-0.483021999792867,-0.7032494354930117,-0.8826973805100139,-0.8953344763290008,-1.7772299153021491,-1.5579131486655173,-2.3237864016416965,-6.5239421891255285
-1.6682151223467396,-1.9083070747047939,-1.7220505929938714,-1.0772275355561047,-1.2282423768315183,0.32156583208870865,0.023001425476560533,0.9075166295649972,1.4425549238428088,0.8765883733044334,-0.12277863071293682,-0.31026693139667716,-0.7188439149471477,-0.963630446400178,-0.8715248213156316,-0.7317911625205638,-1.290870919931353,-1.2403589679937261,-1.2964706421545875,-1.8445881946009113,-2.618022873754651,-4.415584918571306
-2.3341557234877324,-2.1104740340266064,-1.1135018850718383,-0.9068253972274721,-1.030462461234543,-0.9029969894485061,0.23289610741261585,0.04679617220644953,0.8582174149737373,0.654478422241838,0.3999270702014209,0.759059833444983,0.37693145518082954,0.20163411796102437,-0.8509795459317453,-1.350293192442108,-1.4247121409298122,-1.5167012488549723,-1.5532713240974028,-2.1260646821275286,-2.322543877924622,-4.554849907518747
-1.869795177464356,-2.1962225634720007,-1.3363853536685373,-0.4251840082577239,0.32627343513824253,0.48808759612341396,-0.8064318743536152,-0.40359306348502666,-0.13193432218523188,0.5475098668403438,-0.5073279671937343,-0.629266084194436,-1.4576297865782708,-2.541131803797611,-1.0543119977513007,-0.992321687766758,-1.5280879966912975,-1.8276596821945856,-1.7219379184263788,-1.9302626929109492,-2.481782729266898,-4.185592647038887
-2.213356144368195,-1.9856783859587201,-2.145740134867002,-0.9501427652162171,1.5636758670647568,0.7140623304444532,0.11843264505127093,0.5236438759991832,0.12146510227261594,0.07441672957311399,-1.0103857264817908,-2.0423060835233846,-2.4533414957040915,-1.7119134582568092,-1.704343298299842,-1.8999382228530994,-1.8107741822549586,-1.41306865976428,-1.830729511708067,-2.295351311997798,-3.632557315139824,-6.697700650755199
-3.850354572012414,-3.123351373938524,-2.1011090847696927,-1.3103554860649052,-0.1889987149432311,-0.31444329775714697,0.42544333632611814,0.39264042555840817,-0.062350550472439835,-1.0264528956162648,-1.1446468890903536,-2.1450049752516955,-0.8766760036664097,-0.8430365946846984,-1.1568338524806465,-1.2318223342736891,-1.2513758530881303,-4.675610148087011,-5.04375915859733,-5.488564845254549,-6.402867857502602,-5.065258452436521
-2.4017224549425835,-3.5683911740930805,-2.0293592466465475,-0.6719517110655779,-0.25522204321552144,0.029084753583989587,0.122656972494624,-0.4072014276827309,-0.5780913158939552,-1.2817901695340819,-0.41294364062423655,-0.3345586060276374,-0.5693329819933272,-1.0344942605578809,-1.5371747939380584,-2.8522496395709345,-1.838389926390569,-4.112563008627524,-5.657043464906978,-6.976178320062808,-6.241347781425093,-4.259020850096641
-2.8433267681780623,-3.3949353397426023,-2.374131540343753,-1.1995889253145866,-0.8024639710552219,-0.6216928560862067,-0.5165114395589945,-1.2281421660493215,-0.11103089345623496,-0.12048942371304551,-1.1854984684295817,-0.6223467066498838,-0.996774563818707,-3.584461799167621,-2.1040492819574244,-2.6888726873091398,-3.6800857782982326,-5.9729039322856705,-6.783274173188927,-6.584879469198221,-5.296209209249572,-4.1528234997456375
-2.97108002627573,-2.3592282517483416,-2.349255953993712,-2.069640130099491,-2.0186523800437506,-1.9133731513172771,-1.3440706660734876,-1.2749429948335669,-1.8303547761296215,-0.5088941870674396,-0.8605525678919085,-1.735109890100718,-1.5125708985463753,-3.4375002460998196,-4.1894216868683385,-5.910801502387622,-6.913893570840531,-5.650787542686643,-5.988932792037805,-5.609787120504159,-4.642864556852457,-3.692079284911496
-1.9447228861846562,-2.0390294538019087,-1.7554318886847429,-2.2892913534086556,-2.1361860007407523,-1.8103540026231995,-1.086127164124147,-0.24579891223448036,-1.2571673770153713,-2.3377567569300046,-2.1071274784979845,-2.9370745055245018,-2.985567082917313,-2.2766961363415796,-5.646341194732248,-6.265662351388235,-5.999803444282844,-3.972333782074219,-4.650506836672277,-4.817658894771147,-3.51117005373686,-3.346487684445203
-2.45230207285219,-2.696303300936267,-2.616953457894036,-2.536679989859003,-2.5074178222225156,-1.8270333233549656,-1.1104786003661458,-1.3955032194719208,-3.2550657823918505,-4.07298161154771,-3.4054860137137934,-2.4434719924253865,-4.026198676760065,-4.904644966178198,-5.10604789742053,-5.1891988601430645,-4.677021659370127,-4.582644859650229,-4.336211400963987,-3.6914492898139883,-4.087222752838808,-3.7527228898802063
-3.079068150886094,-2.9248185188260103,-2.9032737755522087,-3.1142364120979202,-3.5340203655327946,-3.426118384114134,-2.787094296636181,-2.651336684915017,-1.688982194335817,-3.0063590647588487,-2.3308114805790248,-5.412653565823167,-5.1130525796972055,-4.937545264740021,-4.241029120296288,-2.0880115557206227,-5.141201707195111,-5.185437704817706,-4.510419515884991,-3.7123397510761893,-3.2925417460327626,-1.299755447171158
-2.752656715134525,-2.7780923111192837,-3.010315980104597,-3.3505298781102884,-4.235278970142234,-4.23170797674165,-2.099305039707289,-2.2143971390716413,-1.956181332443081,-2.5759864501657974,-3.6374089248766364,-3.9148061535419205,-3.9426380865371926,-2.1476692080248694,-1.4446974059461712,-4.801529922993051,-5.587805152826165,-6.308141582476864,-4.4791803530014285,-4.33442608420491,-2.1408848157014995,-0.6441375906755009
-3.1655551238954858,-2.765132111471344,-2.9793960695488417,-1.7576018130694575,-2.8320116743567456,-3.4377564071948177,-2.572096473832381,-2.4501258327265876,-1.2768342435337787,-1.9021640889813065,-2.78703007060288,-0.9931070701419072,-2.075872333376959,-2.243794562786584,-1.7540392857402523,-1.9714643788632684,-2.301507086965489,-3.200349825979139,-1.2277330938790634,-1.7117415361123818,-0.6339832819650368,-0.34600354453099763
-3.8572541001350076,-3.235177363694232,-2.3609467511070745,-2.796607148126,-2.7038946621680435,-1.619772281079015,-2.0381581772702475,-0.7850329689978339,-0.2983374020954889,-1.5832625213868363,-1.0447498256365542,-1.5838587787517744,-1.5503197090478102,-2.073363849727223,-2.28158791833698,-2.1956393259753337,-1.2752988407632966,-2.395600421789921,-0.9614800970551544,0.002441401822300647,-0.14274723749908294,0.04330236754883469
-5.05719616633989,-3.8717446597465455,-1.1922169790584187,-0.8657291905260022,-2.192971332878971,-1.1087079213365052,-1.5751963716192867,-1.375508713340217,-1.6873519634487824,-0.9949333352359521,-0.8055461216974749,-1.6626435778781314,-1.8095502433350832,-1.210796077515365,-1.4597406844762377,-1.7390413794816002,-0.9383162650548292,-0.8108381904368009,-1.6961118232759573,0.012828866521834886,-0.506573769422495,-0.7471925012327301
-0.48202397199315533,-0.6707861999960765,-1.0445406215705035,-0.6180011080716961,-1.2376099029183918,-1.6417449176585768,-0.33674853976882596,-1.1982356837486015,-0.896529888531504,-0.7740682288150867,-0.6590999044276555,-1.2055530101175178,-1.299304775910992,-0.9058137584663368,-0.09842289983302366,-1.4679036205983809,-1.618609361338358,-0.5314397752687812,-1.0154584205438988,-0.9846265989054356,-1.0130127530831425,-1.3894430839061722
