script/wind10m.json
{"header": {"parameterCategory": 2, "parameterNumber": 3, "lo1": 6.000027932988019, "la1": 58.9999434238085, "dx": 0.5, "dy": 0.25, "nx": 22, "ny": 24, "refTime": "2024-07-22T08:00:00.000Z"}, "data":
[rows 0 to 23 of 24, columns 0 to 21 of 22]
-0.8151407284103892,-3.0554497363583613,-3.0135137607662212,-0.8331401168234551,-0.31136714545382377,1.4736531756724442,0.2912739422908171,1.2432538819010144,3.9092720774572327,5.32133624436538,0.022029559887145445,0.9183769512758614,0.8499253740508833,1.3430104294074086,2.7300010239241486,2.9629607769388384,0.9668152652208898,1.0743189623219471,1.1799547516102482,1.3204910193785564,1.3058146913009456,1.396695606592826
-3.153870902137421,-2.541051008752452,-2.216665869114611,-1.0090920159096892,-0.1539177464552051,0.288926529604984,-0.3179247159259312,5.453227944622339,7.892327295301204,8.852759442508031,5.584079891285441,1.226629261875183,0.9743267579371828,2.173795565934177,2.2950933318872324,2.478880388139669,1.5000000952773929,1.415712988853732,1.0690043350172829,1.1887727746931123,1.11951926976,1.095601689278823
-2.063173757448755,-1.7156923032544749,-0.8863406330704827,-0.4475384806505647,-0.22119074149419285,-0.007886976387998262,2.250250320319557,4.233401908367893,9.454701072673245,7.55812995885437,5.707662031724204,1.0604121005148717,0.45907914109948156,2.6395371482569367,0.9283219636971778,0.9883033554734822,1.0089883897867002,1.7088224846478974,1.6211779286082548,1.0648528621597817,1.1895312242464398,1.3468064077833601
-6.300329680290471,-1.450419658039491,-1.437958223227526,-0.6597158566996428,-0.2905385577673521,2.4128409479216137,2.1174832098243246,4.457592818266329,7.746385006865947,7.349223099187927,6.432599315274968,1.0530770485552794,0.6611914531750424,0.7813781168305565,1.9796936657104298,1.5951571356419785,1.2320524416217498,0.9329933916543496,1.3677395505305128,1.5102168099113817,1.0255013631258416,0.7494823625541758
-6.132938571635042,-6.033982077806504,-2.0941203973561957,0.4131360043631056,1.3921672943918248,0.8920939949282284,2.171785125911101,4.47411297951365,5.944693785269402,7.682109287386801,5.417613746215248,2.2548499092734064,0.6539314626089607,0.9039194486587313,0.5172332585369316,1.653052548113245,1.3064934966472312,1.3086748247869924,0.961653610130061,1.0037032392284693,0.810590679236958,0.017159423062437843
-5.794868516740615,-6.400100254823565,-6.043547503635063,-4.180846738179612,-2.1770698836257325,-0.6716678390949902,1.529970937612569,2.626502842589776,3.1707385266153927,3.7313689460266013,4.847706016409706,4.585492686976997,1.4482511383291796,0.9487175640905104,1.8066116253598443,1.8377238115771648,1.5044909287623514,1.0195344626828426,0.7081803306800463,0.9238038580196345,0.7397434707503273,0.2232476888527661
-4.822532094009581,-5.497255490043251,-5.537593992232901,-4.740667384577649,-3.290804654984301,-1.4386711113902113,0.2014115492973273,0.8354754950261227,0.2610369016445138,3.7902284827115427,3.5070254221358526,3.493749569818811,0.723349673339926,1.0053092524878602,1.854222772591806,1.6773489893757043,1.4111953524009897,0.8731618971487796,0.9315098830668093,0.7061776782372274,0.5684193787734176,0.39828385099052976
-3.7017567338095985,-4.242439932669074,-4.2854825408205075,-4.83746368054224,-3.64709602262212,-2.2253016163042,-1.2429707573803723,-1.2664181373175487,-1.1212159200088616,1.5873175624118376,0.787109318857335,2.5553421531924334,0.608876967989448,1.7746092760041812,1.91968752007828,1.878840714555439,1.2421655784090355,0.8423167858370878,0.6318020218767219,0.7959479080876615,0.5003385890243239,0.5730106944901642
-3.105212855240878,-3.7279865388550246,-4.524100558086648,-4.37984848728413,-3.7667801404266563,-0.9468857042897644,-1.9379601383507106,-0.8383017262950876,-0.8451898796870521,2.0657577588425453,3.983572857210409,4.045090308606652,3.5141847102460986,1.5661762071732046,1.8664377081386199,1.8323573485247264,1.8638862413352792,1.077975688226437,0.49666455314003927,0.4619114259371002,0.4847171659626512,-0.2506903898236763
-2.8984186181619433,-3.679853984816562,-4.4680272901863916,-4.33788883246659,-3.9675821164311533,-2.3623498007625234,-1.5072659779955884,-0.9855692921328078,-1.731103202415848,0.6493880105983136,3.8060494869952075,4.1600213308182,5.1592406584209956,4.448998815295662,1.9397042898133219,2.034502214647608,1.1842910573566212,1.249869509318637,0.778614544722355,0.5149702470509532,0.3149889997595472,-0.21049738702719484
-2.895062700800122,-3.527320499550046,-4.114275719234918,-4.20548796017671,-4.092770626835445,-2.38404480503676,-1.439557768293306,-1.896749773603908,-1.2142641962032283,-1.2791967368571986,-0.10747454526287768,4.711908897467318,4.400040414006416,1.803994585685234,2.728422063046873,1.645880179402312,1.2396470276927094,1.1039736951292192,0.6121424996444622,0.21143036179490093,0.16897103059968618,0.40227007421729744
-2.754673486727572,-3.2717606056600896,-3.701868596112997,-4.037657842539047,-4.290436978958225,-2.1213689473723227,-1.7646365105444703,-2.0482739604371187,-0.9729182696462276,-4.1987249478188255,0.4705525707001382,5.607041279009177,4.1352153167773436,2.78406224025651,1.2385476597205987,1.6040713929634558,1.7934079593518113,0.8893555066577268,0.16618882952844244,-0.19763742942381152,-0.6084156497797987,-0.5204758672402835
-2.9144967197386102,-3.30729881703402,-3.9913871235421237,-4.234825209271393,-4.797411395291202,-2.591971086966124,-1.9256495110345038,-1.8401480256548126,-2.5826469138297696,-4.667652974194255,-1.7688109107414722,5.260606646743554,3.2205027282061565,2.2802363514409896,1.731385959474604,0.5004316225586939,1.360523128472394,-0.5189732419667713,-0.8922188466529103,-1.7419227199930036,-0.7940023172461569,-0.2577028866476202
-2.8145524823225,-3.207676666614667,-3.788466110396163,-4.45796758838183,-5.1199470668150004,-2.5295523755152045,-2.467558943309017,-2.1179016775500434,-2.967915734217596,-3.4240555263940267,-2.8975035136943195,2.7386595528588766,3.69269159902524,1.225126565363842,1.017156413607308,0.852930677634933,-0.08887655162242644,0.4800016731031844,0.45548015368766553,0.02425526730802594,0.08519483146781906,0.4365040676382736
-2.799267416726027,-2.978105722858072,-3.568206096024888,-4.272297561752875,-5.034012209117564,-2.818128797070498,-1.953069757885817,-2.1620887680003307,-1.376336109884855,-3.789316995507761,-3.377053270627865,0.7902029593120237,1.5050405514533296,0.5390067189529948,1.1844401806293439,0.7712944386594355,1.0898667415433771,1.8029865137131809,2.3906254955934423,1.1388109935344972,0.6589027372432126,0.26919744554904806
-2.5976057164976925,-2.6083850432796742,-3.2289469888382545,-4.312005895824408,-5.087083209866817,-5.15405681009451,-2.197017158868894,-2.2948065214220943,-3.22257155203968,-1.749957470740482,-3.336494182401559,-0.4850942397689237,0.3090251494608433,2.4322661517262825,-0.4422895401407036,-2.2779023379824133,-1.5838041541740164,-0.22952203966732768,2.2805456695040736,2.410646680687269,1.5912519602184585,1.5424988800363546
-1.9867867385789395,-2.9461730888592843,-2.8430059924310425,-3.979978861832024,-5.080481101028917,-5.515874510262179,-2.1001594491458446,-2.490288237104513,-3.3174816734075656,-3.240018213554679,-2.0718746471097402,-1.6262879302713344,-0.30804194672774154,0.20888646176894646,2.0004286647249456,2.7669182828302867,3.2322759560278067,2.591717714773683,0.6885624837504988,2.0692340212055975,2.5188867037522176,2.215724758979116
-2.052630903391972,-2.863653704213186,-2.900585771502723,-3.7318023022026394,-4.586527572623757,-4.40169276406884,-1.6889848387177921,-2.300881975706729,-3.471979560656949,-3.9577912084120683,-4.636000339748908,-0.4174800648824684,-0.23914150721871377,-0.0318595772116359,-0.4028429709241164,2.326883748058986,1.807911239165671,1.3353001963944306,3.6171603329210993,3.205059387400976,2.1340345619701004,1.1786268465520717
-1.8120368514949543,-2.362594086300163,-2.793501474262938,-3.4264440459605217,-4.2616050336898645,-4.955570392921554,-2.899991746031475,-1.968275141087268,-2.352425026483413,-3.848118434073011,-4.631709623257853,-0.9001214297003075,-1.007291199743278,0.8008945868376597,0.5906427120883019,-0.6309174042783545,2.5222581155597608,4.854551181421196,2.864986393608263,3.6859313977981008,1.0197237902915504,1.0341744158303714
-1.7977181991643365,-2.170082464230163,-2.6554204386914493,-3.088464892112617,-3.9099702090590736,-4.599366323843505,-2.7447596502041898,-2.008965716899852,-1.5269078397945188,-1.2966924369772663,-2.2233988085012864,-1.3453410286789427,1.5872627558410963,0.15543919308208182,0.0775323076739629,-0.3637822462043287,1.3323284685990422,1.6774429426395,3.427612377703073,2.8169514519116867,-1.0546517066677348,0.8869985780505716
-1.6068964093634963,-2.2042128797982024,-2.590426953786682,-2.9590599114615332,-3.9363264856706204,-4.602147366942397,-2.5790056011537175,-1.3251409199455326,-0.9890330072218744,-1.157806375496599,-0.8126562432911657,-0.04619282979690108,0.5783386857667593,0.29432499495591274,1.3624531154040793,0.7590930502769101,1.2692788429499964,2.005457602830148,1.6324621556957475,2.851064606681361,1.788310518856958,1.2821631085603216
-1.8674250629836704,-1.9603769683379615,-2.2025989698566533,-2.5552750778945668,-3.181188732559583,-3.8542174053338174,-1.513213683339502,-1.0342927032753555,-0.7276302974445702,-0.17278561139574916,0.14780484615823955,-0.1400615942954222,0.7242866748313513,0.45445501894469476,1.7959072081089469,1.360314086569423,1.2878680498369381,1.2114938576792946,0.936710899448288,1.1804036183649558,2.186904929701156,1.9196951956004393
-0.8004696599464624,-1.4070491729498102,-1.906775223455308,-0.9028123328815776,-1.4886982912500644,-1.1002486880647004,-0.039667625232668306,-0.8085636448712596,-0.6488853409668981,-0.6441448767818387,-0.127997352219887,0.32506316648220024,1.058226106441597,0.23976651169766205,0.6255272046139452,1.0777584445877195,0.5490656232838446,0.6369637638815385,1.7893139038563626,1.143251160635626,1.670341698990178,0.9961071755599922
-0.40193510711668223,-0.750413380916207,-0.07533424449992641,-0.45594902210750476,-0.15865046730163476,0.6478826940925949,0.1380684670341976,-0.046945182531902524,0.14707004862810327,0.26804813411008405,-0.052850366359936084,0.2953376279733523,0.05863810660878548,0.22556038631863617,0.3881868161497403,0.7194519936022642,1.4486641541436296,1.3605293081605927,1.622746203553586,1.419210281611116,1.4906986602320536,3.041702849254454
