script/wind10m.json
{"header": {"parameterCategory": 2, "parameterNumber": 2, "lo1": 3.000054539987559, "la1": 64.9999836372058, "dx": 0.5, "dy": 0.25, "nx": 34, "ny": 52, "refTime": "2025-01-27T18:00:00.000Z"}, "data":
[rows 0 to 23 of 52, columns 0 to 33 of 34]
-0.38810781674372097,-0.8534063854561119,-1.8676810403691064,0.5270337589444605,0.23356432597254473,-1.873545795430503,-2.182749252566636,-2.4157967519921946,-2.6330529917326957,-2.4538852511581664,-3.786207318705392,-3.8265519317351555,-3.367871576993348,-1.9164708205186083,-1.169263862984732,-3.9125562984099442,-2.322209164785876,-4.902684941404881,-3.1033701038251515,-7.982273549635027,-3.896184798725591,0.08044417871737863,-4.814421390179713,-5.679702102593542,-2.597946032116771,-1.3964462342390913,-1.013263814697538,-1.7819592932793904,-1.1316532338642857,-1.8829068728940435,-1.5940427730699056,-1.3347741382158869,-1.4731198488478765,-1.5315221562357864
-1.7396127692547927,-0.6052517080460975,-1.6692852423186075,0.3400535411815114,-0.4451825330718189,-2.440704271857099,-2.573131577287965,-3.324918904587759,-4.368196007619636,-4.659910189205259,-4.427608397400407,-2.9702647014380426,-2.2664847336710774,-2.3891449920289642,-2.73178965571192,-4.60772774209065,-6.058026470698901,-3.587146636161449,-5.726690229406301,-4.5692052465503945,-6.220556099147162,-4.378547842689969,-0.9951481699982573,-5.160567556218309,0.4565114695619508,-1.4185848553061475,0.522920545983738,-2.9005775164135112,-1.8732763015781015,-0.8935031199650728,-1.3157040713743984,-1.212198157996294,-1.5310448953237181,-1.412474045349993
-2.0447428349323498,-1.4438653679349953,-1.7539208105210888,-0.49842858391971095,-1.3869684596567629,-2.9986830420821304,-3.2660083529108483,-4.78849058382243,-5.792832680956607,-5.364154028988555,-5.086930274414434,-4.049616522916578,-3.7593638772426865,-4.104614481411468,-4.1500757522494975,-5.701695089950519,-3.7768637385111137,-3.091338801115446,-2.9294755265818817,-3.329278373473151,-5.555296386302018,-2.107035486659947,-5.288712987510444,-2.577022997620034,-2.221528319624633,0.2683072953679514,-2.3822957953940445,-1.2367241641328968,-2.010745030100887,-1.7019921316716147,-0.5753186307559285,-0.5478413324592617,-1.462032291963037,-1.2532081685052514
0.3312798371968009,-2.2716016523253555,-1.3829420689505763,-2.5317972367883472,-3.47821802129987,-4.260063231250753,-5.350525158050035,-6.100148316987891,-6.004341143688265,-6.309477435152827,-6.125864095122075,-6.619943240342037,-5.8065693121367,-5.172641254596803,-4.797247177935563,-5.154481207654604,-2.707331452945876,-3.2732649724329796,-7.278718821722375,-2.845464000116761,-9.752900085179078,-5.2300097239868215,-5.986827019029282,-1.215267552377256,-1.3376965397481686,-2.2334344591773685,-1.154691459160104,-2.226886973025072,-2.764416476022383,-1.982078108586054,-0.9081047757127491,-1.271253924716358,-1.1402502791563855,-1.7807057804053785
-0.9398131856671703,-1.3862278978477323,-3.0832861837112193,-4.235345147156802,-5.0132453911206385,-5.397431298942509,-4.774288056521257,-5.7356803636797835,-6.888065609632575,-6.354677131699794,-6.557466678181114,-6.544407640162681,-6.05540000284717,-6.391037043617866,-4.293329087702122,-6.109627097336572,-2.731194646837646,-3.2028506363972764,-2.932971700416022,-5.404802367724805,-8.477883473239675,-5.030926352864627,-1.267758430905891,-3.1361516622097767,-0.9665388169103845,-2.828568445697404,-2.1454123572146275,-2.2780549516403816,-2.5549347929264608,-2.1870411192873003,-1.5302255355037353,-1.6523401517670213,-0.39573014824771935,-1.4152994474362468
-3.022585525331106,-3.5805535869175498,-4.586529392420292,-5.419100324607421,-7.136156487116859,-6.57404259520975,-6.9991853541451805,-8.023953678031166,-7.140546193653957,-6.362397751845886,-6.21413575056121,-5.122733916841187,-6.7628864425794255,-8.125315274171655,-3.214780408597167,-1.8331579758349341,-3.01071439990977,-3.147468502524158,-8.252977626618385,-10.097047131513966,-2.957135707765036,-4.3127031346823745,-0.6827941994508899,-1.7692798743255946,-2.0123803675360605,-1.8952941014137048,-1.8284726271554257,-2.270645128446073,-2.4094917607171507,-2.4680614135346315,-1.9518458979138313,-1.1711753987730413,-0.7929926223269813,-1.2454480548313436
-4.026150966394986,-4.036685546202926,-5.15267531721262,-6.489534120778509,-7.5326283920668,-6.386347779049925,-5.885528202572712,-6.685495813766721,-5.790016849121158,-5.603191125183498,-3.70600703455514,-2.4963540148261893,-4.291682724638277,-5.461636246271821,-5.820988419207041,-5.583015563535871,-1.5256329139905913,-4.215399312718626,-7.543514556123978,-4.089073820361986,-2.850266529514133,-1.2853202878578807,-3.228179329097255,-2.6903494330509163,-2.1917434540562413,-1.8187037610914436,-1.708133614473397,-0.8037267651529274,-2.149781393267393,-2.1793534400147534,-2.257985595540002,-1.914517330167072,-1.225761441593097,-3.329141254467007
-3.1603985281574842,-5.135420591898767,-4.7648238409054775,-6.661136499451322,-7.024454522851805,-5.683231517590883,-6.912986352986279,-5.429213578933336,-5.3626301517492765,-5.708875285193569,-6.101415022573714,-0.9882539358612636,0.6983188867176717,-3.1383067027075313,-2.1491146040958187,-2.3761943053811696,-0.8227427465549164,-0.9961521889383979,-3.7192312438339807,-3.4932305546728926,-4.0054193058737475,-1.945015553978331,-2.9350051627381437,-2.8980056523451334,-1.6824539061407104,-2.320067869406697,-2.357614377668565,-1.828820080343532,-1.2371551238273368,-1.1912077299571926,-2.32422259944942,-1.613189796000966,-1.3480265444845587,-2.448731290163273
-3.344604517995796,-2.592699228938083,-4.046929727901341,-6.375212975233665,-6.257657810909971,-5.758465066525006,-5.864941079768422,-4.931852915441473,-4.112450617240505,-1.776811427376117,-3.704208292923318,-1.7933745144413602,-2.4657037733898246,-5.969023256376902,-3.232748974059494,-3.419717977372061,-4.245347475614824,-4.164251252884232,-5.873599597577712,-4.987888372380268,-4.976301839264772,-1.835988237302507,0.38743180800242366,-1.862910719553695,-2.196780299795704,-2.430966173277154,-1.3191832767939893,-1.607468489367526,-1.3188809062539486,-2.1225687367787955,-1.7572659714355592,-2.1733562226370546,-2.7041103645387077,-0.9504705950779478
-3.4311539441773866,-4.367060863689874,-4.891308457761393,-5.505187031624811,-5.736434817765318,-6.06624631068648,-5.491398087636851,-3.183976318666152,-3.1388044446584287,-0.2998941557169647,-2.818485606231584,1.6490344648232107,-3.895351211609945,0.8501647206953064,-1.843012692791393,-3.035741400487352,-2.3077167032774852,-6.168022446036251,-6.679912592827379,-3.9234712124841584,-1.386760366315446,-1.5156797619077953,-2.0560866828124476,-0.8449871585868644,-1.2940152633900086,-2.72575782454793,-2.3177458998480813,-2.468882343666919,-2.770207413170367,-1.8657269616217818,-1.6309943784876308,-2.3050117681360427,-3.365243446414152,-1.9789225449085206
-4.543772625350195,-5.517603762246763,-5.595293515184677,-5.763985248941904,-4.597514385961456,-3.7462065318493547,-2.5495258037982835,-1.4016593919803246,-2.147447564082616,2.044846010270224,-0.6661962802577822,-3.567668183644328,-1.3909185456238864,4.666100771649072,-0.9173736281706848,-4.579512814977433,-0.49084647840345347,-2.164637015478556,-8.134833752094487,-1.9660797403150765,-1.5525259645256264,-1.7940521035847403,-1.698186266230374,-1.6289778207642824,-2.9268410616804443,-1.8992521829703775,-1.8179286650423176,-3.4091223647852336,-2.264648823647979,-2.6190917832556493,-1.797098681823905,-2.536349290227031,-2.9744267194999643,-2.942639386682675
-5.083024317176382,-6.075416720646791,-6.804908022013392,-6.290337905231759,-4.1134560034008265,0.6185025545818218,-1.4668478313234528,-4.424989386979708,0.7118402212208121,-9.250885987789763,-3.8013322754608336,-5.198976153672357,-6.454104271171334,-1.352900182749237,-1.6423425735856205,-1.4117573985676852,-3.0417711789345585,-4.355102001567865,-6.5201959097981135,-3.734966040610556,-2.4499174266671973,-2.499270129853404,-0.10406564824259958,-1.4139413744014908,-0.07293464126542172,-1.7484845753953715,-0.994005559128862,-1.8011553854200968,-1.3079504938207822,-1.4826023011493616,-2.4914783114541925,-1.441653604361018,-1.7053569217572238,-2.52611345111934
-5.613087307535497,-5.401839523899855,-4.558415417956321,-3.9109544853702136,-3.0281720038464885,-0.9224827037725966,2.268623355275972,-1.6832319419784798,-5.244408260243232,-6.239153669015286,-6.030718061735865,-8.57535695411003,-2.355330448549171,-2.4406398782673913,-1.4797495370014755,-2.3116715154953407,-3.0650695552287606,-2.3853709389023474,-4.480868993208844,-1.8684760012591661,-1.3518788709691902,-1.8154053968074273,-1.9618168798425488,-1.744375723802209,-1.4871113853558617,-2.569320129673024,-2.0737457989338566,-2.1917251329982683,-0.9470969374604132,-0.9224115928154388,-1.5445527034947217,-2.2742317189614725,-0.36114919160783737,-2.5743335876794577
-7.2579771666115995,-6.995482772938379,-6.321785876407701,-5.346211047751481,-2.657880287222443,-5.08277379385654,-4.381060675153764,1.6068747026682255,-10.775802791617691,-2.540054629937484,-6.721413890611828,-6.9350705367000165,-1.6769919163288909,-1.4501351392043142,-1.9961152764934735,-1.517539950635453,-2.8119777848748027,-3.0893761666016326,-3.0179064807125995,-2.4056265678523525,-1.9427035421544037,-3.1720251196338154,-1.7221242819824234,-1.7234527634702363,-1.4974012438989281,-0.9732742399472138,-1.4952095480718814,-0.2029440315096757,-1.5538044132968665,-1.6964470158667537,-3.1521149874729555,-2.421109041756496,-0.43658231250091223,-2.819288163046004
-7.298528425710614,-7.546761411515453,-7.811174571785569,-8.329659195296449,-4.807952059567659,-4.612320887130856,-0.42385858439678253,-7.929544724230433,-4.214928367907627,-4.186828706227945,-0.21930244386324246,-7.44224241946963,-2.6605418977572364,-2.0819765317522325,-1.6591114887300837,-3.917813473095706,0.14429545324610102,-2.3888494814288186,-1.8784083458731617,-1.336338974177885,-0.7811835032898048,-2.259848208857287,-2.4475254961059902,-2.051146212019755,-1.5105795033722782,-2.4003525199114217,-1.3884126758001918,-1.25455269384553,-0.9053082166084718,-4.736896627852234,-5.324649754511057,-4.913306239259247,-3.5495720114414993,-3.7748464614178454
-6.315836716061888,-7.71497410573982,-8.141895572704719,-7.575810956103286,-2.9332846072168475,-4.176885212750555,-6.81193103642915,0.4458747582869433,-0.4782705971426668,-6.895901898202426,-7.786908190775186,-7.3656501120004885,-3.4526761737588347,-3.728854030444421,-2.012198470152833,-4.151741039001976,-3.3729997175716595,-2.861659965136909,-3.019025540186023,-1.479103883165977,-2.203148740012702,-2.9149225440298716,-0.5582536200562127,-1.4515264064939581,-0.6931564190312638,-1.8273305716784747,-1.6453086736090776,-2.3544550816066727,-1.21483070940327,-6.271911209578937,-6.704734651682734,-6.825331661277967,-5.6556628083425515,-4.925553529491464
-6.556649625836613,-7.730963288322673,-6.889263726401668,-4.78861694734133,-1.6241830368617236,-7.0081460223922045,-7.3433545176268815,-3.248541225037441,0.6944277814794624,-5.958091867312078,-8.353051528266151,-4.629214726959258,-1.855105708103034,-1.208530086146349,-0.9360630959641445,-0.390607946567531,-2.558697981059602,-0.6840854300950323,-3.003520819136525,-1.6461061036986933,-2.7693353060207104,-3.6108445175540353,-2.9005204921941234,-1.4597007544234741,-2.6147293020641618,-2.347723085016833,-2.101403041383675,-1.9705646043112643,-1.2891621235102397,-6.628883238490129,-7.62367968383601,-7.997532372574344,-6.8863830802478665,-5.947397580748846
-8.92596897358669,-8.363065892505261,-6.600409369217518,-7.450003802396065,-2.401099740066844,-1.655171410068637,-5.640251293832092,0.39119290360331205,-8.578537638639004,-7.065160626598088,-4.2338065969639604,-3.9494635094878143,-1.0020249550059621,-2.6521219725780645,-2.030336482274028,-2.701151364963898,-4.219098963547347,-1.5452114248750515,-2.8191710870705298,-3.0959622172244696,-3.6359536830337045,-2.125056196937116,-2.5893075484657864,-2.479132869931699,-2.839357339422764,-2.518077390225227,-2.8252389549794588,-1.6142371481309856,-1.7107633411495806,-6.698485133358694,-8.196422765270412,-9.056230601975097,-7.766213724063292,-8.032231349454776
-10.981623235988122,-9.131362076048873,-8.235481691579414,-8.612653239942828,-4.104741291159656,-2.715140538398403,-4.653578201917939,-5.232453610212874,-12.091950274715765,-4.8360194989578815,-4.452927939152896,-3.14308648874644,-3.3306811729109485,-2.1471298218697212,-0.23667833157695264,-1.799514237240398,-1.5156838471158307,-1.991739936787195,0.7256876820005199,-2.3586758435407553,-1.7248963550112943,-3.6338743485396092,-2.979932371188356,-3.443429202956652,-2.8542385085311137,-2.538007535800052,-3.0171988452894873,-1.5925135073804293,-1.9327011704498305,-2.176031104525593,-3.2435790243184712,-7.034782721077724,-7.257608892308002,-5.892074909778814
-11.86502252336691,-12.031963203831745,-10.286365583570134,-8.458261615443524,-3.136290795409315,-3.5031520470182564,1.2159920620357225,-3.7140301789721177,-9.422793025596706,-6.958211004544248,-6.462856139505042,-4.547896738358812,-0.9373970113405473,-2.9642673906267536,-1.6613310485065782,-3.7909179336457433,-1.429020371413617,-2.3625590139158708,-0.36131888318188315,-2.3459931070817865,-1.3968579823490728,-2.7038899287532336,-3.493167208289387,-2.7063316852557273,-3.178137667413427,-2.6224963691593066,-2.576617314353077,-2.4571287739617262,-2.3074046484697814,-2.1464265392399953,-2.119456826120172,-1.9720289938962736,-6.941186917178146,-3.2261533077252227
-13.81676674573615,-13.52738965401901,-12.29148831032204,-10.908627789894233,-7.393893876587543,-4.466363651764497,-6.785528025729834,-0.8259203802796983,-11.900249468488603,-3.672720837387436,-5.213054428393719,-3.870135920261198,-2.397806266990734,-0.176019906559949,-0.7360742607545907,-1.7567446045287354,-1.6235761591928364,-1.702189857341155,-1.8478220502874148,-2.6025407988432243,-1.8481515876059518,-1.4969778643427274,-3.1250570623076603,-2.9467127244903306,-2.814291503964654,-3.2621900998454287,-3.132652254046221,-2.7090160109128543,-2.3697091350351327,-3.1719898545604757,-2.911813090171843,-2.4981791401164912,-5.9042105853986415,-6.787673708267366
-16.297214072845552,-15.51707199733081,-14.814525022059488,-13.612073066401503,-10.734012401249226,-8.308160015034568,-8.516544696300091,-8.63035174794426,-6.216951196692578,-2.112919979475171,-1.1301732886589841,-4.22741931999943,1.3194237457577134,-1.2927693244585123,-2.487257370477481,-0.0204760004886085,-2.468614207111163,-2.1440863134061274,-1.7956780953251759,-2.0906151069119883,-2.3526054109120373,-2.751883615663488,-2.7468021900898836,-2.781155338176126,-2.930514172839138,-3.014694462551607,-3.1694518041965956,-3.7117696463577037,-3.8643170491743817,-4.040724264331969,-3.3233858706085955,-3.8195421382412427,-2.727489308357041,-6.538332231829915
-17.729476989585123,-15.319194333443098,-15.807925479148343,-14.914807464588275,-12.329423144325533,-3.9130533992402747,-7.425112066653057,-6.014772923427534,-7.344605274723022,-12.306190578266632,-1.0023007698028408,-3.439836002131229,-0.7247005511435788,-1.8214803902417553,-1.659978389787525,-3.4539769386605395,-2.5532723851253047,-2.4934237023939763,-1.9271468644828678,-2.939917030677419,-2.868834870094668,-2.806619708427656,-3.0281234257563163,-2.9082913376920896,-3.230647503846912,-3.5252845506417883,-3.9997157333150803,-5.062372504048005,-3.145414139740558,-4.316321708285297,-4.137167532392125,-4.2848813674953865,-7.006180916005686,-7.491163086690295
-10.69735665281678,-7.416483673863927,-6.819196298332675,-13.77333008067355,-13.303857813822852,-7.831054467830788,-3.967656088077049,-15.011298164719559,-10.723780919445929,-5.643179853169628,0.3583357977231792,1.1017571665176273,-0.4209561312922523,-1.400303728440443,-1.8864350443350228,-4.260697097914506,-1.8850920867730196,-2.9817502178539046,-2.2378727436268155,-2.6467691341062642,-2.671456669153289,-5.228325316352299,-4.251732774937239,-2.261613684868014,-2.374397866245466,-2.870682841436133,-5.173706159460071,-2.7805887961074727,-2.9870377679470264,-3.297136178936582,-3.8483280449593638,-3.1379651316177775,-7.199290062787052,-6.12671699998527
