script/wind150m.json
{"header": {"parameterCategory": 2, "parameterNumber": 3, "lo1": 3.000054539987559, "la1": 64.9999836372058, "dx": 0.5, "dy": 0.25, "nx": 34, "ny": 52, "refTime": "2026-01-05T17:00:00.000Z"}, "data":
[rows 0 to 24 of 52, columns 0 to 33 of 34]
1.7593653028259508,0.3718275181742042,-0.6996913540348424,2.3527452563805102,3.2217472715958357,2.5372807482622073,2.5434462690205475,2.3155263750428334,2.025526341096094,1.9469911901316475,2.2052814306340216,2.689462278770292,3.482495772627853,3.1242523115006504,3.6609820942407905,4.570454045735913,9.225440161837776,5.6102846003970654,5.405059478687635,7.200065658907738,0.9218767840987854,0.7471901854949125,-1.7502156833656861,0.06624480750525633,-3.739255243201747,0.293440642007672,-1.2616117981517454,-3.8287715688032393,-3.9546651025871777,-3.9684915780053913,-4.947835499637999,-4.042613378477001,-1.9400374518514556,-1.384966485245708
3.003902327360215,2.783207341686509,1.7973884589300886,2.6125204998829483,2.1942607859000907,1.7651369237909778,1.6189009119407574,1.6500310894497117,1.6944539535960197,1.7919748306248955,2.053943713199598,3.283683528159749,3.1612819465516466,3.3654308376754933,3.5142956672881294,4.450595347817718,6.6025501752474565,6.063303651098913,3.664830279879393,2.74830614412079,1.319617721869958,-0.4793173553925182,-0.23016593163043084,-3.199163112695466,-1.787271777441509,-3.6714917610221107,-0.5354683400597648,-1.7728190884382444,-2.3548383636623336,-6.303691167052856,-5.531711882702969,-5.089467337187931,-3.2499157499315254,-0.9055764069280294
-2.3541077058422184,1.1532616850967012,1.959703695813403,2.040398198331884,1.386881917372531,1.1614916902094206,1.1064945914239592,1.7784503875142743,1.5077100343383159,3.554229803372741,2.3396850625938743,3.4889151162667797,2.9896821751270775,2.988255671805948,2.825688826354674,4.250595815371662,3.7790634065733895,6.77195513581822,0.4507820451111164,2.7076768821578345,1.7326198001718947,0.3320801083892972,-0.2946240460589068,-5.138384370411318,-3.8192989910421193,-1.0649354842791987,-1.8456851844925524,-2.6986464498893246,-2.0746945529248015,-3.010480770205136,-5.754507567466183,-5.144671252219335,-4.953489258957085,-3.67541284006599
-0.8890278365057223,-0.5106189039248521,0.9087030039623806,1.601501370023846,0.99645225056665,0.475610248606377,1.498332587045,1.5700594363806424,1.1976996877776198,3.7215616943174337,2.6285811092485076,2.572955429752088,2.673131926401123,3.6532369789810697,2.9474500882835906,3.9155098285934766,4.168802966082179,8.482609082618923,6.780034561887941,0.5242230312601991,1.3220448516390773,0.7332829971488125,-2.8844626168873795,-0.6649633096323724,-1.1279095721274721,-1.0489708037600827,-3.6716063882788634,-1.2750792420869381,-0.5174472924377915,-1.4142846399471494,-3.2417488024941,-5.3021617982854785,-5.637979221898513,-5.509519834890096
-1.3599367809754668,-1.4738347366751146,-0.7008537002307457,0.8194818744836813,1.1018911012597197,0.6482942072096024,2.138014995337123,2.870658028070245,2.472541225552248,2.474958030248456,2.7961593253892714,1.0555400255216838,2.0895725488620975,3.8796775388151428,5.614351661035887,7.159472619022029,7.62382059108461,1.6114623020905,1.7749495688435004,2.45069692523746,1.5009907942257004,-0.05953883645926791,-0.7848434040256412,-3.035042332518233,-3.045609249575539,-1.0919927296984107,-0.9129278491230116,-0.06442984365122591,-2.9752479651712846,-1.0744763154587607,-2.5184978643518265,-5.032859200490341,-4.761076415252694,-4.860125181485214
-3.501343235759742,-3.0226466128329994,-1.8560057621168085,0.5091440541197626,-0.012057768587045324,-0.14561356008559015,3.474637191188513,4.232090722926565,2.911201864196765,3.651980067576715,2.267807847503042,2.027513430529338,1.652991254208133,5.721355251077717,2.825497478535586,5.287430582603603,2.6196187547163263,-0.6191491935035898,4.47775110740857,1.1144961031863572,0.0812999694570726,0.08582215817081323,-1.4267870925521813,-1.676731298022944,-0.3682811175347974,0.13843291074322817,-0.3823795259066059,-0.635918794824174,-1.8716483762064287,-2.3321148477414915,-3.343863123449195,-3.984606591852355,-4.273685293042412,-4.910776764187786
-3.8155179916903332,-3.2687730861514286,-2.6690234478802886,-6.456676558749453,7.055687242940281,0.004539677506791988,6.434426429846616,4.957161668738974,3.9926348460105365,3.7825720722842453,5.080636956347278,3.0155137292260448,2.0140295110311857,1.798175430221905,4.451898714443563,2.4820320708075507,3.332724837073869,6.625935629485453,8.22825101590201,6.904287324354685,2.4170711454140488,-0.5648088076024663,-0.5713193858890758,-1.1545576755947877,-1.963191181009808,-0.8150982873766924,-1.2744368905087107,-0.7582271298720344,-1.2205128305016215,-1.7719099983178885,-3.461701523888857,-4.782898549286611,-5.757580309152117,-4.7365843583263665
1.125961073014508,-1.3936909072805785,3.982525120556849,5.792304246187682,6.3251050750315185,4.527883468694157,4.8886972258671655,4.4702153207430655,4.369107155298226,3.943252163670161,5.983309678961392,4.007289677823037,4.00460333234244,2.470773547057521,5.88527564736851,12.714295207729066,1.4751747871816794,8.077172250155387,10.049468720416233,1.6139775637261973,0.5124391335025877,1.492284183039659,1.059603661217935,2.3544172291386554,0.8358135553324638,2.2088151034468333,-0.48316045043276507,-1.8149665251568454,-1.5753821602916531,-1.7066277930530576,-1.178966048585917,-3.792836974498572,-4.162660644871344,-1.822164545637222
-2.0137700358530077,3.687396082735853,4.554583284217498,4.862874762652969,4.166275227483346,3.4605685954424756,3.0859877658110397,3.1112257279237308,5.363836977917269,3.588585749542784,5.475957794316609,1.0883519606398606,0.8388174442569625,1.3723091560295915,6.932879781873757,4.540826430761687,8.134908616800024,9.121991306726855,3.853357140564654,2.7445897042070673,5.752266610823363,5.689745283263731,-0.6581981479507595,2.0512310352482626,3.488032115310348,2.9258627321777615,1.7608277192517072,0.045205420653542175,0.8535772885112738,-0.7956828297377223,-4.763137027783977,-4.512338404458012,-3.239062581125884,-3.3511415546000727
2.3150352187711007,4.7597382718849035,5.332146972544744,4.655998087650433,2.6452840521414305,2.3565842198589544,3.0086924367288983,2.84572001970775,3.5915515984532163,-0.902673783944005,1.6293550979288252,8.699324275730397,3.9997777386308915,5.93300178939256,9.579926376762538,11.207737512816047,5.177419765695125,5.121602814217661,1.4159373829799706,1.2892746810066487,4.389377112560397,1.220901092049731,0.8661798935357223,3.700323511076401,2.8611819935545273,2.0083377713728074,1.54160284086493,0.7579851845534518,-0.6328735485960084,-1.0933556033612009,-2.7644583148583988,-2.573854086522855,-2.7433886896100024,-2.5457091574967463
4.312804726234295,5.113467124458718,4.587834967923882,4.039839192129855,2.33018848313351,2.799246936700083,2.1635441538361913,0.07290806092362372,3.526901573171415,0.5247020995412666,3.77340856909261,9.656553063112883,-0.810401942575979,6.912563961562685,9.319904494258402,6.804333985467357,4.0699420418489405,4.058515924870842,2.3777493483877765,1.4642444802430208,1.2373067551227472,0.5924750744613677,1.5459653402342892,1.3277059664087874,1.3418859293098433,3.444365954844089,0.48093502453005876,0.9275756415907532,0.22627338960229093,-0.5908053487109716,0.22721146205027315,-0.17256208686237667,-1.0408542088944304,-1.4394259296114755
3.366084233711296,3.6154979795281093,4.129007139905274,4.026247134600131,3.609405502896394,2.0186894975532796,3.6577856998242266,1.9524564499644679,1.591610222211304,1.6953390259759253,0.5189972920781475,3.5540200805645004,2.878872183908428,1.8158906217081225,6.027914313936067,5.530710977182537,6.24436801770162,4.537037344282015,3.3372059959440343,1.5810820851104768,2.4251181126960297,1.0337304170133275,-0.17387105564835698,2.9166255539108707,1.3892382151634952,1.2171456903038491,1.2870589265620593,1.1239545364500472,0.5404785697112677,-0.6044904314519544,-0.44614571510567175,0.7475845547242229,0.5358266315337944,1.0197868326478894
2.6478727518046994,2.380698515468148,3.7901915189569806,4.608437897151824,1.378357932812937,2.9611356613615682,1.2676682198145688,-0.15459882808121156,2.876259283893796,0.9870129118849064,1.9131049776461728,4.031587408903599,5.834407434621047,5.209639732941353,2.0406971818451307,6.679059188832586,4.002764553494772,1.584491697901313,1.7691104374310467,1.363691537782012,1.6063773693370076,1.7190979095208252,1.9517687804374606,0.06849156581874455,0.9512465974565735,-0.6841661272706155,0.4007338729173207,0.22790437989280413,-0.7674350891892322,-0.7411089830980323,0.27564442619812773,0.4490587868128186,0.7610881020126236,0.47499280062417154
2.035044867118671,2.1220215686798003,2.9670252469258367,4.4760526398406375,2.8578394684076387,-0.07991173823329784,1.4114172055794807,0.4118656753483015,3.529982982343143,2.8956037573947935,1.5673324435910998,1.6661744829029927,4.512685022629547,2.039931770674785,2.7565516493543956,0.24333846154987337,3.649918823732923,1.653350886790222,3.37585392387811,2.6305381091466087,-0.8188745482426925,2.261925467834237,2.233263284230715,2.257297163352045,0.05472200358769699,1.6542013206150583,-0.4912153935698554,0.10990143496063527,-1.6024698066664387,-0.7105667558060941,0.6341776048415702,1.4881349832913253,1.3417475766153992,1.192531466132055
1.5202362320538063,1.2493199498865601,1.786469341841976,2.3639265130755605,0.20079082373467755,1.3665676223633063,0.03167726590360351,3.7465553109544314,0.8712124993109053,-1.2566583725758311,0.4225049907549207,-0.0643530465523374,3.1931434761610094,3.5616167342566083,2.3957892911449457,2.3945209266631293,-0.11771128941448755,1.9539880714267073,0.7833038908409738,1.1177198984784245,-0.15079218962785887,1.4360645861216046,2.5678791902165417,3.456938652113205,0.21322825807178847,0.7435494315887108,-0.23206854792023002,-0.08231908262682064,-0.736129173227086,-0.16769313967249277,0.3609195829337991,0.8794485643686987,0.6779020307305237,0.3860952340862043
1.3657396709246121,1.1423328276224365,0.7187082287518891,0.9544603784167496,0.9261470726464432,0.7508602162466164,1.5517089834774487,2.4575597773286977,-2.6731010955581818,-2.0586200305647577,1.5263538985127831,1.4884689852616335,0.5127061038590913,1.9155147579031293,-0.4461558940457576,1.511935270591986,1.1868080089509634,0.44300641811256053,1.1919231584767522,1.0850578671805855,4.168578594978721,0.9236032085359576,-1.178088870950977,1.989975407496974,0.23498474131412705,0.8629476919691019,2.115366080423422,-0.33994005282128925,-0.09528429178847722,-0.475503271062849,0.6935696661559186,1.191548451484408,1.041971004082094,0.9426756378599858
0.3450217133714627,0.3673421821208257,0.6243851632761951,-0.46627613143444646,-1.651413621524592,-1.270456819739689,1.6494156039027144,1.8841707348637273,-1.79061479837969,3.3437696662770264,3.8126841468806414,0.522223256343085,-1.5018072579496107,-1.146357847774903,-1.71397923427675,-0.8261158256507563,-2.3112820495731885,-2.27970657084634,-1.0044198110933804,-1.1167590767599336,2.3435077140779894,1.751248990980585,3.291166748228171,-0.238083388203264,2.4416418939800266,2.32167597310708,4.379347945478503,2.7348036516091105,1.5334796809802662,0.6672154719722684,0.7132113013570103,0.7846198145553964,0.9808207379137659,1.2003576936612559
1.9522775261099823,0.9942703226901546,0.5549943321836449,0.6542257732202404,-0.910008430171678,-0.8204061858576844,-0.6010290851009047,-1.548751299103159,3.237173301093216,4.498740879640296,0.32553335368512554,-0.969981397644553,-2.5792900474595943,-2.091097899110282,-1.723465936108599,-1.4757726755155747,-2.032525959431164,-2.1388168662185416,-1.3011281075899173,-0.031213082748311118,1.5288638838930897,-0.2441235241428246,1.3116335530604375,2.2692602497310905,2.034725431565436,0.9180352645633825,1.4894692308389257,0.3885935115261603,0.3745060054803164,-0.07784107034545847,1.4549263913193429,1.6365264138732738,1.6374988468736196,1.6427968245881535
1.7885607549035798,1.339145590506874,1.1206593102169735,0.5839865888586205,-0.6999178800212359,-0.6687264491598284,-1.4651333200951386,-1.4334807582359734,0.15192607525059312,-0.06355645284527095,-1.7873054976519747,-0.39411815962099234,-1.4688088344614447,-2.375579176838171,-1.5913401803707312,-3.7141527920040502,-1.6006666484124301,-1.5363192831386223,-3.3107453183135656,-1.0826086292243269,-1.7108732231848796,0.031712171884305904,-0.7280289152928644,0.8301787435239618,1.378780415427988,-0.5742672020836237,3.115971570644391,-0.9383160936787924,0.7754993226639224,-1.6372675889589074,-1.5153360357924028,-0.7472661754174886,1.7631267826107409,3.113570083967757
1.6423004235580012,2.00138486241842,1.5945831711233567,1.0063316674842566,1.4396490486667701,-1.6223304069897422,-6.655378459954391,0.23519845390293914,5.651415470280782,3.12715352186284,0.9189709089004406,0.5125145544486313,-1.1286242925451566,-3.865829762897711,-2.4442566907244223,-1.4286369288862442,-2.0068615705280397,-2.10184050081183,-3.4009644850025054,-0.9160932363738111,-2.9328836405526917,-1.3068578069465124,0.7166938974011818,0.12029603053401487,-0.3336445938802616,-0.5938619557287741,-0.33208190215980005,-0.9905834855761836,-0.4466271539593457,-0.32610750697735846,-1.2129703509999974,-2.7872980654127826,-0.011779899335315612,0.3219992389795105
-0.6501848519994774,1.5137406557226236,2.5013089916995725,2.2802624913825924,-0.2601976634555456,1.0276049847930095,0.9652762794865185,0.30250333968502524,1.4230249113313242,1.1205487621892916,-0.39965761469509264,-1.1382049723535763,-1.877242142782069,-2.549725704382442,-1.856440693280249,-2.649048290373428,-3.978064842320849,-1.1107552210161278,-1.8762542405344533,-1.5606942230164018,-2.1570192526840284,-1.765028221743361,-0.42588368502277185,-0.8465785899519862,-0.4787850806216924,-0.5775367796793267,-2.8294840003720734,-2.276614581663076,-0.9164230407068369,-1.7304802038795968,-3.0573837927332157,-2.53513093442871,-0.04295385466263232,-1.0940632539076514
-3.508702893407228,0.34923903873864937,2.6313846246341357,2.351454575858391,0.5175944297090467,0.03475309691592376,-2.243952534136335,-0.36602765221228967,2.3956274140016793,1.0243466899660465,-2.706524436781062,-0.7933511824472658,-2.7686193823998506,-4.211519970046994,0.4688434245382884,-3.815947601358004,-3.0261651304235784,-2.0922928974648713,-1.9090429176974417,-1.7795774499267356,-1.6655536419905976,0.32104335081888347,-0.5979711497956939,-0.32755153060391207,-0.762149518736862,-3.637615924422264,-2.9176331952273564,-2.5526797447069116,-2.459996914167957,-3.0581873478857715,-2.3210859815435003,-0.09891207795858255,1.929028729029132,2.123034383491913
-2.72736826531655,-3.294862790849729,-1.0028750684959664,1.7039713140187962,0.7760617006932534,1.3067538892755906,0.9236795422975548,-3.2207705793804067,1.855577533861323,1.1443527982337864,0.5227025086615431,-1.8437517501324079,-6.037151693301626,-4.7353314260377,-4.023222438285005,-4.206064696979143,-3.8539408790237313,-1.8977593964103459,-1.560516301661578,-1.7776541462273068,-1.7670253859251315,-0.6034824319860657,-0.6122255620041707,-1.1757404754669807,-1.2716660641016977,-3.017858017661951,-4.17551345275469,-3.8090788756603047,-3.5519084651037134,-1.9559275562155094,0.6346385714242984,3.2501734441598957,4.804231528879505,5.193925084873446
-6.387331376929294,-6.366902426309744,-1.355746960588735,0.9630641294209096,6.267913342205195,2.174958388155915,-2.3067914529792914,6.522368760872339,3.92648487178268,-0.1773178369502413,-0.5688624832682215,-0.2751434606273481,-3.800419695046277,-3.879451671089532,-6.407185084499824,-5.208856124089869,-4.113067973359084,-2.4181437743771625,-1.749114444661257,-2.2178318773106036,-2.48810854022993,-1.4699023830508477,-0.35030263599602834,-0.44713633665421776,-3.5631693006711265,-2.313828448394443,-4.290380449294509,-2.8004934117162126,-2.7569651183894988,-0.7803906707541044,2.9125272142579646,3.1354901668635238,4.373788292846733,4.3899157290468604
1.5960759211360878,0.4543459299462211,-0.2162396951714041,0.7051674902286744,6.489189589655178,1.1638159976646443,-0.5780511523515677,8.017152136286748,2.571831238554027,-0.3253104398950188,-0.3386551515956197,-2.225943664176066,-5.431786629818641,-5.679411156472914,-6.183133898743606,-5.829162035325949,-4.495122971601811,-2.8521506457578485,-3.1853372615367754,-3.173618485625275,-1.920148961209804,-0.5996726079781216,-0.5439105807282842,-2.0234646435332633,-2.678388685576701,-2.34258997320477,-2.6384185225268704,-3.679163301575297,-2.8245993909286793,0.34863515693180724,2.383329148069992,3.981572269281638,4.037710773017526,5.08638396081864
