script/wind10m.json
{"header": {"parameterCategory": 2, "parameterNumber": 2, "lo1": 6.000198445256149, "la1": 58.999992894266676, "dx": 0.5, "dy": 0.25, "nx": 22, "ny": 24, "refTime": "2024-04-10T21:00:00.000Z"}, "data":
[rows 0 to 23 of 24, columns 0 to 21 of 22]
-2.4061652519549575,-1.1905554270738694,1.8375334454524999,2.5914164803633963,1.5737148400245748,1.095459495812409,1.7077017037821602,2.5984644384682145,5.676421127341302,9.119090605774229,9.36567173867729,3.3508063470411438,3.48932823209294,3.8026470323814805,7.4143556567342195,8.335077469966608,8.546181333517284,5.619313460459866,5.529155653854338,5.869025178581606,6.037248278641343,6.973218210463331
-1.16908440552287,-0.13389728768878167,0.787844394170929,0.39222481013529753,1.519787366251846,0.9024743405204995,1.591426736057078,7.528821168848538,9.422208384978322,10.67362083703251,10.309070551150363,4.343151371024646,3.50020110760439,4.168277700309335,7.665845262490305,8.51153780134353,6.286069156079937,6.832897562234952,4.946282872612117,4.962849819362498,4.985810334397626,5.737431871899776
-1.3022648825524963,-0.21589584419126073,0.29097670317317387,-0.2755040933966986,0.9896395579786785,1.1311080853900914,5.058781314777914,7.247286085782043,8.803771892850472,9.898502851549228,10.380209054002467,4.632496811338994,4.209936738249296,6.649639318739266,3.891681257528548,4.852459437534593,6.059020551573478,7.140419011503177,8.739440268732048,4.895476564132116,7.747578240635082,8.338201534099706
-1.9480509800834107,-1.7584438756270653,0.5550199653374356,1.263875885976653,1.6274724559758482,4.1083639560759515,4.767039340781912,5.920406026181852,7.332243318013516,8.71946537182027,9.292308577731909,5.8962223855045455,3.957009291642785,3.4631294120622877,3.0467669321752835,5.121322202712034,4.862166247925426,10.335311531195421,5.934825347059962,6.097210811989438,5.384023251963082,5.087082692509641
-0.33960549516173383,0.2685941429060168,1.0396644857087476,2.2034206833725123,3.7024357766728166,4.54155740899593,4.9101944477556545,5.963756197710403,7.056587829597962,7.77053179869054,8.355294295872323,7.530865446636297,3.8761169212748112,3.7333363224946696,3.789679701932962,4.00720659979515,4.493684470617288,5.3621322373365725,5.937579861923333,5.272212104818156,5.46561011847553,4.934643527260995
0.34300972557615306,1.4052482807813251,2.092230679602919,2.634083361069943,3.6982204707123123,4.61036900099454,5.21009704654671,5.007035798127689,4.736141480610775,2.898527948282503,5.472323967191112,6.536168402026001,3.691155967024488,3.6709405582584305,3.8821921846355982,3.6879064249309876,3.7075796320110332,4.09816822110481,4.996235007074573,5.0834437057462445,5.237500826537785,4.586447588333021
1.019032270201489,2.0073534273477898,2.624940241297495,2.976425531241877,3.445588584659283,4.42717497782671,3.6131317825872555,3.622322180402955,1.4803799792723482,2.4642120986078035,4.830030468642718,5.953989063467901,3.730404631550022,2.6261565691479594,2.812798787403743,3.341785197213372,3.67492162371758,4.164624011984845,4.369249302926243,4.279081286782322,5.325282789857068,4.574390111357618
0.7226207655634875,2.40482936274375,3.204903583269579,2.947607865805784,3.252491232548215,3.7585733873853644,2.8614535217817587,2.398503698797616,1.3974728680594999,2.0533561640516043,3.5071138808260636,5.472464800069561,5.386451449502365,2.7471392565742763,3.1037421061688226,3.4564831574081483,3.262228323801497,3.4049780031605468,3.9222610703794305,4.368412062136821,4.7189786681409895,6.788711261502311
0.6076309796327768,2.272573015178319,3.528993640572385,3.104287095366412,2.793878067352852,1.1872863841227388,2.623369190061877,1.5985438783715014,1.3908011257553,3.924461116535383,5.113628216383635,4.933269783823852,4.698770138641806,2.8755167743270444,2.6060710939546348,2.9602876870504446,3.892848682284256,3.4595239723933098,3.9474467575202112,4.24440623403565,4.5816784926922,5.618067848145621
0.8873058014005678,1.6993338628210861,3.5278639540573837,2.9543014788307977,2.449946844748455,1.6097677291356756,1.1356997114520913,1.4633827582164978,1.7402298427457101,2.91528693440128,3.2302588931064067,4.403898710617013,5.131301765012597,5.305661543929111,1.4309861513426596,2.207419383030361,2.8844162663311352,3.670852765045311,3.936442821998926,3.960649398520396,4.5833664325244285,5.632106803072012
1.3338338666272112,1.5718939673525372,2.8511057937847677,2.712417337798266,2.4276894999760454,1.5124368200750236,1.2123534128955589,1.3212222642393534,1.2212448047418856,1.7552670342290635,3.2820752083893185,4.5328700794342796,4.535682574524097,4.9707375331637715,3.0177091870943067,2.403859187479774,2.9357741084833098,3.468128319280081,3.8780024782645355,4.049079312254841,4.068753677819308,5.300796896464608
2.0378276057880207,1.7960490295297695,2.655004100671284,2.494437695667809,2.2771341159524177,1.26461783090921,1.5026593840376337,1.9746597691796883,1.6598668170848505,2.2706988581879264,4.921649272724769,5.428441947543465,5.980492092432191,4.501044516335157,1.1743914160456006,1.9702682860902663,2.080495473782387,2.8733329672474817,3.2350446827208037,2.7236538277081714,4.024522846937276,5.590841938725095
2.7042117142466053,2.305863751363342,2.903623688246836,2.215345233301065,1.9734259557134317,0.52206711856328,1.1853494200682764,1.5920603451972035,1.765691278810055,2.7096407769527477,3.3175968872675665,3.663828976787429,2.297416579064646,2.3727897676183534,1.886264747969947,1.8436447551713002,3.048630147494131,4.26198649088036,5.207977088646725,5.94748326598969,6.776911159776531,7.552491637088611
3.20018565658059,2.9977250710904473,2.9004162392227566,2.1980750136892433,2.107246929806809,1.2725783464248028,1.1242674827056809,1.6383130589790043,1.8007893947071485,1.5957566365167324,1.9536875133617135,0.9507109449935938,1.1745323563083934,2.290917992620463,2.2952028918684912,1.6790858951864327,3.0597215376646085,5.526155239248376,6.019561014473582,7.26990077759722,6.433663210454829,7.42976352230564
3.5848086341218215,3.21043949161161,2.47929087228661,2.193881496478436,2.0980773768295995,2.1431001000934424,0.9136148605876102,1.3420717593045712,1.1996500068509521,1.6423352775533608,2.1816261605968474,0.9097393460730786,1.2181562468022231,2.2190841286790457,0.5953641385579642,1.9798495782441743,2.4587235520974593,4.769462809652383,6.156476349467633,6.269020379823074,7.986078782324993,8.21643396208499
3.8266963956089186,3.7812627171236235,3.250283570691329,3.0129259941365127,2.993955602623505,2.8488578091368955,0.8330085066791979,0.5250619356269298,0.8449203197048591,1.6558036706284238,2.708640621126948,1.9022499200619358,1.9231611604059833,2.2752994510866538,2.9647163763149997,4.668201282347995,5.7742650208285315,6.631814265306161,7.000526824353254,7.538884388882024,7.803977918793491,8.952581245794159
4.001634936105758,3.7792658420943495,2.742428768114303,2.3553563155552344,2.7150578470935547,3.611436171947157,0.6416639812560803,0.25987318105658475,0.9791427524441623,2.2596506583190514,2.7771307939473644,2.779464693176244,1.745938739682592,1.364534727438341,2.5443913479989853,3.072428525230721,4.733028806436125,5.75392964812542,6.304170537893938,6.355493674035579,7.673521828039769,8.070487559105592
4.261714236459059,3.488564798129827,1.6621500928430692,1.6066830267722954,2.2549823214396274,2.670048047539358,-0.18719084001227806,0.09593404127851958,0.832032316460313,1.8099163766065423,2.190408923502892,1.354820058779728,1.1933746935063763,2.3096498658328755,2.198944633537189,3.119010071589687,3.407283546119775,4.8652255263392865,5.7039233366351825,6.758784959594465,7.0672149087823035,7.801330043615912
4.645255134419005,3.476439397573921,2.042869643716152,0.9966122013197807,1.6253921444017159,1.7092891781876889,-0.7660522595807678,0.3350337174582978,1.2990117679453184,1.426662475260723,1.445412464766753,1.340960043525007,1.1247015355000634,0.21826651189475837,1.524821657578456,0.7447277328985529,3.1562737748845047,4.920975978989724,4.805526580328623,5.097940822121496,6.140862880316167,4.703694523491998
4.669640327532192,3.6135506248293514,1.7761450828362373,0.08082645468310891,-0.5860329233127269,0.5360039276543008,-0.40253051036550086,-0.32886294874709304,0.2255911852535201,-0.011611979340701479,0.18008212354739153,1.1824461032350395,0.127584740601734,-0.5340497374664362,-0.3160980072998325,0.9125577182543863,1.9410994445902794,3.332091003047687,4.389544582902337,5.490546332266353,4.000317591136105,2.4338704302258347
3.358331030366156,3.1398444836182886,0.7727801854749242,0.331151894574118,0.5794085635722663,-1.8454685392172365,-0.7404570595125517,-0.7152476710291865,-0.44979554609404165,-0.5790700506301485,0.16722333383027937,0.23858068741977453,-0.24144876346943386,0.2561679289212743,-0.33462078607123796,-0.12468139871125143,0.10535950789362215,0.235122538689166,0.16462610910108974,1.0905569990678237,0.7507196158672845,1.6861983899133526
2.559991791379206,1.2620010039319287,0.6084050932920836,-0.6013075153048315,-0.0162933365616607,-1.5497517748455796,-0.9349341278863508,-0.883299074973273,-0.4066771045651557,0.2659724644719613,0.6203935990285185,0.021064282025693534,0.4607165533208703,0.33190877494829457,0.4227088452117545,0.09787363937341259,0.557837686813923,0.643083603507359,-0.22731612398158535,-0.09591746406916411,1.2758128874726171,1.1599005444731028
1.5712325879666398,-0.41649014057872064,-1.5106201503507077,-0.7057970309532687,-0.3501193226955745,0.4230327058449389,0.3252194345989749,0.5202480567895783,0.6350781955630012,0.547196953761397,0.21697915699661627,-0.002435020100366012,-0.32776202007549826,0.06108706511941851,0.6483525482885527,0.10968361414692104,0.33278952445686405,-0.33819580113217806,-1.002315245689368,-0.33494833295983556,0.1374299791487151,0.32913254786116825
0.555815379950703,-0.2252400102457957,-0.5464651578150905,0.19367434264408123,0.39074390979037565,0.12602120123721877,-0.2276496992802873,0.04265283712217354,0.6567891159513395,0.17801505854460428,0.060024745688464796,0.46568142060260487,-0.2613086494734725,0.008017651319704793,0.14592105365783328,0.20329645883053118,1.4279568450561324,-0.11220540220834799,0.13351713515034788,-0.5002383751997134,0.05742123102344401,0.6484227384876007
