script/wind50m.json
[{"header": {"parameterCategory": 2, "parameterNumber": 2, "lo1": 6.000198445256149, "la1": 58.999992894266676, "dx": 0.5, "dy": 0.25, "nx": 22, "ny": 24, "refTime": "2024-04-11T09:00:00.000Z"}, "data": [4.106356633634955, 5.052075090383602, 4.441836403145941, 5.103978831340403, 4.413372321767777, 6.541678832477426, 8.055602912771157, 8.877875178310715, 11.079489663620244, 7.765034007492453, 6.733400220601117, 8.032262957808376, 4.6377396630935666, 8.858169660593, 5.320718719566308, 8.526653895663442, 10.312734137987201, 12.58601070170853, 12.510274302879205, 13.760450037647992, 13.827735803171917, 8.16341736017154, 4.113729616359094, 5.083210670949632, 3.7937049272941867, 5.499322778002259, 5.106524202449224, 7.722447233090272, 7.094312195119846, 8.693866248107582, 8.574089714780627, 5.895933862091206, 12.417223366648344, 6.04159023435813, 4.4527144969650605, 7.273743783299625, 4.2818815212716945, 9.30531337854863, 10.496873352109146, 11.745844827637226, 2.7834135005802474, 0.9841363586245806, 1.0876225452997617, 10.986332816147543, 3.462787377439498, 4.718620132193009, 3.721100186755214, 4.106558744419834, 6.26187055781855, 9.773121659417663, 10.760941041920907, 8.587311669203983, 11.397526096507018, 11.46738051544849, 7.775631363636736, 6.447335916203033, 12.255419244291529, 11.130550251129037, 2.045764023314621, 6.413995317483581, 10.506111579633671, 5.627207863648169, 5.392586785858926, 10.971084229526692, 10.890247338239583, 7.1469170882231285, 3.1310822230239963, 5.103187115366077, 4.161420271540544, 5.690252885396842, 7.020414681752234, 6.640632757541101, 8.558480528690028, 4.950196199545858, 9.464425445351885, 9.52352353947392, 8.80218336347272, 12.849564949422495, 9.279278915440976, 6.328553232572429, 10.207693663407802, 6.383117463556853, 12.80263361808198, 5.313042603286506, 8.005442211109523, 14.045802309090186, 12.328575634955572, 4.155395036523692, 3.3311015372898365, 5.343769225035343, 4.781050811314402, 6.135878505375199, 6.196807835669282, 7.9459927680365645, 9.55234250055446, 11.915178502118737, 11.735529285089374, 12.476693172807476, 11.974200595132425, 10.610750697176377, 7.775791660453529, 2.668880381763211, 9.3820363874646, 6.554814583896595, 12.47039999835455, 5.215677216038036, 14.88938439109424, 0.7102361682193091, 6.596789685729119, 11.013635761325931, 3.5721743781615065, 5.847224842703537, 4.822537977602418, 6.851264319412332, 4.398539002389505, 5.853232097844697, 11.527000656110108, 8.805934889127872, 8.971753287341581, 5.882492156373791, 7.979207311646861, 4.579001064267138, 3.358703453073042, 12.517991855020625, 9.046954521021853, 5.776270516671892, 0.32492818292354964, 10.490392112174085, 0.6602763101162531, 5.348400951404375, 12.507098442248239, 5.016227578464689, 3.950525729742447, 4.9125804826786315, 4.258319952336809, 5.787908236359485, 5.04306578655832, 9.22115711823285, 6.970980852375009, 9.115143432539412, 11.900516893125145, 12.244646415275163, 8.010449370835163, 11.458198835250794, 11.079015888327529, 9.850766635883287, 8.66002954863698, 7.561224517269443, 5.096358327283013, 13.950837547938118, 6.227211779962524, 15.488515911644434, 1.2541756965402917, 7.409026782261784, 3.623013367501412, 5.537348287581905, 3.807717724096861, 4.878688704575177, 4.596486784082204, 6.527828287247208, 9.251601368129332, 11.889963985952331, 8.649834490161698, 9.865602838423793, 8.106507636032362, 7.744306254854222, 12.490789637879422, 8.044038680403242, 8.990252535679168, 6.468774204018777, 4.82668467296459, 12.566965618127197, 12.76339145668737, 1.7937504656350307, 6.59239491407205, 5.509077462124987, 3.742923216791882, 5.328268267459994, 4.718083129102329, 5.1117644580092865, 7.13279183537924, 7.632977961907897, 11.21946202030853, 6.7225805648458365, 11.997788282919297, 8.493703773043793, 8.59634772523942, 8.318653223446622, 8.351563171554021, 8.470131950296732, 10.475007451713772, 6.383109357408487, 5.658777488860471, 12.281045484499503, 13.955791025468537, 5.6033049613850725, 12.763079825333227, 7.535407634482668, 3.575891257936496, 5.039830022962211, 3.859189942009316, 5.646978421338863, 7.019468716809807, 7.860205047800617, 8.556522859810201, 10.349328082324279, 8.908836519077468, 9.790496391932733, 12.094378067689226, 3.496583332418672, 4.988127883013874, 11.190438104381998, 6.7568365251258244, 6.658873370238151, 5.76909748633996, 4.620184919409727, 12.577313830700694, 13.135587308589022, 2.64157405801094, 6.013735967103622, 4.062838446378801, 5.757111226255286, 4.907284880400917, 4.836597271969894, 6.546226390588719, 7.163286731763179, 7.041559968537174, 8.395892769055495, 11.939090466336719, 9.552307554182931, 8.989408524023075, 12.651831979978889, 4.9464421056757155, 6.146976622858622, 7.256008552663264, 5.832064883717558, 6.328656093593172, 5.427911181543549, 5.542995291142724, 12.665754262771406, 13.983556353772729, 11.120458230829499, 3.8153574846062273, 4.585160902241619, 5.034077891074785, 5.138781917649977, 4.9897653778520965, 6.274441306823689, 10.570468663405364, 10.375656148940077, 8.734110651110903, 7.157736012607665, 8.072036520221047, 8.489383572677614, 12.59820804478614, 2.5340021671497373, 6.466865704878362, 8.31872071751721, 10.72789092691078, 5.125134717534731, 6.264908870704561, 5.409549763064069, 0.5511150581492733, 8.76582119428632, 3.7103084519859086, 3.597584579383498, 6.443196948999731, 4.346932884308288, 6.244013384282241, 6.400973582884039, 8.004827496476544, 10.653433141974675, 10.698327028829109, 6.503935643474184, 12.046965406610688, 3.389486692756154, 8.045751041512396, 12.409795702736293, 5.7707649341704865, 10.240012637816152, 9.450747320740724, 13.87254297307258, 13.512730648542389, 12.952489923668521, 6.511325527809096, 11.710597543853304, 3.7181388398212496, 3.4919725488079303, 4.532721793086419, 5.899363720295237, 6.3230442031499825, 7.253439170245159, 7.639473760791121, 7.631416927892598, 7.951889723547135, 12.413879098312313, 8.892923959369734, 12.308803167483914, 5.191164975644967, 12.563807226216655, 4.982046389984974, 6.304292176409914, 9.780660270877192, 14.064184083791591, 13.686245726163971, 13.981755162292856, 14.284055952700582, 7.447634971669115, 4.012522885300457, 3.484050818730699, 4.2289721743911315, 6.303046682889727, 7.7310780816897635, 7.264845132551713, 10.719351293536777, 11.960697648515822, 9.995327148363943, 5.834804455690115, 6.98389599895076, 7.657180568802054, 4.915515934143299, 8.819974398015479, 4.861121224779155, 6.5397380276493084, 11.081226403839155, 1.170845962652923, 4.591221745920198, 5.7661402814082185, 3.787574818936465, 5.764007464973617, 3.53660271973126, 4.451895603582533, 4.535535086750257, 5.1693792441366195, 6.195915398991445, 4.662956416103799, 9.305701003901172, 6.614829945376823, 6.342805334214597, 12.592477838937473, 11.5083988929143, 6.047530331100136, 11.682154129423054, 8.293275514718447, 4.349391333244866, 8.638666360405763, 12.656563711542795, 5.781475643985284, 5.501414945897297, 12.587357323625747, 12.24274142691001, 8.932199722206617, 4.2524479066954335, 5.481383332950807, 4.810275632654192, 5.655945554901348, 4.729828252196876, 4.787060002364237, 8.820292291786902, 10.91144182119419, 9.343112874537711, 8.237305682269865, 6.524158746300268, 3.4876699306417667, 9.78392560731637, 9.227191428404193, 2.6754919463575333, 10.970835288325185, 2.680447041938255, 4.044358988991978, 13.479770110290112, 12.406924162454565, 1.3955474203045515, 5.716603981066064, 3.731246423986017, 5.819941257670411, 5.071535480734706, 5.554818782376511, 5.008392217346373, 7.472045623502754, 10.574471664997317, 7.331131008340648, 7.626119634322782, 6.632957846855529, 12.0925946908605, 12.372744371296518, 7.322452667628096, 11.283621131600347, 1.508300114146137, 9.484143593028087, 12.64987188970654, 5.500415187103677, 14.083496981129967, 1.136721340561083, 10.049061042235744, 7.259416070770029, 3.6772848833644023, 4.200303251787985, 5.810989229137534, 5.666346013329717, 6.944031337614843, 7.167671649093979, 8.368468621953317, 8.810438995064679, 10.019304562462922, 12.12663534756082, 10.629304138825043, 8.443157171411425, 4.51239392546726, 5.175091564898156, 12.771672887960323, 10.547081921449127, 5.050135241268481, 14.084622926822252, 4.386336335578065, 11.63417524793191, 12.56420661292663, 5.278807212577169, 3.3946324804960635, 4.827098645752878, 5.287148226153247, 5.192684399573783, 7.261316392067964, 6.222837714009137, 7.171115924865689, 11.932712675364936, 8.411534205372405, 5.89984841255801, 6.3924344969414735, 2.4662500511068086, 4.742526711345836, 4.849529994526842, 12.419219094523509, 10.390317045882034, 5.630799088308224, 12.879220952815736, 5.569978236188567, 13.65296479691968, 3.783534073972978, 10.991231953545793, 3.8005715719375135, 3.6040786503842526, 4.882171226647545, 3.753061205813461, 6.005679180187402, 6.777925155504469, 10.60700037020033, 6.836248999854379, 12.316556603611222, 12.450630993945959, 11.58601052022387, 11.32429314981955, 11.9465840207892, 11.901299128174992, 9.166862574735084, 9.891930040035538, 5.36727495045876, 2.985163113328753, 14.175019627055658, 5.479277612213454, 13.163573707829547, 3.919424835749447, 3.6615386606532176, 3.8135591418450683, 5.499265756830471, 5.4641210504582975, 5.438027804351054, 7.081223540716368, 9.415147416625688, 11.645678696065564, 8.972503658744158, 6.3989246682037315, 8.920646060660937, 10.259014394162364, 9.565998979986798, 12.64406057496209, 9.192364403265262, 11.597546894476936, 10.362150304906992, 4.8023819983824385, 14.31026864546934, 6.267058759983496, 12.455051971729974, 8.733339185077764, 3.7556852254680453, 3.660688163113828, 3.6377141891913687, 5.399701173947928, 6.498592762830978, 7.023352790185924, 8.912683568738489, 7.265620775762116, 10.273568381974142, 12.490958900701626, 5.953174670290588, 7.754802455234775, 8.487214538386953, 9.737341940602676, 9.083371033861223, 11.574336818157143, 8.9257631568281, 5.8790791268751335, 4.683388780723735, 15.007432251188556, 5.288551228176926, 4.328393411099858, 3.151358939743758, 3.316122739656853, 4.176171018649215, 5.735472518435246, 7.069713165084699, 7.177823993356455, 8.153123488062294, 8.92224047054053, 7.683046712957096, 8.301324327038854, 7.361377991815854, 4.3225354557964675, 4.112021604640901, 9.22462258097915, 8.958394917539422, 12.073591318945324, 9.980737973084395, 12.220317429773893, 5.592617990216602, 1.161634894505432, 12.807206666229016, 8.798269015831403]}, {"header": {"parameterCategory": 2, "parameterNumber": 3, "lo1": 6.000198445256149, "la1": 58.999992894266676, "dx": 0.5, "dy": 0.25, "nx": 22, "ny": 24, "refTime": "2024-04-11T09:00:00.000Z"}, "data": [3.9785905330855327, 6.539787202665242, 5.453051325390674, 5.056953241193278, 5.5197799769762055, 6.939294475620071, 11.781237425439835, 11.284806051954689, 7.010116740286312, 7.412632175895738, 7.5811112914065335, 4.023969600548677, 6.350377175373241, 3.407960126810984, 7.601791237629308, 12.39702470602362, 9.637520616415475, 5.189131600879646, 3.5457237216658397, 3.1203666409356248, 6.391742445387595, 1.1666607792650483, 4.259308969123355, 5.922579670545568, 6.746020301365451, 5.743947012086752, 5.980704273857238, 9.411129018429186, 6.345303206381798, 6.230092323139626, 11.425522651687036, 8.4603964080608, 5.0517332659151135, 8.155089895879605, 8.39476486845633, 5.159749631355689, 6.799719111882388, 10.274439139617717, 5.6440812275706564, 4.222404086468409, 6.619204292617087, 5.457402871929033, 6.171576511372489, 8.784490933672844, 5.2553921603486105, 6.974885719997766, 6.853887685223444, 5.888917983094111, 5.374576830396874, 10.785388881770967, 7.807663422009768, 11.841366340611604, 7.393375135181453, 6.464631554431191, 8.156373318326075, 6.79233427730883, 5.494675424710255, 12.902813654110423, 10.729519138034503, 7.065651520310817, 3.8010059884641727, 8.442737398885884, 8.49105502815879, 10.559163361393415, 10.355126564919228, 3.1991515805215553, 5.41590256269257, 5.921203953788182, 6.6241915992823115, 5.192238981991096, 10.610571950472117, 12.440853786094616, 9.06563568373146, 12.1654063062999, 12.77560967709502, 12.998035064312909, 11.91801178511483, 5.5269702354672825, 6.838862174376969, 7.732689926942701, 4.1900019973041625, 7.385004824534582, 5.137611369900341, 8.224308675820899, 10.296070556256417, 3.21923929104371, 2.6922548469169554, 6.880061264029287, 4.20606174254587, 4.080312847415188, 6.667643455012693, 4.794358824248423, 10.693756675903902, 10.81750771063544, 8.1592216220278, 8.111892802121943, 7.673487083330711, 7.230614560388384, 6.404287743226735, 10.342341913177757, 11.023532006850846, 9.728410738271942, 2.946425032499244, 8.24426415936924, 3.827791932933733, 7.514219401372591, 4.5354198260144525, 6.846434431633132, 8.48108378177046, 8.948813512958791, 3.750620527592396, 5.134463389199912, 6.661758970701273, 10.868617917383945, 7.14808814896596, 6.2788009059527266, 8.013093549407005, 11.327975117154606, 12.428372403215569, 8.235395518600505, 10.973162250236067, 5.75908636189437, 7.168910879642592, 6.216679800487612, 3.5219204081499864, 8.317086956761212, 6.99023953527154, 5.207147310933559, 10.932098946104855, 9.354548528067586, 4.571288722621715, 10.6482242744798, 3.954483463795803, 6.974258213539194, 6.021173066090281, 8.3296707324551, 5.857194088291362, 11.63714741677174, 10.63118830163357, 6.614752718595729, 7.85448349553427, 6.26831095773658, 13.372769024180934, 6.383256645398945, 5.654958254548219, 4.165476580557362, 4.5404430440834425, 12.240709563797084, 7.203000623142137, 6.25943463971563, 8.927884046982626, 4.866614848497718, 6.570110593567274, 1.4832573088025787, 3.953753671456518, 6.22102132413454, 5.07953228883419, 6.746057681648575, 5.822573113002646, 12.323035286509786, 8.062738710582126, 8.145313197428909, 12.539323182837125, 8.100308124567075, 8.266619603341667, 3.612166029838891, 5.418599523675004, 4.316704939979283, 5.851413341963582, 7.570455666275009, 7.48796581374775, 3.788642734697042, 7.461967454349819, 7.064711379993479, 7.75753508062194, -0.044864643464647774, 4.409548667047443, 4.939792940781539, 5.719296852572034, 6.3306503415642466, 5.902441128839292, 10.18880867603975, 7.873932096728378, 12.404434136749593, 7.882703850558647, 12.37777972870319, 13.636741122613419, 7.554841762570798, 11.894423924395397, 6.190909298995031, 9.159273971974645, 7.314450573535078, 8.205983592885564, 4.009285032590192, 7.17907178466091, 8.631149615222084, 1.5550606827250737, 1.8718411957634689, 5.370201693875821, 4.231114302723008, 5.111440188600277, 5.787607382484149, 11.372450997474186, 9.22943914418973, 11.122105852644838, 8.696354896489831, 12.318223606460574, 5.9881134425016995, 5.612894600545465, 7.412400114753109, 6.873679442662661, 13.247441553722252, 8.119079323416551, 8.244173254346387, 7.432558490982361, 7.852629284342176, 3.814639067235898, 8.36010265427681, 6.6897646002962, 0.22259611568361468, 3.921902116991474, 5.016277732049378, 5.025162144620466, 5.9288430126282465, 7.941248112076843, 12.182122758381707, 6.291450519149264, 12.5087528422313, 7.862556050313084, 12.856130501998694, 8.080910203615545, 5.966653337204666, 8.018493102970893, 7.801476800713786, 7.18431582453005, 10.342105653784987, 10.66956470734736, 8.598646395052079, 8.318656585668553, 3.4808614940295333, 8.524354894710587, 8.749977071001481, 4.267398415729871, 4.6013315710111975, 4.9418317129903135, 5.149347690108533, 5.2594453024984595, 7.983541106657892, 7.649897090803047, 8.158685408918597, 12.899571114468579, 7.394537291487652, 11.016295099405314, 7.755266891268084, 5.565172161535713, 11.889432730180314, 7.4040439042394395, 12.58917738506932, 6.6190218145407105, 7.617093200117326, 10.185936251253883, 8.67020644200924, 6.751790114754507, 0.764594252471313, 3.820069721679298, 5.501266480006128, 5.547141384636804, 5.687044826485818, 6.705321275512842, 6.2593031647825415, 11.88023650258038, 7.791309301540738, 5.813223869628582, 12.4218778670475, 5.669824990916599, 7.326391611885762, 3.1970352356025096, 6.103894998381374, 7.256253850709549, 10.191978464675115, 3.781015404801241, 5.470998279582536, 8.369050310792948, 7.086700874368496, 7.60840062120988, 8.535421496869834, 4.05366097643956, 5.827922408756696, 5.495999128767972, 5.274367474981355, 5.411168749118972, 8.215652308442273, 6.3873763001167925, 8.55762102368803, 13.563300865414904, 7.153962365329625, 7.924170029102913, 6.059432986277918, 6.691590528478768, 6.214820853000806, 6.774299724235126, 8.214270162661451, 4.521683120473195, 4.327219821554763, 3.74406470474706, 3.2102937849753075, 6.487335134878473, -0.22722802041191767, 4.209965736681419, 5.858245209141312, 5.379259005118409, 10.48929423759698, 11.589765207146545, 12.733810667266088, 7.493638183456676, 8.055835709849037, 5.702879036561695, 8.14222797852245, 9.855543359269411, 3.626777262668054, 7.175286624660657, 3.7636589493285686, 6.865687892764134, 10.901697357573346, 3.499870991043853, 14.462491429243714, 7.4391182563419775, 7.864912087541481, 8.656314269864154, 6.807609054926286, 4.038568319887341, 6.204148202481663, 4.563238724066831, 6.951917847847684, 8.495969840189753, 8.324898754311059, 11.450889800901628, 12.697691234762848, 12.639111693915002, 6.22234496220289, 8.594298183245641, 7.980225877910489, 6.053419408769592, 4.9116904714121254, 6.766270163233157, 11.114108264899112, 3.8788976459546087, 8.57292517791445, 8.061086115713675, 9.009956961547402, 8.240288034326609, 8.178714594851996, 4.033658647424113, 4.715227819959084, 5.212228964438825, 6.416015566817358, 6.010051718663569, 5.852388890614982, 9.058370150823176, 8.52468164145619, 5.963805255847943, 7.395961342089194, 7.512575697572325, 7.371102508293366, 3.8742663381662044, 8.338771341339806, 13.575844747149626, 10.139697795197588, 16.062721417932757, 9.747494241473218, 7.655881963756023, 3.1933811253320545, 6.257376937979037, 7.26234028817916, 3.883168253603814, 5.155532639696048, 5.437452653813576, 6.150135765152046, 6.013526335750585, 11.740100828457368, 8.095570081189067, 12.017673304186227, 12.24941106612959, 13.624266838592217, 5.825760382160037, 6.03345466898881, 4.179282871388858, 13.140555963009117, 8.10873095198216, 3.742722617695572, 4.736686694376514, 9.434184037512928, 4.11412276919246, 5.989635542811061, 11.080055432147027, 4.077945786611566, 3.92736192082158, 4.811793619617201, 4.890834982479618, 5.723894280718461, 5.69621765708805, 8.142094741496392, 9.031501046189186, 6.241920295360172, 6.190448872875192, 7.07058674103027, 7.575689159218584, 8.955626952847256, 6.839180003986641, 7.564765104716858, 6.5499333873525485, 3.3585954262533737, 7.265444011867379, 6.985554531458569, 7.085476829025999, 10.343081785088193, 4.386498898179739, 9.992173890113017, 5.160446102384014, 4.665049303448548, 5.6028909651152174, 5.5473052405067635, 12.061160165541764, 6.5393750852644645, 6.267631026978192, 7.996277837152144, 13.98635131058159, 8.34489240862687, 7.858126713657556, 6.209730395114537, 6.3866952831040775, 10.855433559351894, 6.349845715505356, 5.814319991116693, 7.276259049089673, 3.3905320571519164, 8.247162647577616, 3.0846171606641484, 7.2108277806904795, 8.566443678138716, 3.8526441966633658, 4.674220467808455, 6.5314420828512105, 5.758852137100223, 6.759144653250374, 6.27197848015838, 7.569484193956049, 13.42797885849985, 8.008301956062038, 6.04880877225302, 5.820718660497381, 6.623994111404698, 5.761557857730362, 5.824703338062994, 3.2041312375437294, 3.8772905246523623, 8.633820499481772, 6.9078887440801235, 6.501737271953474, 9.45089061596692, 6.766847158167903, 6.72216224743275, 5.360577763208743, 5.539948317654348, 6.797527123138729, 4.97650448669664, 5.987115187591255, 12.876477538840534, 11.980256456365183, 8.675130102697874, 11.93244731616903, 8.53600107613687, 6.012920314245699, 3.8749863441577372, 3.6203498627310355, 6.295050442006734, 3.446503828484241, 3.595827750188451, 7.149562141990748, 7.711107082806922, 4.121034220741558, 7.1870480509506125, 2.642983306142274, 9.414713207021439, 3.8353426292930917, 5.471981117684962, 5.67626007589625, 7.671013092666224, 6.748937431643699, 11.091408126241438, 9.626625380008289, 10.112334783741177, 5.7049492406826685, 6.084218678417145, 9.208773305632004, 9.245290394708615, 5.003875344233942, 4.23047257517552, 3.571392176897241, 5.1905537216026305, 6.655331669610866, 8.440433666585779, 7.29857545237596, 4.277281710758983, 6.437769687395517, 11.81769555553676, 5.282782909684473, 5.493451635950165, 5.169660649383887, 6.950948009737432, 10.157463157054728, 8.17820051628886, 11.641077552019722, 6.377000927674904, 13.602804781323764, 7.383712980455452, 13.145138946822364, 6.381929722254852, 7.550544787748705, 8.976102937078897, 3.8070270921558214, 5.658623256753757, 4.572870540582022, 4.679628855280863, 8.607684893455808, 5.6462011581450655, 0.19194311222522856, 0.5617080344950782]}]