script/wind10m.json
{"header": {"parameterCategory": 2, "parameterNumber": 3, "lo1": 3.000054539987559, "la1": 64.9999836372058, "dx": 0.5, "dy": 0.25, "nx": 34, "ny": 52, "refTime": "2026-02-24T09:00:00.000Z"}, "data":
[rows 24 to 47 of 52, columns 0 to 33 of 34]
8.635577264606255,8.057732388381147,7.351670205262857,7.030925921341607,7.411260169282107,5.659554872111933,0.1274910039386136,3.960038597437761,3.5917967498628096,-0.06512443107213356,-0.08217847339300714,0.22923869694308477,-0.22228547231324464,-1.0388538702163979,-2.5465139991328503,-5.910260587939162,-2.805718265908431,-1.4294638094561618,-1.6492367793174114,-1.8466093648054802,-4.202392551921957,-5.32397208147641,-1.986378372806124,-1.4175027877045991,-2.1957924435821057,-2.3107093476690967,-2.2622666059225427,-1.4471236111285555,-1.251817121095109,-1.5475507028190358,0.6621782865309928,0.02848526374217138,-0.8807724689836016,-2.251777727868057
8.285645601046937,8.249261816735245,7.533378189307226,7.119854986459483,6.9349085317961245,4.599699966956482,2.7146257678493884,0.1274002344778922,0.9922711483201639,-0.3221097140559375,-0.48342609188213814,-0.5782438361656508,-1.3230965514583235,-1.200273252418966,-3.366414647642911,-6.020727062717857,-4.152877524744924,-1.2978566333077874,-1.6716052982763712,-1.9454740182665733,-4.026176342444762,-3.879967045205083,-1.7878852324685592,-1.4528508689894215,-1.294049626075,-1.1822576530530988,-1.1608982271146506,-1.0630696295188302,-1.6331799682146237,-1.4950662015852791,1.569300814673831,0.8128121215708061,-0.5150922306859006,-2.334370885003462
7.7345430329860445,8.582140685562665,7.767023464327001,7.872439738707555,6.525534703444113,5.256273755397901,-0.3642636278834017,0.5405580699802882,-0.7035049214128118,-1.014474705734771,-0.644360091322371,-0.2854641035236917,-2.5992663737332933,-2.6595094202065366,-3.9258894385827445,-5.2397930873698355,-4.243130595668369,-0.6160842539842413,-1.0306773725488187,-2.2351134057530597,-2.6107751293470467,-1.6465650969772858,-1.7162449680903347,-1.8320844325130745,-1.4585324068987477,-1.184152028681501,-1.2534629648979674,-1.877054813674669,-1.6149117340371482,-3.1557453172269985,-0.7103624704061485,0.7859026748730008,-1.0858103978237437,-2.844464303643012
6.498152329694898,7.821854987727015,7.416873721039692,7.130131044274076,6.455148140944037,5.211297538240858,4.677138993672009,0.1810911857227048,0.35498023550688057,-0.04824379633755211,-0.030855776381491486,-2.945743922634642,-1.8342628877451386,-2.0506173878629146,-2.8248877215463106,-4.537477704818312,-3.855783774462558,-0.4877299913442405,-0.7286402974379798,-0.9048214004160725,-1.8839694160873652,-1.4532489509704076,-1.3855940995417508,-1.2730131317106408,-1.913075344315347,-1.9660113084656976,-1.4046011686276614,-1.3527215321056796,-2.290070878674048,-2.6390764746833204,-0.18424434968893036,0.3201891766049794,-0.8910499244608836,-3.5832396005398928
6.0848776650730745,6.673746148844977,7.182559950430492,6.52969340562275,6.027863531539044,5.751018469520614,3.652757917135794,1.7534843287518629,0.8504369812026537,-1.1064414644895588,-1.5663387723633195,-0.7767117499711432,-0.5883359844840168,-1.5473309129952406,-2.425560428538735,-3.1627346936448766,-3.5623730633962034,-1.110589394416171,-0.8342032532179612,-1.1072773805942937,-1.3912899072981577,-1.4634550443506833,-1.3791559705177479,-1.7340142606273221,-1.5323789016039404,-1.3806138814668658,-1.3463809965293803,-0.9832540535125445,-2.307670608361702,-1.3078006136241997,-1.0437251569151857,-0.6508542654046302,-2.1473232800231212,-4.310106241140441
6.279809531997489,5.955401026199016,7.0059434677991455,6.670778195811315,5.525623806962376,5.2201790133724,4.3972082294467665,1.950224474064177,-1.514667352273597,-0.24208575864537665,-0.6042207737542922,1.5131075985038163,0.08483450167689538,-0.2212493484506097,-1.6542813926655964,-2.779590611949444,-2.8366019255754287,-3.133069526421405,-1.3699041330103265,-1.1155193414325384,-1.28068007530141,-1.1976751633538418,-1.126911509032199,-1.2209947093494722,-1.5284740390418763,-1.4457544517480836,-1.1478234757619752,-0.9624692968192579,-2.513657491058066,-1.4388095707968784,0.4943375811778821,-0.4586013845365253,-2.0413143965363814,-4.671554333206518
6.73607224916571,5.927318640291775,6.298092581729037,6.601980687727173,5.642548678788291,4.750836084139401,4.178753722267454,3.8983153333383034,0.49389170851076925,-1.4247112000688174,-3.115369218521224,0.07590548981358612,2.013657201666548,1.9871344526056156,0.273613970223955,-0.08239613772035145,-2.93301701889261,-5.09904162989724,-1.139774367054684,-1.2365938492814579,-1.0162962956666537,-1.1527978113342743,-1.1713473465545954,-1.3473036092043396,-1.6720583963686058,-1.053779725560699,-0.8631312258040418,-1.0057448879413773,-1.7144923620297794,-1.5372477696671933,0.45329581466856655,-0.7603119535606956,-2.70277916179049,-5.429364107972825
6.050734408351882,6.655022871657617,5.806734538558379,6.323664186106553,5.7910913331148395,4.548879702934765,4.0526440495966245,3.14811574960725,1.9179319512510773,2.603369729801649,3.339955411296487,2.5945458587631474,1.7927757265312259,1.7700301912621734,0.4642120793780529,-0.9004271818261125,-1.527825330276566,-3.361125256463848,-2.8964379314183697,-1.2404097860230043,-1.2679523189972168,-1.2436238922702534,-1.0804360080479485,-1.320435441683816,-0.8883086836342108,-1.2327962857833126,-0.8369413198530823,-1.7399214850912499,-0.3320582415338362,-2.1072620885527216,-0.29720796211254125,-1.4192075291352624,-3.272385457776902,-6.061665816951639
6.23597226384347,6.3669271529924645,6.133237524052998,5.933264907935323,6.267394817601364,4.827337308415979,3.6127514920512254,3.3116704047826806,1.6906816583541453,1.5528545966667937,3.3114766260767667,1.0551029308635786,2.53645174973278,1.963347267468164,0.510528328843086,-0.9801974898468608,-2.049069813452129,-2.029763353737329,-2.4094812879467478,-1.1854301098560691,-1.000622693856884,-0.991155555484349,-2.188133394652486,-1.6151720189156717,-1.6032536280984342,-1.0309735378150804,-0.6603649060311929,-0.2839963727106232,-0.9964480857411399,-2.441053278431954,-0.7946743476312116,-2.824300659078712,-5.109309877714053,-5.638369922950001
5.710727146237779,5.8813747127949005,6.059086497189245,5.487918075825667,6.320922230053276,5.633566665853101,4.15483956642436,3.5195675899511087,1.8487690719614476,2.911849502244175,2.2136980953482284,1.5824603030709121,1.2648192639086877,0.5794669300123155,0.2556035536737753,0.005327857430342368,-1.3687378914668655,-1.9593912446540487,-2.7558440154042336,-2.992009706656307,-0.4192538290807367,-0.16338452090910696,-0.5581462852285101,-1.6163426876267715,-1.3999266205216252,-0.8157131477911609,-0.19616830950024233,0.6565785906978201,-1.3883482951375306,-2.4254472008110852,-1.9361988916754325,-3.3095095563193184,-5.474334950050153,-6.129615286549294
5.291209023499266,5.767470293771277,5.825151718932968,4.46998091602391,5.026537203221092,5.952348397354319,4.622142275159414,3.730643877918183,2.236151883712587,3.558137243502617,2.196498945069323,1.2782747005513826,1.3893648876355038,1.4378009068275264,0.4711530478369304,0.8587150342908441,-1.1988795114811728,-2.027500408828486,-2.6430523790472136,-1.527719334515509,-0.26470867793788433,-0.284279849376497,-0.2653744829297901,-0.6368387520495333,-0.923662882658861,-0.8518927375344759,-0.1011791176355786,-0.692594982946092,-2.0550986725887754,-1.8595813846492584,-2.62124982609345,-5.223064161464569,-5.974437130832321,-6.116242659571608
4.995126394602493,4.908356675301935,5.103924655906951,5.20338712426947,3.9322027485793676,5.69044011923896,4.9858914890008466,4.285234959493817,2.4050128904303105,3.044590465586993,2.41837558478847,1.042914972373783,0.9765918243017189,1.1575882137061366,0.6694172702861895,-0.9872420646914815,-1.0103424506431524,-3.544621342639827,-1.1582887242744526,-0.6226844558088338,0.3954964099122075,-0.21764160539120028,-0.5224670806081088,-0.2204919888651001,-0.4077384082721221,-0.9302275138743231,-0.6193664125873168,-0.8333449381633525,-2.561254241950469,-2.0176413982152575,-3.022712827272159,-5.356114308673696,-5.968398096852252,-6.189967619498172
5.1588847384008085,4.347422198743419,4.858588679714025,4.709313061959345,4.319831715200608,5.107854351075607,5.133152217575472,3.8133814350614994,3.8571812330409556,2.470091421256,0.9784795188001413,1.0939037775540936,0.8602557869246843,0.4598702443515438,0.13954071959701292,-0.9846968983198761,-1.1151457787316121,-1.7853789686840371,-0.6863493739986711,-0.9525842685260494,-1.1901703703079287,-0.5665304129607355,0.3332462746734861,-0.7676254127566181,-2.175227913422461,-1.390900932673979,-0.12820068308653942,-1.5936084054465722,-2.818394385624001,-3.955612538599488,-4.696548146004773,-6.291594067021147,-6.158293052098422,-6.093048252407164
5.534906199155686,4.537730858318727,4.336593450307331,4.262384442448721,4.381227721004031,3.1386420364488834,4.834649823522093,3.9262621282795305,3.3018046743547984,3.1170347197260906,1.0441308417533004,1.0005146325802028,0.9537234418227085,-0.06439728858466646,-0.019076118069608083,-0.6095077739749297,-1.5199577418562937,-0.7182831822946214,-1.3472632466994878,-1.301429441149184,-1.8205165072822704,-0.922250535975608,-0.6273442456153526,-1.8175186972719803,-2.900249752881844,-1.9757256182546106,0.9623557725837164,-2.136391747159059,-3.1736646471889647,-4.302649144694967,-5.926932358607655,-5.26496854187726,-6.076171376052102,-6.262010094286421
4.864844966635341,5.016257109526435,4.338503172483461,4.1159826588914985,4.01820154037759,3.569225381987996,2.6689936967167265,4.209444612801087,2.7368050677541937,1.7275053714508002,1.4194981211081503,0.6368368387671686,0.24505460342997737,-0.4481847451018423,-0.6356440578157947,-1.7381983041236242,-3.2554975733357217,-1.1354998555749252,-1.2774869449793373,-1.7775623103673766,-1.3372838920450378,-2.28934590750562,-2.231484398822555,-0.5544039394045145,-2.5383721516892948,-2.427049810984967,-0.3834392964573469,-1.6895056023563164,-4.392127026634344,-4.711246529184203,-5.6247337176117576,-4.9144479474183385,-5.793405346299503,-6.512454226246308
5.154993612463131,4.9637649599432345,4.682974681521892,4.07676353343474,3.7756184827043517,3.930147293625311,3.1473054612506215,1.791398933288872,1.7387660727580994,2.981524984018123,2.2066294833215427,1.8853895289751756,0.26737535341787366,-0.4216336987244735,-1.1513487440214478,-1.2325097537535548,-2.4809814937305306,-1.7632093945863458,-1.0386925581800022,-0.9924576153983837,-3.362209707839186,-2.7210988721193865,-1.6967805390962045,-1.454664640803859,-0.3536909781789085,-2.4568152884691563,-1.1254483703368505,-2.3010761604076864,-4.866862014211264,-4.923810706419828,-5.394852979871366,-6.137292057354938,-6.690845071590375,-6.847712995305133
4.859601224884456,4.421654753701146,4.076087384629916,4.0718047349697395,3.7116093334760376,3.3793457268106497,3.2991483867542435,2.6602998409126135,1.9620458703226447,3.533887863111625,2.4487112121112413,2.6028508434192723,1.0794429988806478,-0.18531719674465397,-0.24830369702239452,-0.9482018750079432,-1.9005609624135107,-2.811943347305026,-0.854048806998744,-1.6322590938668273,-4.5349325729657,-2.7129099851708807,-2.2670466247159626,-1.9143003526756743,-0.9052484616391301,-2.7747235165341015,-1.5068300137152761,-2.3480450152837515,-4.227931530856261,-5.077489622131259,-4.991821942303628,-4.9562093934788924,-5.542581670065866,-7.0351926842160735
5.355608916092689,4.1265946854977456,3.6862927671804275,4.0473284778612655,3.8730078317574352,3.321714034824234,3.011489253144081,2.91388532490822,3.1181662901402505,2.253593080917248,1.2721257069647918,0.3857973786319655,-0.861643814051145,-0.48962102083606135,-0.6694992973074911,-1.264545402494499,-2.823762440904525,-2.0488273356371627,-1.1940023018643224,-2.783640685227441,-3.020735106144872,-2.5787700908236437,-2.7537236745349927,-2.37220926780855,-2.615394255455666,-2.1513377711366894,-2.6186705351160153,-2.284976301712588,-2.9462451537526677,-2.172731237704842,-2.8461164661186205,-4.481150004369443,-4.872482111105399,-5.65149266699119
5.024088186918895,4.33269058768765,3.558065663397388,3.53106640944602,3.828985983487195,3.2688066062136723,2.881777559704526,2.943377495285479,3.0237448873496997,2.332727529399301,1.4968034158639434,-0.887463191517339,0.5251346516877221,-0.05169746940572722,0.24798437711576804,-1.0470082666322351,-1.940118848775523,-0.834145559723749,-1.6018063130958546,-1.1140321893269165,-1.7576670847342475,-0.1870585970850551,-2.345337096425208,-2.52687462738615,-2.3129222304093098,-2.8551326580147065,-2.700922591072051,-1.7988048952085192,-1.785746826270602,-2.1653847095273466,-2.1118726263924463,-2.7782591668814454,-5.533727051165826,-5.420832399408074
5.17026238431381,4.83024230586526,3.3964583593508633,3.3810386313754885,3.6403203114358305,3.538985057043878,2.930060521823737,2.761287312659064,2.3765627710546857,2.137506451333708,1.8839280295749086,1.803094007357153,0.3658102740991264,-0.09950876726150812,-0.5150364755665244,-1.1788238313289494,-1.5850594386706724,-2.6913876567131902,-1.0176769418368596,-0.7020808166426602,-0.5642610321863898,-0.7531393500781649,-0.7560839442501417,-2.0499656829793085,-2.44114682473718,-2.3071126727088616,-1.489197440049425,-0.4607451444519754,-1.0779137017037046,-1.6705122652597275,-2.7973828025626832,-3.39969170873739,-4.459712675582643,-3.413666841506358
5.3770926149223515,4.9370071031259934,3.798739404857001,3.2572210354288575,3.169626343822025,3.762103100981943,3.3560012735048765,2.4718382846525766,2.9114029656577083,2.9475745692692503,2.4587896660641166,2.615137325369282,0.7667449245559628,1.111143832243269,0.9755131492714568,0.6199237839488105,0.7736768429501681,-0.9381900569639386,-1.1946963465728857,-0.6839624397533268,-0.5888899958991614,-0.735254694566772,-0.416344620536976,-0.34743523605585674,-0.6747614868856432,-1.9819096668059313,-1.735317981782269,-1.2566676086993218,-2.240929885280561,-2.0308268483694345,-2.1040938932712754,-2.4679955904586874,-5.665005920406775,-3.2734251211119503
5.896259738997065,4.932088952384315,4.924182006320786,4.072512568157399,3.7995178786749153,3.349682455891442,3.3132483930206744,3.2858835108430133,3.261116714411027,2.434541077722767,1.5442781032865351,2.000614033117765,0.677448004593618,1.048150745580931,0.3875160057849427,1.2564680261754628,0.0979836654359467,-0.04644036726611276,-1.3106828426236732,-1.0532115237755784,-0.36656573368212597,-1.0130253898053818,-0.6265391062368316,-1.1213508034147124,-1.0874711679558764,-1.1703160019913907,-1.2303146218472327,-1.1155523615432992,-1.2773474265693516,-2.090843079655894,-1.893314972524734,-1.8710805636398478,-2.3681620438482365,-2.1328536037391337
6.098033201867853,4.949797820790367,4.697980201601472,4.705915603916685,4.012803269093958,3.449641223166482,3.4541925737077634,3.587012493237341,2.985407740697255,1.3135926468779369,1.56055897462976,1.3562239623309524,0.5069602637903241,0.5393111606557679,0.25353831745723615,0.773976132656737,1.120203817112832,0.3124419647594322,-0.5341828991546395,-0.9036466414042028,-1.6539449174349878,-1.203973355638006,-1.111968048069514,-0.9785532404728047,-1.92937044691621,-1.3048432141525046,-0.8710796988752426,-1.2276724171059978,-1.7152119288822665,-2.3548868289058027,-2.4090656558809243,-1.4054015049743316,-3.1574378949272845,-3.5250895453188975
5.20949231638845,5.163014959455157,4.413336764030705,3.8033142958625787,2.77151439216544,2.846641160663756,1.6710027228343909,2.2896946417646364,2.0969190816045384,1.4794004883251768,0.9627479735662821,1.1738951642799589,1.0248962580208907,0.8515707709090776,0.3665966608075731,-0.06747337784954209,0.1485800734120985,-0.290534568200149,-0.3893644207715568,-0.495713022887257,-1.8192636155985855,-1.8671832418536607,-1.9688259016346168,-1.4975309646008215,-2.9060094377223407,-1.6133230484835046,-1.1054686869965962,-2.444896476324142,-3.1440385172157255,-2.8883215648458713,-1.6984400888034903,-2.987099042603053,-2.95923948298468,-3.1620985192732265
