script/wind150m.json
{"header": {"parameterCategory": 2, "parameterNumber": 2, "lo1": 6.000198445256149, "la1": 58.999992894266676, "dx": 0.5, "dy": 0.25, "nx": 22, "ny": 24, "refTime": "2024-03-20T02:00:00.000Z"}, "data":
[rows 0 to 23 of 24, columns 0 to 21 of 22]
4.332162562623359,5.9776085709524285,1.6187089057511748,3.915214985528562,4.1769106330298165,1.1163548450392058,4.851087747854174,7.820744544795717,3.902089927984583,-0.5568511841124912,1.8950825000351639,9.990463110600876,4.227246977717355,-0.131460525452591,1.0256713454311097,2.44672238475943,1.207438598866075,6.56925628475261,-0.35048900387380366,3.2187312581047696,9.52152901334864,6.517584608523767
0.315422980942953,2.786538509206878,5.8702660581983706,3.9181953553924735,5.835957446585351,4.969241444530931,2.082860221645538,7.741651931856845,2.9785395901323732,2.4995683653819927,7.692816452475856,5.011320891590976,3.9949526285880173,1.536754800758619,5.81619601583305,4.2371800703877085,8.334460192387512,0.922252536524484,5.945634752497114,6.890172827279396,4.00322246653441,-0.12436843525871755
2.483339705842217,6.3140038887033505,2.3998295210021086,-1.5767676152318464,6.916177762887359,1.6397359622187848,0.5555741815385661,-0.2011312972285162,3.075523205265521,6.5051686986036525,4.432145976838672,6.141555338943716,0.5054430340893298,6.662167445778241,3.589921035646333,0.8600874105704204,1.4994125189445326,5.162665607144547,4.496883818046777,5.652991537641981,5.423032720750772,1.9617170033960483
5.245414006243574,7.612651582392105,5.505577025792595,1.4362896897212758,6.084277842828995,4.594268919120453,5.0005997059872085,2.759731526891935,2.4232214049530816,3.4263259222954168,-0.6776786610099653,2.6797312557927255,1.149170932931314,5.428757140755486,5.425760444129184,8.595463936054916,3.2815704544019866,4.24294354193691,3.601068224128847,5.072993124947511,1.8639607001972622,7.715691052705057
1.4337178478995516,3.2932316841633575,-0.39482316025133396,3.6010527697517123,0.8598336154279353,8.191350984334171,3.97860139644139,1.303459561940715,5.861069256676961,0.04562892810417715,8.024177617088256,2.285293436658785,3.8884787018955183,1.5886900800086767,-2.368859557516747,3.174505237403118,8.853067360077779,1.738778523264136,8.755997779739712,0.7656406077358301,4.102813830285376,7.747619182492314
0.8452726154404171,7.541384359263641,2.4188751138686033,2.391674319119875,2.810507406085444,5.687339696611115,8.99435066170412,4.692039940318405,0.5225460874911247,6.90462212910843,6.427009419185975,10.182966174279676,6.5024494137970175,4.583884581659623,0.6984679187950614,5.208020098939374,5.885917898559091,4.057226433502464,2.5988850666723495,3.257305452546142,5.205810957575847,4.788493137552563
7.253459935725591,2.0868355379377395,3.475666723511531,2.654561629750273,7.651404535084554,0.5245802502554912,4.927326217714901,4.620216878637874,-0.602552615583923,6.460868786379491,3.5149076900664875,-1.6739438001944449,3.0940326545109262,2.7911828286374463,0.22282557285303392,-0.6718641225442734,1.469369010336465,2.7204403995533633,1.4326463487947763,2.9169311888753438,2.7278137951236414,6.783660176968121
5.189217483343728,3.8383049391592587,6.462494501647254,5.035473702551065,4.539466758988016,4.479646419991963,0.4321858845013205,3.2882845095904347,1.9068601137897576,-0.07084517177046648,0.3370799028512905,4.0266213080595215,3.4076741082696613,1.5119503360368636,4.469534092824001,6.695238082719375,8.24278705276332,1.176574343224056,1.871585389754801,4.804484460987564,4.869928910627953,5.301506362792556
4.4675787035889325,5.563922886360129,0.8701447534832372,5.126660864706972,5.7191352471741554,4.156629891780488,3.6312583328518335,2.923512083570234,4.568431733818969,3.3348104291813385,4.250509348833484,3.989273270332236,3.8111793170701,6.364678299734059,1.192865620871242,5.467216173235219,2.551190407528341,-1.6720278098216912,2.5153758988277612,3.2521649236197896,6.288166011009329,8.742027320840146
-0.04375678349266863,3.2417102667949322,-0.629320708318305,5.759078560347649,4.207860033768501,-2.1124253669782123,8.693545717579669,5.210054767850026,4.483235515640326,4.184453072251166,2.287545775258369,4.892485634407361,-0.20708973288707927,6.1957777591323175,5.155153043184852,2.0637180002136053,8.075749603401658,8.476801041360519,5.497542543181827,2.908038611259296,1.6035884797265454,4.794374783872898
-0.49222054721017683,5.759178347724549,7.146063447417659,5.254387755253306,1.0393351277405665,7.4556223170585705,1.942702406321162,7.737378727038684,-0.07755249637184543,-0.16922564669853887,8.751639280309229,5.140014128874432,7.316378737453771,2.888843949291715,4.662782872325768,7.266612598435573,6.108112788091839,4.0394274039734945,9.802755384035024,0.8296304564188868,8.801233248636185,7.787913144496509
6.043430768482538,9.995446183081484,7.125363501133521,0.01783245811031194,1.620694882266129,6.98306249378307,6.035713776952148,6.261337874625367,2.8857461829928193,1.3590120749552257,8.830528838606442,0.6576583143009224,5.071606572376227,6.368530117940788,-1.056721669195137,1.883742157721035,4.4968712697676265,6.258785998153285,1.190852607190309,0.8459013093139504,-0.1294809982378527,2.6851045771493265
4.036670616054272,1.5765681786600303,3.187163368029722,-0.7531388283521433,1.8690537402491247,1.6625314377315312,7.601294886876456,6.1953033294877375,1.1445614741617907,6.914217945963094,6.73325981422444,7.2329360890309635,2.6466847741397657,7.175879764517344,6.758672272299376,5.561253928524117,8.420384750656162,4.276888617240553,7.974316394852588,3.0694825545080557,1.5513062201733245,-0.7580472052180096
7.0974812834775225,2.2211852261654736,3.176936401122137,8.879684900765858,-0.6024817165866244,4.836290507489514,3.466322790283235,3.180184602093223,4.386470807356203,3.7052310655492535,0.8098931155878412,4.501329086787933,4.991529072349058,5.421160951448984,9.752573030942658,1.2819998359485691,9.079968946368481,0.5120556884304677,3.7697733604955506,4.679359905369191,4.068079107495007,5.704724561537512
4.080220738736758,0.3854225582831747,3.4932492586099193,6.223435367218279,-2.571651300927289,4.0687412261630245,7.784381812369998,6.280576724499651,-0.16223647995833293,7.090511096982409,2.377836565705906,5.953084734049046,2.733498194358126,2.0679789830905393,-0.18237834977003886,6.172171644692311,-1.5677862076274123,2.0145712493055314,2.626033030316468,4.989987006588166,0.2720043222347594,3.7812774211848077
8.879951295241296,3.5587109069158207,4.768021329275369,-2.5141085638340277,6.4741945744591085,3.255850935477576,1.7922450090343232,6.439317590404681,-1.4166412015052765,4.693904106468731,4.3073079007036075,7.453271418009129,5.102877268573082,8.789350103366088,6.691346208379367,1.6058504804814575,4.762641945802565,7.860944866803643,1.8268192737552356,1.4887439800285633,2.6553285840928154,2.4277167224859872
4.5538285658927995,2.255601673588121,4.300092533385106,6.1003740699474776,0.04496341896309843,4.906555547357932,6.8447448900646926,0.22524557282208438,5.835318343185548,6.0776522499013605,1.3714841499733676,4.745815031693262,1.2860433524874886,-0.37085058600618515,2.9205614650476996,0.4716720171176702,-0.40184582781374545,7.583848443398651,5.386141807726681,2.958411675915262,-0.8841800029174759,4.948838919273454
3.7231532293719423,3.936976191070079,-0.3651757290589341,1.8548858016546104,8.808942075634542,4.944071964745336,5.215995081312948,7.8542299664006014,6.818251924167915,4.74408736626303,-0.4365169772342521,2.419207502642215,0.42904654639406564,0.9435411887542715,2.78911620976519,-0.7261160164200952,9.708269881871125,6.720369667759269,6.707493140021246,3.7487770058698664,4.998649365813148,1.8321186300762513
0.8886744045346686,4.394258600319377,1.3601660627234902,7.130749962973101,5.846515278739171,6.437450471592842,2.0680040026840896,2.1515125329793037,2.7286934920797807,5.892949544339328,3.7168084963792154,5.823152556777365,1.5731401611945093,3.7054703532303375,5.050020092625077,-0.6686080763426502,1.1997447998046702,8.02797829069896,3.8610027690307267,2.6594724613176037,1.7623201825690606,3.9845613049045046
2.8562044396859614,3.7253761524160396,7.7025006181416815,5.547029827513688,2.279961125327268,8.177683762134818,7.318409267597692,2.2880975876195544,5.333290265900555,3.7904106297614018,1.6344989738489195,3.869064261692479,-1.1168762870334281,5.699962370802992,2.440246030281135,-0.012680628544432828,5.660190423455616,9.331234070431952,0.7452519263064022,3.6531693762423414,3.9176839197576445,4.9643615841835755
5.495941154365912,1.2739369180012448,3.9572060431516243,3.2005706415889064,2.0156344788155307,8.106030523418193,-0.24017266540592097,0.5211712519535215,3.4432683671290465,8.341883333773051,-1.522347456881862,-0.5550957656956585,2.4569687967541713,6.302823590255273,9.096802737460225,5.183773725179325,2.4656709204986083,6.296492552683316,5.299986965018935,1.723855100216158,2.358140758883781,4.886182134387369
0.8555451737254753,4.155792810786486,6.091542409497042,2.5817493105846343,5.7402095897891705,0.04748126952285755,3.2466118035429985,3.9405533004854987,9.63325193453512,2.776202440548246,7.072883935690758,5.032101227877719,1.2188843047729876,5.4179166278477595,3.7229315523711484,2.426560900813868,0.9639968452494098,8.014714478928482,4.1432972633662555,5.207767641705767,-1.1941220088487645,1.8015619019366578
7.290387976169439,0.9964251526167038,0.2609362978289575,2.9422134014601315,2.551818248665576,9.646384601238468,1.594791844274515,1.3485896575888927,6.330739075247536,5.6467443489888725,3.833049701927185,7.43404810168249,5.631313938100522,1.6331046372107623,3.603244478423703,2.7935940851347327,4.105384458673435,5.721916457265601,5.831823938126026,2.970859770872702,1.4979715248217564,7.072903659529934
6.293511619302678,8.517258027187257,2.3879813728430768,3.835900360256555,1.1786192266120827,2.661740560743415,7.69981933456189,6.759146343059182,3.682322702299388,5.232686055978797,2.5798446636244643,-0.022053621360901488,3.6397264691438957,0.6475521075997662,4.340490140855219,8.84655862044514,1.8007984782860411,7.9085890576261395,4.809277332475199,1.2458402666723116,3.8864414895829826,2.448958068408568
