script/wind.json
[{"header": {"parameterCategory": 2, "parameterNumber": 2, "lo1": 7.000391667275174, "la1": 57.99990880038887, "dx": 0.5, "dy": 0.25, "nx": 18, "ny": 16, "refTime": "2024-01-03T22:00:00.000Z"}, "data": [-10.641967019175832, -9.422251263879499, -11.72073547885067, -15.619088822338396, -14.931588725670649, -14.553498499510624, -14.30410206790609, -13.921230957275851, -13.069828999344901, -12.487990398098598, -7.78446222091018, -6.303608842433141, -6.231317301885623, -7.547796488914104, -7.493065238851592, -7.127212406343381, -7.365483730272266, -6.302754566755798, -17.368114882859505, -15.998330211978962, -17.31126129932304, -16.14333586677155, -15.692062991223416, -14.941121872478533, -14.338306018988504, -13.220186884291406, -13.933801863632592, -13.371127741216377, -8.45972068835663, -6.372280973824769, -6.278241075473531, -7.048225613737338, -6.767572208053589, -6.722516545077257, -6.256769531021717, -6.127206558558785, -19.020879357020533, -18.23129504135389, -17.025164600679947, -16.245600173775426, -15.539658995405198, -15.455826273191562, -10.375851647280092, -12.580050125497094, -13.0390206481021, -13.00213227513633, -7.948374639488633, -6.625445503403434, -6.672491461463057, -7.056676663492688, -6.579176191311593, -7.562643403795513, -6.627830464873484, -6.126525828310957, -18.219917767541325, -17.441782197732078, -16.884250906664743, -16.14451362361634, -15.169455101011806, -11.242224948782248, -9.389131613394719, -9.988129438021224, -9.350810080520617, -13.68580433320204, -12.093552577664392, -6.854296078684737, -6.799680493381462, -6.85850540112695, -6.453866211285347, -6.795811078620892, -6.623006483210275, -6.033732274301016, -17.162730004859096, -16.97606221086151, -16.6773362011923, -7.15734851727177, -10.20868154266673, -10.376143600730199, -8.440469501582738, -13.320219119400962, -13.700007643323483, -14.042203756682904, -13.316091009957528, -9.509530139187508, -7.40051338999768, -6.7437342048084545, -7.486507283927778, -6.76982335651477, -7.031767939537572, -6.231460465462473, -16.64340158817344, -15.374529485026736, -13.642000425288435, -10.55528235014, -9.440100368477848, -9.602384823036916, -9.386485557044809, -14.154290843150275, -14.860747957583513, -14.987504185370735, -14.256395381045154, -13.098345605039638, -7.492460228029462, -7.7308458864639515, -7.292362967880717, -7.369354023650559, -7.115999216012928, -6.627360718483186, -15.177181872060935, -14.665661288043289, -13.91831080403871, -9.568816378876408, -8.79391453770002, -10.76821102472875, -10.290392730752263, -12.765742823208251, -15.47866393320546, -15.432415420021998, -15.388894398972976, -14.596329208235849, -10.624329210105646, -7.3062292037394965, -6.670180631978102, -6.830802909195426, -6.732441958322327, -6.745152902108788, -14.427455614697438, -14.27828536349774, -13.476191985769578, -7.169061675761639, -9.613023632527073, -9.94359056385567, -9.035963469020256, -11.578174734906966, -15.807120406077974, -14.479082904161835, -14.095308958696531, -12.095919573862878, -10.253826726814067, -8.204070860484904, -6.59166077221861, -6.942723579089885, -6.3145446551645374, -6.891025788771986, -13.696028545100823, -13.222880927787807, -12.089955756490115, -8.853896719344412, -6.970355589445062, -7.612002823727674, -11.514402743140879, -15.291522441497735, -15.842758598097266, -14.376131723493375, -7.871928732395579, -8.132570041928318, -11.104891899516707, -8.951801164844541, -7.466412591474768, -13.391995542326576, -16.113671135573657, -16.43276216959534, -12.131452639112512, -12.203879005284168, -11.62737991621572, -8.143055615028187, -8.746578813495429, -9.60464724457383, -11.518495259082774, -14.664597822748828, -14.609454257588816, -11.722914486897524, -13.04669590276302, -9.335385602413059, -12.887639005751051, -13.651920118424897, -9.622353513595844, -16.36326877650146, -17.251832580097567, -16.61342707218798, -10.837107630676773, -9.761340077229077, -10.385192955275285, -8.259799015194094, -8.738387536948226, -9.465835772166269, -10.487263319508495, -13.218331507856579, -14.611872292522992, -11.621763472152685, -12.153656803607893, -16.803006447305695, -13.545808859295674, -13.416095982301396, -15.024972780498445, -16.308218636109334, -16.230899421861903, -16.179944978368336, -8.424952393794696, -8.015700114947817, -10.691902784205572, -8.942524102138162, -7.030897961577241, -7.363682837443889, -10.255599451922325, -9.17921369412872, -12.67258815092879, -10.659130611080768, -10.96012987831878, -18.656240583882273, -18.621432135205033, -17.987959142877926, -16.731293545566597, -16.45413872888114, -14.880010725101537, -15.926671523017513, -6.90082629922897, -7.118427880855913, -7.8534518586397555, -7.012148006740738, -3.9100236162242283, -3.818736990203491, -0.7649413001857509, -0.7616332599064374, -0.4572169103313864, -4.3073082715914355, -4.40760767478897, -13.358372468363372, -14.219353793850901, -14.482197062492512, -15.054030070219204, -14.62396223863557, -11.401967168619318, -14.532880257597025, -4.988462610876664, -3.4162867474667764, -3.013952855281232, -2.615518971505587, 1.8175035615338766, 4.032400065089069, 5.4867826542643, 6.888086080159003, 6.2367592070005395, 3.2543967311183635, 1.0945959125324252, 2.5791931061482387, -1.510552632326949, -8.30940040963756, -9.520033556367453, -11.757968274408938, -11.338590328825333, -12.435041272665494, -1.8642529007878919, 0.8912457158104435, 2.6679126702408094, 5.663951090814563, 5.4472562710927335, 5.6504831654930685, 7.60242909864635, 8.329734909608774, 6.777162207594736, 4.289128238246487, 1.959551864107299, 5.984448009470777, 1.773187831519657, 0.8819213728526422, 2.2586354288961408, 3.9356105090334905, 3.176685615780436, -5.614457097900259, 1.3785857916736601, 2.884039108780363, 6.454052988546322, 9.260992221545823, 7.073788357529729, 6.371887653242253, 6.020313681684851, 6.149987314759182, 5.456892175717766, 5.7455301628289, 6.418184370046369, 3.8490709839803934, 2.1048856237633653, 2.5626487569556176, 2.005531488421183, 2.656693383264061, 2.5023951959799224, 2.6570491758341506]}, {"header": {"parameterCategory": 2, "parameterNumber": 3, "lo1": 7.000391667275174, "la1": 57.99990880038887, "dx": 0.5, "dy": 0.25, "nx": 18, "ny": 16, "refTime": "2024-01-03T22:00:00.000Z"}, "data": [-6.4760358349130405, -8.546020352336296, -14.623698295838167, -13.003041310673161, -11.533638553937523, -10.152842437708665, -9.687762196448347, -9.010715594039882, -7.882905820710221, -5.747383258497143, -3.3819165870787153, -3.41249650091388, -2.354070510694565, -2.288887828255446, -1.8130304395356778, -1.3886444731064105, -1.8178228569347878, -1.6556873130334988, -11.353029998345079, -14.196350852549472, -12.066837152762792, -11.567472868112173, -10.835052061423262, -9.996050457642939, -8.843066239405537, -7.04568091390786, -7.369025018402442, -6.589332950293059, -4.3815172318418245, -2.7193727395513183, -2.966441511586082, -1.958374328298649, -2.3585259470602957, -1.468426488383923, -1.587683192674874, -1.2748390124187026, -9.575891435889984, -10.452337873222671, -10.54061984438384, -10.436080544889824, -9.686000427310871, -8.972116127505116, -6.679598125168608, -7.305180705760917, -7.3216095781171004, -6.051372206700077, -3.045781772881131, -2.468367926644491, -1.8239301761426856, -1.6877434912033866, -2.1638699991319186, -1.7836063810169043, -1.917937013804138, -1.8401637949551515, -8.646040778866825, -9.325680235283238, -9.268492675718468, -8.731713882396479, -8.342209334379703, -7.006326055966419, -6.148342363414782, -5.529842136671067, -4.522255002333461, -5.318065364332908, -4.690345249154691, -2.974665053486029, -2.4446471325292807, -2.3415032714169883, -2.071737000327338, -1.6429578443032407, -2.3644148085810204, -2.016053297485553, -7.2970702726158025, -7.4456138617172325, -7.488403664574762, -4.1106461251739495, -7.8942421227170145, -6.403591988021311, -4.713427765580759, -6.18630671566396, -5.65463129366382, -4.981993145308466, -4.416316170983383, -3.2066345779156733, -2.2234074259226406, -1.9636004978243842, -2.37482548525265, -2.1397590345204978, -2.3968127852071657, -2.3269844857578628, -6.324372593139164, -7.202986636448287, -7.787320868736192, -7.464591705252136, -5.9722780566571405, -5.632315415458398, -4.920328001986577, -6.033728518075812, -5.545066577143457, -5.166639744055967, -4.418770420870875, -3.571603421106523, -2.414570039149352, -2.2709041877946747, -2.3127787511154096, -2.589327260006267, -2.4774980364083827, -2.4327741608545805, -7.618294931970334, -8.215113585367424, -8.00245276842971, -6.6278837521068965, -5.629673299056458, -5.330358053022373, -5.282165338440761, -4.832176441931316, -5.748514283899832, -5.333675064578671, -4.670622193814665, -3.930379801291602, -1.9687635463158566, -1.6775765711958215, -1.9337391553295018, -2.04103150761969, -2.3178804616610473, -2.331789120485467, -8.060341142627614, -8.624959778815791, -7.720046400221688, -4.9149966294525305, -6.333007775063915, -5.664385897850666, -5.403381186473928, -4.988503583513896, -5.640991326952581, -4.589464621310144, -3.1064366241097288, -2.146204900760848, -2.086142260972999, -1.4716814861642142, -1.8765217981583253, -2.399675265013648, -2.4780686611530705, -2.939611333119177, -8.044933622365535, -8.903028634094492, -8.324896217689176, -6.267467715432306, -5.123634013729707, -5.780127282566182, -6.236420853320098, -6.145788575281467, -4.655387041967092, -3.613406121613153, -1.7335199701572308, -1.0662230557843115, -1.0677752197579982, -2.294984863894294, -2.174738182486786, -5.1464760751944745, -5.876349107306456, -5.266209848286744, -8.400390855772965, -9.43769490508093, -9.259365179892642, -6.853962529002249, -6.425413136779077, -6.721929311748925, -6.8546775229482275, -5.771396322278197, -4.0027217660713115, -2.388012566921947, -1.7645366675778285, -1.7880230451210575, -2.4067346405794394, -1.7664340879924056, -2.909011057161134, -4.042950595078846, -4.0973711687212475, -3.5449086376069743, -8.938900157485163, -9.538261847756248, -9.378027218912544, -7.64654525483232, -7.547408632339244, -7.254455117963472, -4.683514139663475, -3.4831307748234237, -2.7642500380325288, -1.2355052038909426, -0.9980678313003389, -1.4828883295016893, -1.4992881815274408, -2.6630559793375252, -4.268002964535151, -2.674137512723711, -2.194885624831506, -2.214538440809348, -8.857917198596137, -9.737211621547237, -11.024098065269609, -9.791470371834817, -7.446581786131003, -7.204996447692622, -3.868331264244507, -1.4699070389381064, -1.1382255538087362, -0.8489296010918346, -0.3404425112114465, -0.30557751283947204, -2.026983017476316, -3.5055536912053467, -4.232372478685038, -2.896050017886032, -1.5037898852194231, -0.8243295688030415, -9.079210262218407, -9.9769014361604, -10.185213275518427, -10.082937898112183, -6.195497962552242, -5.871379369772965, 1.6163346304539086, 1.9614862964838509, 1.5458664356932719, 2.1887822941811725, 1.0527964934702847, -1.1674516266516186, -2.2890094631420754, -1.9736205731429928, -0.9512908199835556, -1.5010042872106946, -1.775899828066655, 0.3901387545510662, -9.359179807783885, -9.76522595513933, -8.60211157176179, -7.02627556438801, -1.887941378983371, -0.053026337053927085, 2.4128260701910103, 4.09018607139379, 3.6927387870110295, 1.5478613943982833, -0.35409725616935783, -0.32344997544852244, -5.878237345651426, -0.779172919331241, -1.7601858012603777, -4.221993730217148, 0.6530312545878486, 0.39467567053810754, -8.39610456465544, -8.396218314967372, -8.004794587774102, -4.928679779169724, -0.8201969856820304, 1.313650767333077, 3.7887631609041295, 4.694995313318845, 3.0599733188330727, 1.4944433654215799, 1.2050529532526022, 4.062319481059713, 3.335181791994945, 3.350539167188969, 5.416122182003293, 6.628054741483443, 7.326814231668675, 0.8053670252210483, -6.957790771821596, -6.770583829260986, -5.9205663997679565, -2.7382559780575213, 0.5719357107760146, 1.9186119855601147, 2.4701883841681385, 2.7070406331441785, 2.2134147783205886, 3.3157716162221296, 3.671955773436023, 2.2135097542548494, 3.3316013641311812, 6.030209689335361, 6.1778573271139985, 6.0019980363763, 6.62380220236358, 5.862346196457786]}]