script/wind150m.json
[{"header": {"parameterCategory": 2, "parameterNumber": 2, "lo1": 6.000198445256149, "la1": 58.999992894266676, "dx": 0.5, "dy": 0.25, "nx": 22, "ny": 24, "refTime": "2024-04-29T04:00:00.000Z"}, "data": [4.801598495277561, 7.424495692251146, 5.813294071405795, 3.449033664007597, 3.743274195976685, 3.705785292048757, 2.3452746996348597, 6.22100435931582, 4.714112098854954, 6.615987713260946, 5.99944758370127, 5.481331094340235, 6.361853540624438, 0.9093292767891714, 0.4588715230278345, 7.7764240257420925, 2.7217296974140077, 1.227655487132743, 4.618346303407697, 9.398573038780231, 6.267900179495327, 9.246206931902071, 4.717758102670879, 3.4668936655873748, 4.771227383024569, 8.478379099268178, 5.1004344251845675, 6.627428516627692, 5.162082867906392, 6.625582947409365, 4.621063279605181, 3.243298907642669, 5.735171397865136, 5.124984127178698, 4.287880221793616, 4.857939729325644, 11.45503735498808, 5.7887144175783645, 5.233947464842727, 6.4866133711865075, 2.170102980386558, 8.04162538986989, 4.700032823981217, 8.855187171999217, 6.33063560896367, 5.672967221954858, 4.795293720803595, 7.92702569134988, 6.354520852608096, 4.405990001167072, 7.635717151278375, 5.11182275568659, 8.403068510428863, 7.768155225093428, 5.041879457893814, 5.030473143412935, 5.8347369921197725, 4.914251132550477, 4.037942224031824, 3.7950400465878027, 2.746579189928222, 5.538391314777961, 3.9300040710463167, 5.091398680161015, 11.140686739313386, 7.18748505600092, 5.874955258662217, 6.4859335522971495, 8.1382703052437, 6.666441541446785, 6.555594961074631, 2.1618201545816085, 6.429418503075644, 9.45412127782892, 6.476839777703268, 5.052978636962388, 3.9240927257152505, 7.862527651353353, 4.129435423601008, 2.933033186700089, 6.3952025378374895, 4.667117984099347, 4.817181683025013, 5.4469921073705265, 4.175708327160595, 5.505139709480892, 9.648535925150862, 4.840704413080608, 6.577301335020509, 4.952445761069475, 3.4003402122408106, 3.5363418740922445, 4.957507356880554, 7.300993763936781, 7.8161034027501275, 7.912452495367194, 11.736335223414907, 6.285830139269502, 9.611084353437237, 9.28774266352435, 3.781977321160206, 2.8847992844778245, -1.633746815721685, 4.967229307732267, 6.5933406619505, 5.765281189173395, 4.407681517898201, 6.665509423106282, 5.483143178259924, 5.480834250020434, 6.907589977972385, 5.165788804487412, 5.708828447692006, 3.6933305147952464, 4.834835962711185, 5.621793292441515, 6.5197710115757275, 7.524779254510688, 5.8857100198636125, 6.360741533664748, 7.482630438139232, 5.052679959499434, 7.028061986893951, 8.925502687300806, 4.233771648613241, 8.293933524843034, 9.83675335140011, 5.500905694978054, 5.219744395084882, 8.472883750334374, 0.9427716174947116, 10.86927122483423, 4.365973002382297, 3.5086621071302146, 5.500645673759369, 3.7827943407148004, 5.514803524371824, 7.513161865225789, 4.254105816307879, 4.929946487824359, 6.501599189846117, 3.0764498733305756, 4.794221783224243, 7.491178369958141, 5.789697414723475, 10.833838412088213, 5.431273366484668, 6.224216264811107, 6.93259594460941, 3.140636783420193, 5.004155979638527, 5.7605689057013185, 3.384115486276426, 6.532508035530249, 8.911218890245017, 8.352442477915385, 7.2056859059577585, 6.568922087989705, 4.9675365060599495, 7.665405392813704, 5.115368978642016, 7.255903952095134, 3.265092965052303, 8.12951056787151, 5.919008242835799, 5.351326284392127, 3.9360035254162784, 8.578053529540991, 6.1049673802390965, 5.273752100383486, 5.482052948794495, 2.8014584611553937, 5.946353279099732, 3.8029408355674144, 5.4311765510951835, 5.530564646195089, 6.8390094708651095, 0.8275825535007956, 5.393633349974291, 2.994298669037878, 8.844803287280866, 3.504825045100616, 5.69342427315581, 6.7530319946692945, 5.433062469762355, 4.457562301837661, 4.405214383403687, 7.505392447813684, 7.821987848432312, 7.134350993901473, 4.3267801309370935, 6.730045015556373, 3.2091069180108818, 10.062064659642228, 7.1190747797280975, 3.748592322417653, 7.551185529712757, 7.352489053810307, 2.9181319768202623, 4.561400036329293, 1.526599159200131, 5.742498829165817, 6.670425841271727, -0.21633877330678436, 5.703029568675779, 9.34073960694359, 11.287874485813386, 8.846616783477652, 11.371544785226844, 5.826636729502813, 3.2285681751886117, 6.73320890222569, 5.472512398217542, 5.132954217321683, 5.9728001234952, 8.05830666551625, 10.65573542497246, 6.894560630190494, 7.285611673147118, 4.9837520345862165, 5.251900817358256, 11.502718194328171, 7.5204258745017425, 4.075269326482786, 1.9422342180168273, 8.57121211208512, 5.628460802026421, 5.039288084868839, 5.7778631280310675, 4.310901047993395, 8.512176861746328, 5.7448171033526805, 8.201330566698308, 4.140220782758288, 6.523027916691065, 7.437861065092957, 0.3998524680134152, 11.283405722134175, 5.802422416135691, 5.811565621865748, 6.335934038352107, 4.9574407286718305, 1.307296818142774, 6.973401105377455, 6.7054331846546535, 7.613728951836497, 5.763065230610633, 5.560672108744877, 7.172502289053495, 10.665159949218877, 6.296668564712688, 9.598726059350668, 1.6573916290906412, 2.0348999871746387, 7.731670164356071, 7.30123333658738, 10.739407638854983, 1.595874854867755, 5.529220273507776, 9.745922129684665, 5.557048422354831, 5.2891971924353, 5.837126850068697, 4.163597912529169, 11.488205521106103, 6.74170937493542, 3.925782128463797, 7.083799716827725, 9.219000104268334, 5.674860627604395, 2.5621360279230654, 5.688208004612116, 6.701107722712912, 7.324610127474015, 8.564302603137024, 6.152268993832171, 4.267558292461076, 6.2115505934713715, 6.319875246096623, 5.9412053222513626, 6.4310652795227865, 6.850485653865359, 4.913016419356805, 5.669878814856966, 5.225051985770646, 6.624317428199349, 5.359616877878235, 6.217033583580572, 5.487185952543047, 6.547031005987015, 2.4227889004953025, 5.487334496362449, 6.207845500267199, 5.489133549809837, 7.2516919527234345, 6.2292595266167785, 4.663780867035958, 9.411269659868628, 1.2810301213128756, 6.217463317719405, 6.7699527037898095, 5.310355913608418, 3.603558934927735, 5.2974291011170545, 4.1956658180324835, 7.139107580584355, 5.128503224064552, 9.255071630420808, 9.183863197738466, 4.1268581916071225, 3.531367487443338, 9.143212699978118, 4.918893329239191, 4.5038990977883495, 6.3720701483990005, 6.251080707411114, 3.959402779865915, 9.80453956764725, 6.544141583758088, 4.345832941248379, 5.32009688078764, 3.390464415971648, 8.078695041887123, 7.673333125204726, 6.747793203255889, 5.497038948485857, 6.737696550112273, 2.8772425964314996, 7.140574059279463, 8.264155950928687, 5.816783758287129, 6.991298156920639, 3.445495769281932, 6.985141002463659, 7.028484305864777, 10.348900108863939, -1.261160790103182, 7.451447495886869, 6.4796740659656615, 7.4344897399209104, 2.568827065870835, 5.9727051824636925, 9.336123840102006, 4.594481901341584, 6.593120893440826, 5.958553298700448, 2.3791310106343526, 6.945964382147204, 7.590662320544683, 6.343595372514562, 6.151660965522948, 5.357661589006219, 1.584039222267559, 7.021388825111055, 6.35752559540676, 2.8344821781953855, 3.6408760359827737, 4.940906996201602, 5.97979186333919, 6.78302415810458, 2.5256025498713677, 9.82789447034493, 2.9234865216407897, 5.441956189944131, 4.580187896747353, 1.0885768132062184, 4.133472608680573, 2.2097438973061125, 1.9112881501266992, 8.594522642866227, 5.109358507302829, 7.565850903918478, 1.0170148384893505, 3.991498774917853, 3.704388658815599, 10.765485151632658, 7.02156889551228, 4.563984591229001, 6.459421777062193, 8.848151690822895, 6.9414538095657585, 6.875941641377648, 6.949253006180896, 5.897492377853583, 6.787043211538069, 6.895262608472384, 5.14319019945721, 3.2442527459719885, 3.8412471890437327, 8.56160723487668, 6.443570629410945, 7.210912031732592, 9.854127375950814, 5.736448447283084, 3.290720894273711, 5.478615068937749, 5.378253179090747, 2.6150410751940063, 2.626468546151606, 8.635213221437679, 1.9230541750399348, 5.093309119821778, 6.398735671606775, 4.535578174833498, 7.108374315235288, 10.468843776461718, 5.885061651379188, 1.965438067387507, 2.7486682960771898, 6.129144329078755, 2.4736776812404817, 2.831411464308534, 6.391440647005042, 7.6462760162393915, 7.612780193344518, 5.74135022428949, 7.376259257106459, 4.338829890616737, 2.9988036957037743, 4.0933288351638755, 5.121103296869192, 4.5818270877750615, 4.096041718500365, 5.728599361323766, 5.323965870690465, 4.802114842915759, 8.631366243534524, 9.189773438162359, 6.425989472871252, 4.477724077499761, -0.8542973010179993, 6.49754046277981, 2.4765040516659003, 5.302195278930607, 9.123168340015493, 8.222162371447318, 5.1191615598035325, 5.838518177323904, 3.6786659554247017, 5.389871831253521, 5.539795451208139, 6.79494400183496, 5.463839695633485, 5.058191185446243, 7.685817000499497, 7.689331244308074, 6.825448647540149, 5.022506165698272, 5.016546470369062, 7.456401915718548, 6.509478901745456, -1.27560152488631, 5.154650491433933, 7.691603373772391, 4.113430289491591, 5.295678981514089, 5.98727497882514, 10.641751460052976, 6.349058744707026, 3.8499832892544714, 6.172762824255902, 6.3077994860003095, 7.024439453130103, 11.22237218475483, 2.9852110593990933, 3.029806814035888, 10.020244375292569, 6.915296127976174, 4.342265520367482, 9.62707169700349, 7.491845004455672, 2.396509286066973, 6.3478354368497625, 5.562989765558516, 2.9405545634349863, 8.44895919889566, 7.2406362117422365, 2.9388393066496468, 7.245896293509478, 1.8101861655119555, 3.907310685968263, 5.2261224550994, 4.548279866535939, 4.877494182032172, 7.9915758817346205, 3.8622609746155536, 6.524683389613008, 10.931334984496205, 8.071262064308026, 4.923854048145306, 2.298657733770768, 4.630678715362609, 10.380525706010452, 9.322531633018034, 8.27863094532597, 4.579970035322826, 7.02318960757942, 7.69253892422952, 5.381127753338478, 4.674284543882071, 3.519099571394385, 6.561296761159867, 7.238385193185803, 4.794145668354119, 5.977847896010366, 7.19127872748226, 6.966099063347911, 4.94289069300331, 5.659485388885902, 7.666637352920846, 8.811640746151147, 6.874130114883356, 6.338606069889409, 7.500145222087076, 6.483415156935833, 11.440500500822308, 9.536224986133524, 2.2619444841304217, 10.312981893770495, 6.917660927494066, 10.013737304610427, 5.015748226196855, 8.59488692588071, 8.313796003792339, 4.4685078463713115, 6.319092062685727, 3.3127129588656765, 5.072359103750812]}, {"header": {"parameterCategory": 2, "parameterNumber": 3, "lo1": 6.000198445256149, "la1": 58.999992894266676, "dx": 0.5, "dy": 0.25, "nx": 22, "ny": 24, "refTime": "2024-04-29T04:00:00.000Z"}, "data": [2.7069164347112236, 10.557640667383357, 11.083632133383194, 0.24728824872940044, -0.3864541715176179, 10.256963567608153, -0.5499214414113021, -1.893275855265966, 8.86532556587041, 12.171204096895597, 9.309069775808815, 8.046901893459987, 11.723787793791079, 8.25764235088662, 8.252383919842464, 4.460860831030507, 9.79516734139353, 9.365825540461943, 1.9626163549193612, 10.766622609771588, 5.598723925289352, 5.490293633724671, 0.8029019978886989, 10.23123125015269, 14.35423064592354, 11.281912032764346, 7.787859952773215, 2.100202436595449, -5.8062432194421545, 5.962873842309084, 0.25369248748744383, -5.304643329755457, 5.105660414728166, 8.416230010199431, 10.877193202252807, 10.793118470247466, -6.245312289825656, 8.313604908615778, 5.982336541811029, 5.701338648264939, -4.054577118408253, 11.224954914660657, -2.53452878006716, -0.9001984374237737, 13.22026089199347, 6.5363677087672425, -2.1964166246035757, 0.7020979209874735, 3.8335537729970075, -4.553608950837285, 6.635958045911907, 13.04152778836249, 11.789575780823982, 0.3004934122489533, 6.848261049419212, 8.015938203525405, 3.84349377922589, 7.475100604390395, 4.998330326951051, 7.426791861795277, 9.099646147219461, 7.682654142122853, 9.161864904752317, 11.018110455543297, -2.1703008479780626, 3.014621463752375, -6.728615350474698, 5.989008576758008, 1.0508655185845515, 5.624036095866808, 5.71109610873524, 0.7312868594590746, 3.8338480252782037, -11.2789716537788, 0.4082032606044198, -2.850671690055027, -3.8989857375891273, -4.791616706634092, -2.8376148597526667, -2.6975218878572464, 7.0563759481101975, 8.206772237281259, -1.7546835659614086, 6.944592270902559, 7.418793209014259, 7.795981329328607, 5.9857771046060755, -1.5112175189985901, 0.6496260532459639, -2.8367648134538612, 6.821908756891612, 5.149464945560465, -4.021788628298274, 1.9222258791042994, 5.254092126873362, 2.7560733267745214, -6.292119315219056, 12.642957731514793, 4.272943753338937, 9.866420518150955, 4.845238230571936, -4.599753710938772, 8.775807553560174, -2.4331562926065535, 5.2370070911327025, 10.027116183266628, 6.817043507387178, -0.5057730582580828, 8.543452013496534, 2.685082500492466, 1.112456624490445, -0.7645372422092256, -3.2390425373388596, -1.2902582575847676, 10.466843886582872, 7.988817939080554, 9.418343014530269, 4.596336301211059, 3.7324854109655026, 5.47662630737247, 4.365594225656699, 7.506112560429184, 5.385096396569435, 4.726911333329759, 5.55205473605034, 2.4678905825665045, -1.3680921498097933, 11.117123198722123, -2.779676845603617, -1.3843495462640902, -1.8410800728230634, -5.484227650396705, 4.7709157549041, 9.89169053213556, 7.268179201404215, 0.36798070940482125, 5.0693817729955954, -8.115707465111614, 9.221634270278646, 9.246853344338755, 10.769283379295727, 8.013185575498456, -2.092953040181102, 1.3790355584583187, 11.409153707915443, -3.6666032826075057, 11.137001010134924, 10.66934608550208, 5.422908436704033, 10.712074014003518, -4.533453839170738, 11.347906107967168, -2.739659870867448, 4.138919434946234, -4.39059817385006, 8.732709754915719, -0.02863030355396509, 6.160180838774972, -4.672191295081456, 7.300331499690554, -3.9439063967719656, 12.686349761103147, 9.327825305107657, 1.9584225342422072, 11.437169445316366, 8.425861960930346, 0.9300276325662941, 9.215912799217309, 11.540843792758366, 5.8324477555732805, 6.233189236427232, 9.543584679104553, -1.6699838828106055, 4.272203201749675, 2.3948998828342964, 7.33769142663269, 6.262165549547032, -0.971419396816009, 6.707431708631864, -5.037236022126549, -4.055621401215377, 10.763707181281822, 12.753741267919116, 12.935722847243763, 10.65778865864561, 5.4197596108969, -2.4493242514050837, 11.82162309007609, -1.3474401792386763, 4.599289700087592, 4.498148775184161, 10.640408411040102, 10.281433785776017, 3.6775895934674323, 12.500605507422687, 10.14824337144908, 5.119909651424772, -0.547624919916779, 7.5714755146050505, 1.0272908608326432, 7.299530319133168, 6.7667866305403575, 6.552966062339506, 7.197393968898055, 6.871684443099381, 7.476269286789463, -5.277080892029819, -1.4153822142868246, 5.018121004648845, 7.21004651505459, 8.275427327938488, 5.632875939634382, 2.554524230815357, -2.72476336733707, 4.792558837541603, 10.969840847593467, -5.326426876928501, 7.166888024129161, 0.14604958054859415, 9.478889208128646, 2.0168996646424437, -4.110405456108095, 5.877176901372119, 13.872447170107597, 7.269464388020445, -2.032957696011187, -4.7699775671724725, -1.6442343113877178, 10.661976143060699, -4.7749677658817316, 10.399171245825737, 11.939842609319816, 3.7131114439120836, 9.829529486416659, 14.430371318127895, 0.038623961625219326, 0.7748998102597215, -7.084891986149349, 5.161641853480712, 10.223495649595048, 9.58661068913656, 6.64226344532871, 1.530520495559631, 6.747837144503422, 5.972130063893665, 0.04010074764229543, -5.069822248205026, 4.672797656798029, 5.007390909596188, -4.594462833923256, 7.670248181585252, 5.350863783555003, 8.885607968327216, 6.3276885817728274, -0.7599038059308186, 2.007874880713511, 4.015443305362198, 6.455358208877901, 7.576894246753359, 6.73059518726475, 10.569515951995365, 11.198312402829586, 10.500064146557017, 2.5033385245122783, -6.9841457260884825, -3.7803409479783836, 9.656975268908255, 12.066351896713169, -8.118136524413517, 8.356860017912055, 9.2128979686997, 6.8372719680090706, 6.720937866086842, 10.440172758107977, 1.230561917234636, 3.1647162325829137, 11.324484583110552, 4.453835124082279, 5.841365228690734, 7.546310329801407, 10.47711467977935, 13.262784973321939, 7.602880727427168, 9.399741397426116, -5.544736060578024, 3.333796048478982, 4.573103737651556, 11.411394232462682, 12.540245606545174, 4.798662636174757, 6.98514191729961, 4.910002587743972, 8.31926182164976, 7.028679032081897, 2.140624201775302, 14.849363241297345, 7.569662938744861, -3.1290290343625986, 1.791400082575794, 7.228716475790898, 6.613428248904235, -3.7264798566181234, 9.72585556680169, 6.816383898919963, 10.61143088405531, 5.307211767686439, 8.61577571103188, -1.77688613456401, -11.568549124969717, 8.60416728364501, 8.305455609929416, 4.097629467317354, 7.748336170499405, 9.060138671963704, 6.399608951952492, 5.056817657122384, -2.9448450355489797, 3.574809553287564, 11.574186838954644, 14.086184984792284, 9.794425603358869, 9.116435786353374, -0.0045587920956374215, 0.9386894076448529, 2.617195447449832, -5.571842729876632, 8.62659525925106, 10.815271869870461, 11.759017159589405, 4.8268350312593045, 8.53290585862812, 5.516742211236947, 6.676846625823588, 12.033625548353125, 1.19634914178702, -8.945229432681943, 10.980894989350308, 10.801881155248367, 3.489662432010336, 6.184451390918563, 2.5112313673180973, -1.1368817441184251, 3.151520746090325, 7.416495631030325, 4.650111442330715, 3.0332078769687145, -5.0931733748681545, 5.984565563720365, -8.460065257575394, 6.9881934715761185, 8.155179808637062, -1.5412949225242463, 5.8531610077601695, -6.446714544653744, 1.8027115796746662, 10.306101470732898, 9.782278224788143, 5.917838699088231, 5.442726026704345, 1.1041984783196708, -0.5647701999972935, -4.931061433416786, 9.337792668763871, 10.443825227078847, -4.476309366542906, 6.879312141325988, -5.898266920299764, 4.671269396790049, 8.02251147122968, -2.5712124583418876, 4.612129341842065, 13.703673955451922, 4.92116550046061, 3.9577810778133564, 3.963401175758977, -6.738678223910944, 10.716382442489724, -2.481837941544076, 4.896025708050648, -3.71896383946332, 0.8733614681573474, 6.148504990558292, 8.970495521453637, 10.230851004333067, 10.665639423258733, 0.3288416933729615, 11.022253114344641, 11.124148844555894, 0.8482519589459993, 1.784102126210712, 10.50082361524316, 7.22134984529612, 2.7332135589751254, 5.161597366872453, 10.905986483553576, 13.40364253226396, -4.320227575621624, 2.4060671336050805, 7.332798639211598, -2.5578162355700753, 1.6079666979696192, 2.5646083399335926, 10.153483692460924, -5.913035814794264, 10.90409587420346, 5.638818727052737, 8.89841137843055, 0.3100548071259039, 5.590632159647156, 11.529753841287633, 2.050771065977212, 5.915975135240563, 11.444562863920444, 5.949306545026864, 8.06737674959809, -3.9602043176756325, 6.383174270061578, 10.23666343983732, 6.170327815150209, 9.757229765729265, -1.4811976189871747, 3.949524397929853, 9.578469372678128, 6.4256085972196, 5.3013583905037445, -2.1064356838010236, 1.9862070735870128, -5.461214907805682, -7.228138495213688, 9.270734560011453, 5.487751701346619, -0.09492969653180165, 7.636371551538619, 3.5443942896097855, -3.3947445411119195, 10.44627529477656, -4.753284344297779, 2.11753347456502, 0.46008825989299185, 8.21834883988655, 3.7330529615350856, 5.571952367049891, 8.693549359324036, -6.126502262949416, 10.268935903741333, 5.688135042138388, 2.7360252977305883, 10.965291738124527, 6.269976360525374, 10.38673416243821, 2.8919175729244975, 3.8216241461149005, 7.296497537482291, 5.875518037416992, 4.181330650442163, 14.62573849537551, 13.008091813914657, -4.3011197931702165, 6.61320334344966, 7.419810218767534, 0.028611700588677787, 6.594401276077886, 3.180601638327893, -11.018495546760047, 2.2571359567740497, 8.974279772837072, -1.8408656573872273, 0.4126537286208904, 7.42052402612121, -11.14734373687837, 5.247997472435426, 12.166393150426613, 5.232284868793836, 8.187058199708032, 7.873443155702423, -3.4110797517381712, 12.14923721992676, 10.95354136418162, 10.15978979351913, 9.964207315264156, 6.4266657481008735, 7.587483441020853, 12.689182869615147, -5.308157105502821, -1.1405891603585745, 9.211646637400207, 7.854749948445972, -7.368615071019247, 11.817264108968892, 8.734064883061047, 7.536757848031063, 8.591300390908946, -4.461871300989771, 11.916627131428505, 2.367890054977794, 7.263033772512941, 10.668914179092633, 4.108509167961078, 11.724263326183967, -0.13228993898826658, 5.497351953120354, 0.3069022908169321, 10.863367083450674, 11.234944121895634, 6.527202600878788, 10.705873396223486, 3.115681989943533, 4.449207883726165, 9.49793569050626, 2.4108810212743426, 10.689588740116855, 12.978882114719235, 5.084922113281828, 11.02213367838234, 0.3544084557466931, -6.477573956387045, -10.214822272699672, 8.926554134093198, 2.391635983615194, 7.168944276127373, -5.530948931308807, 7.21174041032423, -8.219826396091728, 5.625043531233572, 2.416763171307176, -4.197763501682417, 10.988596623088764, 10.317640409017235]}]