script/wind150m.json
{"header": {"parameterCategory": 2, "parameterNumber": 3, "lo1": 3.000054539987559, "la1": 64.9999836372058, "dx": 0.5, "dy": 0.25, "nx": 34, "ny": 52, "refTime": "2025-11-21T19:00:00.000Z"}, "data":
[rows 24 to 47 of 52, columns 0 to 33 of 34]
9.419953870048655,7.793317671137331,7.018764193307158,8.06792622754038,7.324821776381047,9.721707667760912,7.8855531294107895,5.055312458451402,4.452892007443229,2.7526164819386034,1.9402880456830418,-0.11037948984282604,-2.485398619344411,-1.3401426836214063,1.1649996952404997,1.30833044418,2.2752464440089657,7.48762992785148,9.309389072686145,6.903183305758298,5.328305002243082,3.9252522445261784,1.936280230164952,-0.6848007975323572,-1.358106314451939,-2.547098002861287,-3.110265060438315,-3.0449729027024173,-3.8137990488857247,-5.390382163433252,-4.211428037153374,-5.567402442647055,-7.137507259190069,-8.44604748891362
9.122713316243836,8.000215131264632,6.974178638895747,7.564586253785753,6.913211389795494,5.773418020593685,8.376690005859869,4.764717341440127,3.924298341251431,1.586306910754095,0.5674277119646697,0.28225586009230497,-2.2326912017676976,-0.3535433960529253,0.8298233187154106,1.0597565539390732,2.711828582533139,8.805536436299768,9.698853497522421,7.890607279610974,5.174347595563282,3.4833739921574374,0.9606872884538668,-0.5377982116590995,0.8332419102496517,0.6843017117117274,-2.777526685625564,-5.505442329823987,-3.8708565921842504,-5.06441716835582,-5.58315503325233,-6.384384690076292,-7.631943685071554,-9.007071389838002
9.091692959988254,8.103773227705164,6.665261438749749,8.096342842673437,6.309646618115091,4.9298024333784465,4.966349457861806,3.607351349737628,1.2746554288818719,0.9944813932694574,-0.727061389839995,-2.7465903334717003,-2.781595622122198,1.081253084009518,0.21604842110000638,1.0548793261359495,2.3781102047399405,8.62208104250431,10.425081339279508,7.702793986750478,3.276916500511165,1.2795018191089556,0.8439605270184415,0.6840736026101717,0.4110115086307777,-0.6490412204334765,-2.098569981608098,-4.257962173324492,-3.2500498821553685,-5.653674286060114,-5.500967367864474,-6.415928766607263,-8.141944764903828,-8.702407365421779
9.131963592908951,8.13329393605219,6.911187957335223,7.597055508698548,5.847190765111361,4.2603652300456645,3.445876812081763,3.219500259932124,4.125587051076824,1.18679317189885,-1.5361193923379077,-2.809619647634417,-1.4818372149000174,0.24531054218676576,-0.11538296550958975,0.3756572332718774,2.3125132555112176,7.238741352344721,9.763372441449677,6.93485864190519,4.734222119765613,0.5980421730312058,0.6914602311028244,1.233629267960597,-0.4357810267069229,-1.8428889945933562,-2.880682407596642,-4.885108276308657,-4.921186721243923,-5.610528877725938,-6.647553715793873,-6.885517062786785,-7.853975139720891,-8.397154350555363
8.646081796423317,8.096335562765958,6.55668454821215,6.467565860144222,5.500581126308543,4.003238343263503,3.4523039353866505,2.85060860434338,2.862767714151935,2.03116216591324,0.23342938486458398,-0.9947482374306226,-1.9052427700995154,-0.5711534985274205,-0.4194927604495358,0.5741845758096376,7.4755289668746165,7.894671950674264,9.182718128693246,6.696495693802047,2.894736622954966,1.4493251020379758,-2.7498591294982813,-0.4557202146593064,-2.076976615804589,-1.2211796693393087,-3.9750637398749693,-4.395631772271294,-6.975136114262482,-6.57237301101362,-7.013352420137412,-7.326088117699505,-7.50682283208211,-9.610006305225685
7.708012406703422,7.031717842036505,6.122168807407888,6.151866038816925,5.074793404869961,3.760411140670399,3.087311564547027,2.288904257379532,1.8362063972886018,1.537348688893786,2.01859002202636,-0.060498254543537876,-2.098562059560664,-1.794608449130882,-0.6444196149380971,5.081910387342881,7.66073260519995,7.325731020016348,6.7751214926561385,6.124782587257361,3.3021858465383787,-0.054410189271193024,-0.6929400016861975,-1.9243830625120277,-3.874368787283622,-4.512083738690367,-4.10424417883638,-4.9882352726422265,-7.209460528545758,-7.124277079452519,-7.0369245129092945,-6.592498370527152,-5.156565377991431,-8.707068190821806
6.845734185350493,6.3600097306954755,5.4053716154134825,5.179615881956452,4.876510824759563,3.7705668301272137,2.8853770025305527,2.3248641825386764,1.833108603682904,1.6183498113047876,1.8040171527168791,0.3663212602511075,-1.6733736526312326,-1.826373290221903,-0.18264862316420297,4.247944962892837,6.413940221453464,6.468633104746201,3.056179065029338,6.740117148124535,2.716713708757059,0.05253105572810942,-1.693543590631455,-3.252454991167176,-3.8005547082043143,-3.8329631636125883,-4.049608091769051,-4.715096325572816,-7.594284116071371,-7.67110079145973,-7.7006824930315885,-5.780330172187992,-6.842539665105996,-8.72704550698318
6.295845481725365,5.064894555299555,4.753552713195403,4.870256262923534,4.68337395573092,3.4150889194526064,2.826466698077837,2.4139364103518126,1.86040016457084,1.7408012985749675,1.180285657732947,1.282205845833949,-0.21866977226593226,0.16373148841246954,3.9171940983968456,3.555031961555366,5.557056849964755,4.9135561675510475,2.8686606128528105,6.172201312035838,3.927482165826888,0.6780217737844189,-1.13976719038561,-1.9074121098064465,-3.514654631345233,-4.242395714131072,-4.989388204826342,-4.230657546136298,-6.1873324683364785,-7.52812198053979,-8.01300217682749,-6.550038263816607,-7.4813202452343885,-9.077762883681281
5.556048209216727,4.628262367083321,4.020000313114633,4.358484458589957,4.384191247871837,2.835009029371965,2.4347556967381987,1.823646410014563,0.9091120323711468,1.0883075203544152,1.6815782189329338,1.1388431970898383,-0.7251961568836588,0.09559201432878507,1.8858413417585411,4.310812686054649,5.658563745436645,4.247805502702948,2.4965312673167954,5.372646021091368,4.0608430876639,-1.2491094544337598,-2.3311273051844688,-3.065666950897606,-3.903667286258863,-5.468457197759245,-3.9830307928081203,-5.763510246057029,-6.24268832965796,-7.2563244906762865,-8.0374984975548,-7.277615203540877,-7.531758193801,-8.169639711972298
5.138428615853694,4.324104498373069,3.4166119196430573,4.218989948210208,3.7519380154552473,2.500210142266013,1.9406472132088721,1.3782474816975399,0.7277313068435806,0.6779874158006787,1.1168183702787915,1.1893101763311942,0.12689760747259954,2.2485445605752132,3.23894832245175,3.5004399949182776,5.64495334324065,4.301247461416754,2.44171766047254,2.566813537413163,2.563392387894049,-1.0128171678840403,-2.654786391922327,-3.0763564979499867,-5.829673533282699,-5.291487348649569,-4.949301416145435,-4.511863919130279,-6.80874974059815,-7.346583448285084,-7.599554034241466,-7.572327586750965,-8.085963092146882,-8.20941393212622
4.724411164039101,3.956700337427815,3.442565553251558,3.4094447743583287,2.8877357772300627,2.112848817674871,1.232857372439799,1.0858799500719332,0.8439733858810539,0.14357286418815873,-0.022303977496199126,3.9851851824413553,4.376308917149808,2.724632638202317,3.5652679447735545,4.4424489325687375,7.558673654309075,3.8305649966423068,1.3628945482306813,2.7096947699826774,2.1129645942282362,-0.466666818554746,-3.5637725123124033,-4.221499531214363,-5.4941587049905465,-7.4088762683367975,-5.497160391661956,-5.783766044231297,-6.644423238912591,-7.012513126342199,-7.589654796261855,-8.022582652718224,-7.89685936168141,-8.358701736985875
4.262736422082724,2.834375388093616,2.3973803050910694,2.478647766801712,2.585018321529819,1.9324797267853122,1.241472007947839,1.0539791261371307,1.0176686314771746,-0.08908138906101687,-0.39969262691517593,1.6702302099745274,2.6901960149420283,4.918386172283491,5.573860788720587,6.004612318107785,4.941604597922386,2.10877243363047,0.6127289365518042,-0.6595330932789788,1.823393182697814,-0.32294398301466926,-1.9476306149290457,-4.805272807222051,-6.607895337440196,-5.299336413616735,-7.312853101518856,-6.014173090945031,-6.487585216726452,-6.8727012489100865,-7.530270484341659,-8.028225199790288,-7.602160239902204,-8.339210508148332
3.035056887899231,2.2176640533213527,2.2155415300805665,1.9372160772713487,2.1309591883050927,1.7904232505247055,1.212692480727473,1.0516942604429131,0.6093703411824783,0.6387362195013887,1.4223884476813067,0.5846751787334207,3.6623250444529303,6.66591323995865,8.69556957658384,6.344001680478826,3.93073795609033,1.6433807591552094,1.2232180611801342,-1.123311960279582,1.8613344500146034,-1.2051384980328672,-4.183777166805148,-4.3313641458287835,-4.41201806234256,-5.570593763618104,-6.1953027751786935,-5.974799105457057,-6.573794628601649,-6.766435966396762,-7.150143518038231,-7.308066554852372,-7.28920159754586,-8.430948272945626
2.1466354621624317,1.6555415078741822,1.5763564248855684,1.8237856032520787,2.125593161106987,1.464398881484367,0.7649734215813947,0.39846203431653715,-0.2747684894701889,0.0933423371890001,0.8502828002759161,1.7557706713273307,6.242196262429707,7.737384477865898,7.991470681787767,5.456693481784427,3.6610581315504587,1.7189655094888936,1.0216016466400915,-1.6001347074686854,1.3001067735785745,-1.4230038104112848,-4.984310418059052,-4.420379466939618,-5.468172598131226,-5.643641669367181,-5.777105796909116,-5.402526960036604,-6.130196789441909,-6.75942422731063,-6.825657592470016,-7.385414561030429,-8.05070218734393,-7.915161978556216
1.711670110755016,1.1015966683566718,1.2964034585845468,2.148032272065002,1.1693862733788551,1.0419912037603924,-0.19945701559000728,0.330427755281301,-0.1213005200829726,-0.6095045470292825,0.20587531079616025,1.1316260239782538,8.27075820071151,7.362390773949468,7.431331209667253,4.89103901003488,3.0791015692256014,1.247475492485851,-0.10815911737988941,-1.5658103382605169,-2.762818705769648,-1.4127402775653986,-5.308799780644092,-3.847092740179265,-5.519658509079547,-5.384413277888222,-5.945829184774142,-5.831591368901369,-5.7252871205910045,-6.775243179297913,-7.06524548429951,-7.671009124565633,-7.550393182534126,-8.198750589877648
1.2512611319867974,0.539550969438959,1.0853406249123252,1.1485582408718427,0.33001480421869933,0.36332552084118197,-0.432697011718261,-0.6283212483166015,-0.5632042263086462,-0.5571782247911855,0.8394371148048559,1.0983079116336811,8.52934467325714,7.39031257944693,5.5343940571680665,4.409336378655772,1.5655043522436818,0.14564765356148585,-0.8636017492493918,-2.5818939135714087,-2.6902851990735686,-1.1532760678397451,-4.247476455346458,-6.044579595801331,-5.09807121241788,-6.379791099622085,-6.4681444043096805,-6.669635019364582,-6.070845237606973,-6.79372899663463,-6.939800744753103,-7.068110895162991,-7.6366565808179665,-8.342933187603137
1.1174350322139803,0.07354675236531347,0.6642599605203102,0.40188520509907477,-0.04613721131846001,-0.4740615630729343,-0.4834328308399113,-0.21899893402692228,-1.0134063573786696,-0.729893490017406,1.2374170338742516,5.163057919200002,7.410791743612955,6.147344599045591,5.03271667516902,2.0706231857696835,1.1643999097893387,-0.14179051062669554,-2.073644080768494,-2.129817131501782,-3.5955226925242116,-3.4258086503319896,-4.3310445762030385,-7.327011440427986,-6.900714191120628,-5.500033134938383,-6.2460629651691235,-6.657194480668301,-6.1458137685199254,-6.053906624184934,-6.887004472471365,-6.802363549073521,-7.917356174727719,-8.461635405616342
0.5173922709871581,1.8088611286853493,0.058652270681657744,0.0028664991669969993,-0.35352332549129994,-0.5015623057148247,-0.21166247959715576,-0.19904082548472626,-0.6731863837035511,-0.0950939979370498,2.0723727959892155,6.404184373600968,6.6672165426689745,5.199324471644926,3.234008655956826,1.632725723992819,0.0027448455395789806,-1.014353942320583,-1.4954603185111255,-3.1120603985999526,-3.7563491549874164,-3.3431528716878725,-5.108119733592435,-7.816682808049455,-6.745768009023607,-5.387508878151876,-6.07575588807935,-6.152557228928532,-6.516857691288949,-5.608077035155832,-5.311396216931861,-6.076078066043034,-7.783765389865987,-8.629930072862582
-0.2674710249864976,-1.3565231417942818,-0.6069936753670149,-0.31112113782294615,-0.5015726306961552,0.1380675192673964,0.8331540041668516,0.049364029777079266,-0.9983139319959267,0.6227322263021893,1.0039395375001294,4.612293533635308,5.224640951481946,5.73410081314544,2.7808228638047905,2.411298475832569,-0.10606220583583717,-1.5895540064184288,-2.2474324654824867,-2.950453100962289,-3.6478649712495455,-2.8225498295022513,-5.016752285342122,-6.431956868546603,-6.263588681665182,-6.009504322314131,-5.326786588603616,-5.926270335522672,-5.268377545694791,-5.751538025200811,-5.664813530192794,-6.199792975220111,-6.753565584523876,-8.489656473441027
-1.5521223657891179,-1.4027476145982354,-0.9779631017252571,-0.7265413316865598,-0.5401953932901825,-0.4856641272062005,2.622533283466873,0.4254555911072525,-0.3838231070731092,-0.5099471218998547,-0.8545324832902641,2.10655794802617,4.518143536668868,3.608709380049235,3.713540589177959,3.0169732899487314,-0.16720336875367497,-0.657433376807937,-2.1403585455627034,-3.1008013128621412,-3.031237459903536,-3.535336248769225,-3.103013416333542,-4.790149196532098,-5.6426050915653345,-5.342342347319435,-5.032205234206096,-4.813124700140523,-5.026335413515368,-5.585225933830459,-6.0579611628393035,-5.224571998095367,-5.787897774046238,-4.285000759943773
-1.762583673128408,-1.2204867442698035,-0.764349112298357,-1.3238000752938301,-0.9848661223534257,-1.1874055752898554,0.8339170921625043,-0.21776561650033216,0.4690590497668881,1.273451042839603,0.18481826068181306,2.8551835441716373,3.9804431240932763,2.609357114295502,2.93702512976773,2.31790256658495,1.5770102880474837,0.3922754546500913,-1.8368237322262038,-3.08370720841418,-4.065790266545053,-3.8032568953626105,-2.293427824610579,-3.2565990495768804,-4.377624914413582,-4.995200921919204,-4.059729339490582,-5.155368202625149,-5.801597552621007,-5.070510979358767,-5.824927553078939,-4.6753264149085005,-5.854014640725137,-6.342315280364514
-1.804842899884402,-1.6113592045099185,-1.1599930178732405,-1.155809744267117,-1.0232267211746746,1.1119195679898661,-1.0313493873052348,2.1270159890592377,3.7624685119482137,3.9948506275534537,1.6517365528857577,0.8257104852441512,2.3153380432141555,1.2970299378253243,0.502837363029069,1.0453547187533414,0.5568436277736041,-0.19447171862289983,-2.579831933152879,-1.6514268626400568,-2.5460524833376463,-1.954859699853246,-2.415585665570222,-1.7213749369617617,-1.8250699809022786,-1.676031670129541,-4.408313662209518,-4.422300608415891,-5.576668880892624,-4.481074897065806,-3.774601028062994,-3.323835667339242,-6.521960828993685,-4.600415840220727
1.1858475132026165,-1.4174104825443126,-1.6706800983258625,-1.2549569905106757,1.543420745991533,1.8281763131348834,2.261783126566427,2.602970367758703,0.7991602697729905,0.9174054900491219,-0.3304636682420253,0.8382077697237184,0.43887054275991966,1.3421905250227844,1.1850080583997724,0.47241568450657284,-0.7683003920474397,-1.4274760509731999,-2.230402446207321,-2.948851910729428,-3.268279495053645,-1.9683650890820539,-2.80496960710569,-3.86943251332621,-4.740237179645664,-2.526390612692887,-2.697141083801317,-4.34686911087852,-4.259121836308463,-5.0905310713144205,-3.6611930741257486,-2.2345199991420004,-4.691472340790708,-5.604859450827286
-1.403337963599069,-0.9622977070026125,-1.9147421326283012,-1.963398399834612,2.182261520117294,4.754192568785719,0.13807890441704143,-0.20620868303147508,-0.17026590661862126,0.393088174076693,0.30379569680837953,-0.17478040529228853,0.7298476086192868,0.9001458915010903,0.21299565747600932,1.1844887253424166,-1.4852281729695962,-2.8039745501113433,-2.9691448626034855,-2.946890754816256,-2.3741267945776303,-2.4501620631081438,-2.769787657325969,-4.979520802376692,-4.447102576214035,-2.0236943922122164,-3.161609619770903,-4.430552834954829,-3.9726122157290957,-3.737077490596534,-3.593881782251567,-4.14257457462216,-5.031876156571562,-3.0508115000811307
