script/wind450m.json
{"header": {"parameterCategory": 2, "parameterNumber": 3, "lo1": 3.000054539987559, "la1": 64.9999836372058, "dx": 0.5, "dy": 0.25, "nx": 34, "ny": 52, "refTime": "2026-02-10T20:00:00.000Z"}, "data":
[rows 25 to 49 of 52, columns 0 to 33 of 34]
0.9981106677364833,0.7681960090977057,0.19217062285303552,0.7278210037767172,2.403217015961187,3.1060420855825295,3.890875009558348,1.407318703921181,0.21200894214438237,-2.0261849662501414,-1.308796168661125,-3.489726073327816,-5.369793586292345,-3.2117374282397693,-1.9336628724607838,0.08458475286350219,1.3090658240939275,1.8199905318908587,2.0416410085405983,0.7710175155212771,0.08671273322578522,0.830825594351434,2.4071336977978244,1.9335594087682144,1.1370395446472288,0.08499249313198556,-1.685065314608651,-1.9462836144093112,-2.563043445270385,-2.034626468540239,0.46588613400514234,1.3546098499127142,2.2229047146113166,2.596271623236969
1.2660610624286248,0.8947669070635269,1.0511414890219994,1.302915374890632,2.8087912157049875,4.681738008445083,3.484366383236733,1.7170743172984022,-0.3669234513022321,-2.06720899273799,-3.339096935249351,-4.14139055252615,-3.979716010803369,-3.278849497347782,-2.0537093917046563,-1.2186248638346724,0.9096543202584085,1.3472758787503867,2.0507257676917683,0.4985526789853243,2.092105581895106,1.5162051476623943,2.653009073737336,2.316359654098035,1.9727492918690468,1.3668982935258636,0.050066883570764435,-0.16363923352676757,-0.523797501750639,0.9026223267094817,1.04243809599064,1.8113761695082282,2.34390329247709,2.6709429110476997
1.599632528004694,1.3401806930725784,0.7380150026817143,1.2342377962268123,2.237521953571814,2.1713159354307163,1.3622885301392695,1.5095676383736265,0.21988287696982384,-2.932506720223916,-3.207316679016435,-3.789303219975988,-4.401876408443744,-2.6238592845492126,-1.7679038961224331,0.233109941624157,0.7454600396772159,2.1208666052572007,2.1971460900713424,1.6022060351507434,1.7322889918940352,2.590070139043614,2.417162401033937,2.0954340290503084,2.5386665072086,1.5051770200469765,0.6980713481148693,1.20837198751512,1.65040795327676,2.31258115745886,1.9415805438548732,1.3108849300068401,2.1710270492119585,1.978845917642768
2.12333107427533,1.3313945655160324,1.005116583454845,0.9635573735524938,1.3316568094214627,1.502834884584452,0.7785287827292017,1.330466855975466,-0.1428663498159863,-2.8964515721214785,-3.2324906105861118,-4.717825973155514,-3.379340531647031,-1.8401938576474464,-0.20085172432336107,0.7327415664980576,1.6074254043310883,1.6902675934893157,2.0971070003556327,2.4171543901763752,3.678974134853195,3.4738024223050505,2.5006994276380796,1.697613565297698,2.422167144429792,1.7353307913706288,0.9817781608741308,2.691833029565097,2.8690052640246586,2.2599297350558882,1.209216461076342,1.5329233735371919,2.1087175001284932,3.047499332447084
3.0986079476451573,2.0575095572329163,1.5570810085982165,1.0910301151002082,0.9316107459749796,0.28989630622112883,0.14989579918918072,-0.491682881177195,-2.454477158957028,-5.7219390333994395,-5.3952448490210125,-4.427148753830654,-2.501704535105673,-0.3411813682980586,0.6800629104877327,2.032276409395616,3.1409948236056997,2.03543942946643,2.8575207357333783,1.9168871141057144,2.999371388404861,3.5891491356689924,3.8101361706630836,2.1870913710228836,1.7393123574872829,2.6368172054934917,2.990743167324319,5.010405329846557,2.924866374051192,2.1514051678929023,2.4606073865918363,4.230418962261148,4.028768695151318,3.7880747705350113
1.9824257189730736,1.605002912604303,0.9330743539242402,0.07604488465155503,-0.5336004770838728,-1.0017207649529893,-1.7108613277016331,-4.002199978320717,-4.772239134623379,-5.2971596804754215,0.922391677238189,1.253888659546912,1.3339087640742355,2.181828568782232,3.2800148646491945,3.1458845676629323,4.324076733476128,4.759114166538757,3.4708737226383484,3.1736549808641166,4.257824801124541,4.071815081301288,4.402295332692153,2.8442303060318914,3.0790123404992373,2.7374368560390576,4.243179582101831,4.969519980416357,3.2273353405336285,2.830714607584775,4.798327922595063,4.802888292091233,3.02585696711895,1.6841703818105997
3.0674456336136227,3.126071705537881,2.8163328173227646,2.3639600623127657,2.415620994689841,2.0310508291447493,1.4303307383989252,1.5861586631108637,1.6640725069520552,1.7838456833631426,2.0053186392416786,3.553433970325334,3.98917713107455,4.8561712161860715,3.5606400557965023,3.683362889900753,3.842398101259993,3.1959552094100685,3.473842715834748,3.9305090262601503,5.174340786171191,5.210865040218412,5.015060994712518,4.122973344573481,4.802795418153344,4.600421573637667,2.6107949637906587,4.178472714789735,3.010252619183848,3.059789228320062,4.042760882990113,3.8136783485674823,3.545863452328791,2.4586729878734563
2.787708977125036,2.6776103647429736,2.1456548391315926,2.1426602185527237,2.1936934080464847,2.168422186942856,1.903550269100433,2.047221868452765,2.186595766562648,2.3318083448854545,3.6278580955537882,4.299923105713252,4.035264423098123,4.225948935741502,2.702735540010625,3.9548464101356977,4.202204149480368,4.300366581000166,3.9305408227313237,3.8073907685397095,5.612211304004212,5.626948406857501,6.7873968473460895,6.813084601951748,5.317966361482431,6.260792743541469,3.537639777076364,3.1801419894462524,1.778305623902262,2.876656471385132,4.433656257639358,2.643854066094034,3.7840402388539625,4.935925269821127
3.204817109267503,2.7353610840668408,2.055779316324845,2.2274146802755275,1.8742370189849094,2.2743748529411265,2.976316458270299,3.3347024613647642,4.367792752503036,5.030812810946839,5.636210523606993,4.58182052244414,4.6469820967721045,4.862854352517957,3.5069332933945554,3.729266358110757,4.9003668012666255,4.415925615200021,4.710548571743609,4.582062745068258,5.486768126667565,6.174854390542303,6.777654485985198,6.391335295453859,6.042009211066895,6.506223008283533,5.292304428462029,3.405996195947174,2.123784960847137,2.6563782790178703,3.3587019153156756,4.591933609786326,5.992172674505123,5.0498477646027125
3.5048722909197934,3.0606035272945595,2.637434946111085,2.76122553914498,3.145869429615464,4.0806742500288475,5.566767366742613,5.488702579828566,4.877423486977953,6.076570703875392,4.651195026989563,4.5256931846164825,4.65518327703686,5.085105676374582,5.935744367756732,5.885097772327475,5.384766132262093,4.526594772324966,5.21603139568984,6.347401886322828,5.757610894850184,5.564827263075833,5.758730636539973,6.224315829371271,5.328402962604314,5.208785259545531,4.18707555038904,3.833752097588722,3.646411590427016,3.55972921817391,4.404811621956085,5.550114525885441,5.594382251993262,2.7509681500810106
3.2596802631956914,3.154588431062347,2.9581385962053806,2.9408122479706247,3.310889289063828,3.736344255661674,5.097215123741534,4.87373355697505,4.939747239978197,4.52513233694996,5.566622487700543,5.7436030185939675,6.381709749249599,6.496300217496919,5.8714080773728945,4.810088107144566,5.664459798008304,6.196868975934867,5.011516767518012,4.87247172369958,5.7890804891466345,6.240462923908838,5.9613330121171515,5.1085679773553325,4.823704814277234,5.0910268830178955,4.025885836127577,3.4881326944355235,3.839208700671925,4.706946149081128,4.9546820575227875,4.956292332660448,5.56440129004845,3.1470946853726143
3.22607426466862,3.3200788554247738,3.174472938988431,3.3669866913396453,3.2339096297551353,3.901716167308586,5.934017543803138,5.004165588414094,5.195176013868943,5.6198537654164475,7.827825210854374,8.355929551678411,7.641577441407828,6.923735662211027,7.394231817544273,7.622219676961992,6.74637426634056,7.183859033140497,6.776853564559586,6.472942467032282,5.68457756665111,4.636424474545875,4.865119455462995,3.9827725562325886,4.951812503923743,4.780858062447723,4.231985419929056,4.187295216478072,3.346605032864115,4.516843707629694,4.442018679236665,5.1108343257319,5.405795457545802,4.020705049724751
3.1118538400147755,3.3816682639717386,3.5401394652801876,4.04466792690078,3.884377800301585,3.946832391163916,4.4056940702418474,4.62873010763887,4.528166590456199,5.655422128099705,7.825659894539343,9.01972282266247,7.862115220584481,7.667588276922312,6.814029759204897,5.837954944187113,5.893677233580932,6.431110304058149,6.833882776642213,6.433152453852941,7.0657175997819825,6.6767083461614085,4.442358245526333,4.643685817101204,5.043895697754161,4.58209246611167,4.4735575755798775,4.180348616079006,4.831993642049804,4.6268358365689854,5.153361754553831,5.416101695880982,5.272553091151055,3.741283636305617
3.670013775157459,4.019010924934643,4.260318978550793,4.7150334101856455,4.845898885584675,4.61995102207261,5.031873809049455,5.754034454869814,6.51616525143188,5.4969877437502115,8.477894482522142,9.152314115357372,9.588804516187,9.991139298204113,9.447581535463407,8.358285094672926,7.037023277319347,6.6874171447497535,5.5929140879391355,5.93255109025235,5.6844501887949415,6.135084650780977,5.001383356318678,4.230426465459373,4.514158088646323,4.970750676965012,4.749380989178755,4.325774280077172,4.684557032428171,5.0344543403659765,5.5462316103781175,4.818140725910131,4.96346754260398,2.704815200565778
4.108002524728798,4.35199868353751,4.637476322003336,5.34161253165824,5.531515421201197,5.236628240500859,5.228721315388028,5.504743416442088,6.669184692310039,8.638405658430681,8.07464043204601,8.075268043845243,8.111293561522205,8.947051128256488,10.118829689048253,9.501318563916891,9.548080158190382,8.494886861429343,6.020213816875029,5.512115142989396,6.935353605282516,6.1508678947304745,4.9047616837261865,6.105577273253256,5.254945766582676,5.112173400986387,4.935817122273658,4.553614749576325,5.6354797321525805,5.543597304159433,4.386594575281048,5.871618542038907,4.236481565492208,2.6668804080979687
5.000829664316837,4.943999026534818,5.005539241086615,4.921867821088858,5.078756352987559,5.581070093528645,5.319528972498317,5.089945979612092,7.217946174726982,8.790656641602698,9.401277342760073,9.39503223752404,9.271993617265197,9.169746126220309,9.41685871708359,8.583693856877515,9.257550387758018,8.866030082196088,8.52486324505117,8.961290877896612,8.219567537516028,6.337060117135472,5.615552930317619,6.433226431421846,5.030391918638845,5.909948199775872,5.7371562745887985,5.75409420922846,5.775681585440299,6.160643242336569,4.745963151408707,4.077091213115916,4.31275976836476,4.222427812386438
4.344781575804541,4.876590978534321,5.038626375031123,4.2464441818618885,3.580598800370217,4.524476395846309,5.921223398816212,6.5098200062675255,5.98867943317738,7.348783658933138,7.749245535160754,9.081849025863798,10.05555361180294,10.296357135401443,10.612996927308966,10.814604564350946,10.05428929441231,8.772010195890077,8.11708536668654,9.519434886104206,9.572337112053187,7.762395021661256,6.281299301600596,5.793383752412532,5.131843309871069,5.672913509518562,6.542306453920181,6.453176729167635,7.12508712739554,6.17014962282869,5.913899136897193,7.367270032650978,7.402714167757737,4.732189810087606
5.0413313891986595,5.16627210456465,3.758661860540569,4.462204928395474,4.368589407746536,2.911455004246848,3.465897513887734,4.327752066773383,5.85952657981764,6.161265840608807,6.964804242725238,7.1163956590009,10.213672372579556,10.733170694883752,12.276450663245956,12.286233835743523,12.71716263331273,9.989713820229209,8.436133846594641,8.556003398993514,8.519262452148167,9.530913554854775,7.6967277193774875,7.164017908541986,5.710852644897203,4.911502393579492,7.041328326868101,7.463946574187173,7.931120254067643,6.470258418687951,4.559280517376991,6.037871696648274,5.603442237119903,1.998070799815573
4.6634753984151835,3.589980617773755,2.9263664839347876,3.880207404768288,5.113630657178645,4.139239911027654,3.6909577421429174,3.330458165575699,4.033488491061061,4.529489427750451,5.4104964630106025,7.25240201810722,8.264054597383666,10.386876250831103,9.493666566418725,10.266242794852,12.1230094343438,12.029038506977177,11.245101109385455,8.91186739161159,9.679575927890728,8.847872180899794,9.78460731800175,8.989569233728602,7.124555548338235,5.4354080537301686,7.637396951938659,7.5302877844252984,7.5775610109929765,5.560132332593598,3.9148700578560836,3.19698255500208,2.971832305284903,3.007232825682911
4.248306149306684,4.441733542555907,3.4734211583707038,2.836166662007379,3.7556672827978437,5.218149538983339,4.371901531404216,3.203760049131006,3.4725524136016905,4.662732905994969,5.24737302998179,6.626009620568876,8.562577611841977,9.154414713654468,9.742809143338679,10.616732681620768,10.994484768373038,12.782096157469796,11.91461366126707,10.126583548743147,9.529999275927652,9.93850481803965,9.779435658692757,11.21076528770344,8.748810405624633,7.950018073210747,8.142371384958661,6.441346387495377,5.508302218766125,4.990489608430336,3.5792255379876976,3.019952296033171,2.265802073614182,2.017134327219729
4.8659447048399525,3.7790086358010693,4.780644117338733,4.521312139807274,2.8676080488205806,2.7455781364200695,4.150651977760851,5.3169282446696515,4.842402489198922,5.6987314792630155,5.726898222866151,6.809467176481398,7.270635141345783,10.21700501184048,9.438791976155322,9.361237888781588,10.190509122464867,11.431645660262646,12.630554102220747,12.369406715926825,11.065248934671313,9.91312057622809,12.329723573084522,12.978188038688403,9.63164058506492,8.161049185937937,6.513395964727633,5.793656604751172,6.731048932528467,7.093917453998164,6.883430123126819,6.195749060511549,4.828347931270574,4.252699888689726
5.724626200460261,5.052839528690267,4.662703950711382,3.8672700955297294,3.7625807720813587,4.113777362306899,4.34190564345257,6.144769829860367,6.879478352959115,6.466273249554745,7.443267518817145,8.852957907614035,9.349392524512712,9.931598411474255,10.974974271744806,10.969858686284574,13.593108828087729,12.306910908029328,11.34197792423775,11.916849209321546,11.500635976982313,10.529854466999867,11.418537185022231,13.3575625696655,10.16064251446897,7.441762862529219,5.539161732811442,4.700352750080469,6.9478401437279915,6.946135616624481,6.631357191667042,5.253533467120146,4.850099777364265,4.873472375118047
8.107462442526643,8.124532648824477,7.7631920981223805,4.043651424327093,4.132290842900957,5.499287654383769,5.722597297597333,5.679710501721082,7.438711448870404,8.539865470669088,7.499037936188172,8.15081087589812,9.495281683971449,9.179150594223671,11.710132862999568,9.785786876292171,13.05862365646892,11.375895168314523,13.009600443384068,12.200513274273245,11.196566425940247,10.725322341812722,11.791248141335148,12.538886803259924,9.26911211125671,7.004791020693422,4.547548621447584,6.318944966660709,6.473130936644513,6.564371902934117,7.224049023977969,5.6945854148113035,5.559162260113969,4.47457672343938
6.696004718310334,6.458962607073087,9.204705441880156,7.590514197774876,5.536690973804978,5.179821545486509,6.070913718491765,5.103484344366894,6.578952782508949,7.5653591990392535,9.227985993757368,8.196915668618365,9.129119179210262,9.360936846380993,11.497015506878483,10.561068521372558,11.112626106203018,13.435876320114538,12.607925455888509,12.248678286715425,10.410029791796543,9.152041416328432,10.060468417723438,11.294795180733578,10.122245342861646,7.213665219898186,6.303040702207532,6.888153885157064,6.518873443764574,7.950178581612272,7.434014006069903,5.980565831457109,5.153723955375867,5.441607318342335
8.988617477177646,8.354673320422359,5.905419568441896,8.074479250403568,6.894796066214243,6.196401746040613,4.326273821490616,5.377291990401248,5.852891832013357,7.052913313923936,8.840287993768335,8.876046084792051,9.04582626152686,10.115992779244502,12.009212632784045,10.816924412050652,7.627011708029346,11.141202925090182,11.10502394431784,12.430410073011194,11.377137345178985,9.131671510060603,8.960793267327194,9.740520452779563,10.548586024416872,6.92163963842071,6.948696496087555,7.974359010210518,7.347903944110257,8.11891540986807,7.15177106410849,6.736951216051357,5.9114424591879535,5.803504107267446
