script/wind.json
{"header": {"parameterCategory": 2, "parameterNumber": 2, "lo1": 6.000198445256149, "la1": 58.999992894266676, "dx": 0.5, "dy": 0.25, "nx": 22, "ny": 24, "refTime": "2024-01-06T13:00:00.000Z"}, "data":
[rows 0 to 23 of 24, columns 0 to 21 of 22]
-0.22012522795070502,-3.0767790807612196,-4.935111179645176,1.8040240629793842,1.0901406852601405,1.1146372341217843,0.2553057911812619,0.5866810369223768,-1.4454494042038253,-4.282815810650475,-1.5979044664910145,-0.9845211749363278,-0.3211373647914573,-0.44667916775728583,-0.45947953778709477,-0.4462836408233107,0.12379917246938398,0.2124702691424347,0.24226068473852988,0.45967689392592126,0.571442499012855,1.2084959439520624
-0.4461763348080883,-1.778833994185894,-2.0741722743001105,1.3401574784773325,2.0058306087531257,-0.7055864802041334,0.33720197628435417,-2.047133561520022,-3.7885614812642743,-3.9883750679625964,-2.4842027696113833,-1.0594195033765248,-0.6013774046942708,-1.114403465755832,-1.238429103178774,-0.4871549435068886,0.7571028271314988,0.7286394383465189,1.0449611253802258,0.26282437952243354,0.29627988767879015,0.8526518146476646
-0.2828278543294064,0.33823864680951327,-0.49177939010893834,-0.684766905169424,-1.149550624166729,0.4687482796894512,-1.1572161826243659,-4.744362670799968,-5.131476404046978,-4.009622570876314,-2.394463799484628,-1.1479684779601427,-1.0374013279021863,-0.5199382576315081,0.3393304620855453,-0.21705765183301176,0.4659979545962352,0.37021905344621364,0.8482141049393105,1.3573676711443585,1.3421441707541888,1.6298536173896119
-7.1998825492367855,-3.4176387414337497,-2.9924065940629028,-0.6278078007948704,0.33975070636087445,-2.273779650965025,-5.2918708628233615,-5.064654764635836,-4.478147042904755,-3.096569040371735,-3.084589992825049,-1.8874516615580346,-1.66617503525137,-1.0564350584060247,-0.2921084470291039,-0.4999987759802638,-0.15224901679393602,1.240773512416999,0.32939131079057876,0.9181741208319483,1.0502804641396173,1.2927487626770546
-8.59780219435644,-8.762910575805588,-5.757366498815876,-4.521844765637149,-5.14958102974344,-6.334637000150759,-6.231776252223451,-5.301285168467004,-4.707855678127635,-4.290428649056579,-3.987436783435065,-3.149038365314085,-1.773958212888689,-1.4164660644093958,-1.0784285647685012,-0.7323888513414166,-0.7747890399932502,-0.21871477875886267,0.3113047563817969,0.4953630083421034,0.9247825667272542,1.4013210533398421
-10.125374692987874,-10.240820085078592,-10.311957239234435,-9.104238885502218,-8.453777344521294,-7.827083161352163,-7.178883205302753,-6.367084403886434,-5.909521805894755,-4.660382782088408,-4.7030778871134284,-4.3030877251513076,-2.095310403073198,-1.3694814618493552,-1.1947781487088047,-1.2933748934558014,-1.1217812157392781,-0.5411055966122252,-0.33219751473501774,0.4067635617258031,0.9640819965313473,1.0188066198846655
-10.871031717450334,-10.513361518140796,-9.844770270104672,-9.442382818173119,-8.93662139752288,-8.465273060686487,-7.683805953727312,-6.801658756566582,-2.331555425612866,-5.081381673003591,-4.8189935995089614,-4.031970699234374,-1.6556179608627632,-1.3619914103110267,-1.3939856100826742,-1.3519397466380496,-1.0416297326585626,-0.9347064768001541,-0.22217004021379932,0.11710737610339762,0.7043556050299717,0.9725933897321034
-9.242693873293362,-9.67675127567077,-9.646356338815165,-9.365800439051872,-8.975725584775505,-8.681902564752518,-8.03064939892306,-5.823806706666112,-1.1185255349507996,-3.970415239349298,-2.783477877821017,-4.667488531246806,-3.7987414841269915,-1.5744635402212313,-1.5047185636647993,-1.2581682528163511,-0.7860382852358809,-1.0126137187497266,-0.8132782076178682,0.013685462641680503,0.5931236950737102,1.8736805631232574
-9.25330670933482,-9.621024119137795,-9.49349394972016,-9.044312511500964,-8.335339997536328,-3.4048993788771886,-5.614885199267776,-4.137861582478362,-2.7269058256153267,-6.165687788858516,-5.687691755219489,-5.235240212275624,-4.976775761344785,-2.6645686862188187,-1.6283607706016072,-1.34142133648392,-1.1613312434657914,-1.0843955790259074,-1.1134803083111824,-0.2795310800798279,0.4344140866085706,1.2399983037680498
-9.7199723594756,-10.239774896490275,-9.93499109535694,-9.047759171335585,-8.168957371019399,-5.662233266136523,-3.937792567482364,-2.2359718883478945,-2.675125323067037,-6.24498920732736,-5.960973509022605,-5.782580873365939,-5.499782112221391,-4.613367427551067,-1.7924297462646521,-1.678854860529459,-1.1572687103750268,-0.9962861017683525,-0.8537508155429465,-0.6696195673006101,0.28993520903059883,-3.582695424763402
-9.714580077013022,-10.031143359255715,-9.93926812381093,-9.377394481339664,-8.214874883519274,-5.208545446509379,-3.485495397697741,-1.8154674679057787,-2.6356819121759423,-4.709993362185748,-6.564637486507055,-6.234506732524661,-6.56040608562424,-6.123309507897107,-1.90051136220597,-1.6702566473355092,-1.3579234593324854,-1.3477005159854054,-0.8326929008955805,-0.7842551340879743,-0.09125698566281182,4.3970749681613555
-9.407986945810922,-9.839867911670806,-9.761622181078023,-9.440994048567514,-7.822883016237772,-3.1812804567046715,-3.954704592586136,-3.012040560457379,-2.650765365871968,-2.8706046017934983,-6.504408995930045,-6.708502391998753,-6.353513158672998,-4.5546003124383,-2.461518542418024,-1.6721805956091444,-1.2314528327026493,-1.138569046279338,-1.0496894128815462,-0.8377556028816877,-0.8596916225502531,0.24093927528056894
-9.497387518293777,-9.755463194490858,-10.029670923212903,-9.603645900534092,-7.94592478206279,-4.424331225467256,-2.6984290990433375,-3.666228766267438,-4.262745307435206,-7.7010431075802765,-7.906046526732614,-7.024795111052863,-2.852283411999693,-2.8728779714918895,-2.404695063239096,-1.6960860059065173,-0.6508841123725991,-3.325419565216048,-5.24526994532268,-3.819787718129451,-5.043853564333605,-3.484978529181283
-9.59573092453088,-10.209421941408312,-10.764874431266318,-10.19294779450468,-7.702849684708428,-4.872544750447941,-4.369096446775961,-3.071365922220461,-6.231415027661395,-7.431274835933131,-7.211906838515717,-4.448844879980515,-4.903214012876313,-3.7646858775139633,-3.7538936441809176,-3.5344751253139806,-1.9203360573620831,-7.133922803112448,-6.839089025269195,-6.577286766564518,-5.756157224238133,-5.863005269651958
-10.0438638476491,-10.801822162181342,-11.014959563486448,-10.277484960162244,-8.14443986716447,-5.361403487597135,-4.628597395865104,-6.120144266218117,-5.269126567797599,-7.585237857218986,-6.790398806072638,-4.487793239261038,-4.186157946394017,-8.716098532954588,-4.256327878366016,-3.154057172642608,-5.584269681056976,-7.975391480726538,-7.915582335610503,-7.339514683094314,-6.77278521080495,-6.371418902071623
-10.180009768765,-10.853194179124818,-11.05400497362788,-10.639805351351617,-9.563570691055011,-8.322559894972496,-6.141795769664288,-6.267363206226335,-5.762939915593205,-6.071109145758778,-8.487657584320628,-5.015444805373787,-5.284976183690024,-9.106051495777741,-7.919052570496537,-8.208751306161703,-9.301091918486799,-8.715803524197794,-8.284090952000257,-7.4842760914166035,-7.114697579080985,-6.456537236012724
-10.314207165067675,-11.03366084813226,-10.95835665927209,-11.016257530921372,-10.420512488461085,-9.265457718986106,-6.657364980227747,-7.615362696858295,-9.546282771079378,-8.421259231713004,-10.878623450080653,-9.730948203431144,-6.99388440946346,-8.519131995506603,-10.001934320524322,-9.841298382700431,-9.211593437645163,-7.9934940430345005,-6.8462332109069335,-7.925350786646969,-7.280940228847733,-6.922366973222153
-10.036068380500119,-10.747941587540284,-10.687068945201716,-10.739722283710462,-10.6817670152912,-8.784086954878777,-6.3310129413329195,-8.355626773465666,-11.188377648741463,-10.761033770465867,-7.654619719897647,-6.74191983453506,-9.011927159831329,-11.126359986330655,-10.694552583085132,-10.013527957769252,-9.755191438392398,-9.523966023321632,-9.145589538948522,-8.445882291480896,-7.884353302981338,-7.583572452723717
-9.524084240965237,-10.315774446362981,-10.433920527598337,-11.010759612932755,-10.299555988046428,-9.608231886538285,-7.5200865768713125,-6.637796547359993,-11.609346923805381,-11.661400886230009,-9.12389615886003,-11.484139966718093,-11.030485522791507,-10.270833379979445,-9.670283845911907,-6.857737471031507,-9.653318593233545,-9.2079262156582,-8.875852729800636,-8.575204917575707,-8.029532573805083,-4.076796403021742
-9.375009249532344,-9.931342174524666,-10.206034539706136,-10.852835221429865,-10.579752061687072,-10.619419186948488,-7.436459262765665,-6.879888017173416,-6.942960312862055,-7.318802034000774,-8.76584300919374,-12.25740496701987,-10.972339848262513,-6.392896498500076,-6.058158399062885,-10.570747871064567,-10.378093886414112,-9.987368968166102,-9.67325953910075,-9.297945035265355,-6.235171690677904,-3.5092413586137923
-9.051437694680127,-9.39718213439874,-10.619217580903458,-11.49312949253422,-11.394311179826953,-10.852625817031104,-7.079688760829834,-6.5592839208958935,-6.056187351477744,-6.657502610139791,-8.508978181601092,-6.66764394204917,-6.6335436081192825,-6.898950487827758,-5.5920542571606955,-6.410607935758882,-7.514441957813887,-8.774151982412313,-4.275840493256364,-4.310452129333809,-3.8951487128019298,-3.1771251266366427
-8.247474115791348,-9.298281093119627,-10.118049648492947,-8.715984340148319,-10.126187862838892,-8.054343222469983,-5.9348327952448425,-6.553072120414018,-5.567280073741613,-6.025361343961015,-5.763725472312538,-5.974880505478699,-5.887054083321918,-5.986440229923021,-5.632533547261412,-5.420488931523674,-6.464446771863261,-6.231777275592739,-3.4696036534208767,-4.14902333313467,-4.2768658590486055,-3.4163328534754713
-7.837098149979183,-7.586728619077681,-6.102231857829807,-4.166748377590437,-5.216911514615509,-5.848264220048459,-4.287752422662407,-5.164468405824672,-4.847605238642717,-4.968123638873514,-5.003960875755909,-4.693787336100028,-5.263790196888817,-5.077212541846414,-5.474850922152522,-5.766992282380837,-4.645257121162499,-3.9936011589008764,-5.13340705516483,-3.8758830044279007,-3.977757437031849,-3.3014536313200633
-3.64174250305731,-3.578161773758694,-4.375755346643164,-3.6485723929420395,-3.235997933180278,-3.9031089220752664,-4.25134982163271,-4.593104658974055,-3.7215910305205124,-3.7528719583381185,-3.3728256372925203,-3.845898580653302,-5.048160382316851,-3.6094520156664194,-4.438113252433248,-4.661486445609011,-5.62475520033823,-4.683809192129337,-5.305348124078374,-4.682427376714348,-3.5253442275655407,-4.992121160951713
