script/wind450m.json
{"header": {"parameterCategory": 2, "parameterNumber": 3, "lo1": 3.000054539987559, "la1": 64.9999836372058, "dx": 0.5, "dy": 0.25, "nx": 34, "ny": 52, "refTime": "2026-04-25T22:00:00.000Z"}, "data":
[rows 0 to 23 of 52, columns 0 to 33 of 34]
-8.568961472108482,-8.786842766337575,-9.06854111425772,-9.42592532611033,-9.334665672197023,-10.064116346738288,-10.368429157542298,-10.416327116850697,-10.810508212080496,-11.153655645481273,-11.268382464930248,-11.920876268502099,-11.735842870639754,-12.114225861892624,-11.163836465456058,-10.262456682200565,-11.767391644666965,-11.942574386638604,-12.460417195008883,-12.386831688193066,-14.634414751254164,-13.888778302753154,-14.308100543818938,-16.605629095377672,-14.170140740269806,-17.00124774733605,-13.422765213962961,-12.7965181580197,-11.311599086015814,-10.638630842485258,-12.060854629252102,-12.8212854819385,-14.446588168800794,-13.255214357917216
-8.344645896850405,-8.749100108534472,-9.490309792607215,-9.082799420931993,-9.531842466937826,-9.333293912437629,-10.892832755886715,-10.327125909533754,-10.926180906670998,-11.292818949446017,-11.372990307351985,-12.121211429629621,-12.073446398310178,-11.269368496788184,-10.751244969613275,-11.626200063414554,-10.876467503289394,-11.1019195140321,-11.219922498611085,-16.53511478639571,-12.1027159279058,-14.724963435205062,-16.16041020791974,-12.697052960129882,-14.696400034826782,-16.144032674920584,-11.979926718837547,-10.930142404700657,-11.470171499149128,-13.062183753589792,-11.720127513835688,-11.78554614708054,-11.530905330475541,-13.600319943626912
-7.972915077659028,-7.737451609931575,-8.386718091062416,-9.477716834705562,-9.347668622503134,-10.02560725498523,-10.913193498220718,-9.840664618865075,-11.34254437368358,-11.841792825457981,-13.220734001134261,-11.672943328140278,-12.461014206830855,-10.73634131628596,-10.059701120300048,-11.905455039096214,-9.571746350134806,-11.714484826472132,-11.76429360372835,-8.286116877602266,-14.014231930935862,-14.838233029433734,-10.639551999548017,-15.024617090708627,-15.001317696894537,-11.86786920528101,-12.243760173920455,-11.187344021729333,-12.027988826282721,-12.918065866038534,-13.256461310985019,-12.259572141181266,-12.995582059211701,-14.015770565379878
-7.943576794759882,-8.385530773919896,-8.532048565130173,-8.759387540588026,-9.124883317166056,-9.768263545988619,-10.19816606009586,-10.037603497583184,-10.158764345057936,-11.42413764403943,-11.826106596808973,-11.115353151912396,-10.85955965519687,-7.654474911795631,-9.091579469558713,-10.485388233040831,-10.805419287823646,-10.577514681356787,-14.499886475835895,-10.69762129123112,-11.327695254113817,-12.65419714514724,-15.075909017141598,-11.553664201568106,-10.49588037072597,-11.64788521450663,-13.744392495127613,-11.52574041314014,-11.835847394032811,-12.64476083361267,-11.753803391108605,-12.912460593754693,-14.041921052475708,-14.12363704915532
-7.896206323904593,-7.936572854398285,-8.432505165739418,-8.697552063196596,-9.074935808793644,-9.459302643910132,-9.850387417225617,-10.392207029501249,-10.631808681832576,-10.687068939252965,-8.697265136304285,-9.88179002048547,-5.757330172236341,-7.275697037057217,-8.834980272948078,-8.735701066404962,-10.167786604213664,-8.950826124396988,-11.910654952833308,-13.922931936876072,-12.943342411524215,-14.843963667132257,-12.252290757026062,-14.202347625935255,-13.025705019950472,-12.12036600344407,-11.856784734783261,-11.497617746254159,-12.626678894845249,-12.495787296631624,-11.557305669470875,-12.907515712047681,-13.802476611488704,-16.620797869861097
-7.724722530885312,-8.008124781320362,-8.39959012143602,-8.500942867815679,-8.97115870714477,-9.22280690973683,-8.66068657834347,-9.655790640839413,-10.492550167491908,-10.400537967256627,-7.825537065513987,-9.54523008794077,-7.142716401651264,-8.143902622083493,-8.77207760036889,-10.11425743333249,-9.821375597685654,-9.352346798580005,-10.435590071665306,-10.578911339452507,-10.815200284955539,-15.495296699169566,-15.12530753002054,-12.475973294970842,-11.0988093637481,-11.293538160372107,-11.747569384758208,-11.718283355459793,-10.900783395515102,-12.25606437836887,-12.199102614625664,-12.91022252795318,-12.63455818352669,-16.73570133537536
-7.702831978919796,-7.982008760076532,-8.284016170014011,-8.275208961445179,-8.513323499116803,-8.704367459168292,-8.759597268115522,-9.645115404849005,-8.553346571149401,-7.869495047235683,-7.458328237300426,-7.39541721508131,-7.3126875482014,-8.012144596296206,-9.042182691298894,-7.129976035709637,-8.531216900821837,-10.446644631280801,-11.703800622972523,-14.697619563087342,-11.486020312861054,-9.953710389281762,-11.166747441929168,-9.250785249229391,-11.845023685444222,-11.031136371323406,-11.917998606069125,-11.474925963813236,-11.645655136232188,-10.448644157212746,-11.615116341587196,-11.189709324846385,-14.456598137693671,-16.235274001469286
-7.662011556169798,-7.944591971045577,-8.202332507675084,-8.25323297197742,-8.192161142078069,-8.297921876306022,-8.375521781534754,-8.504488025583775,-7.133621758325136,-7.0058086036767255,-6.6343811710075276,-6.866368491604887,-7.265536693841494,-9.371907434716713,-7.704406364273756,-7.214531913308652,-8.722884005086954,-13.38394621249834,-13.632086084799786,-10.193608623147796,-11.74751383262943,-9.504520954231548,-9.220948530862914,-8.861535802533318,-10.215382171191077,-10.010235277988045,-11.268393349338133,-13.842747114960986,-10.775946333724777,-11.962306505742436,-14.358628419419993,-12.415179907911789,-14.505317026971618,-15.383499291542652
-7.698276513897607,-8.077849836132163,-8.105758180502509,-8.22542703650491,-8.066682925299025,-7.850222915130983,-8.149177203387595,-8.011272015034933,-6.042003281075118,-5.852256569236363,-6.980197374661643,-8.4891019318179,-5.664616522111638,-9.92045193280404,-10.421435223194917,-7.84943282346722,-14.20322108041242,-13.027234280415742,-12.297638914193996,-15.6977139170451,-15.07044051521551,-15.040866304978566,-12.775411931283278,-9.597181770410627,-10.74470388182145,-11.173118552080316,-11.081961946643352,-10.150402333371726,-11.353236622436478,-12.403525423318644,-13.025012533365109,-14.184195792107351,-14.492308799121634,-15.54057153635834
-7.594605290010201,-7.742226336428618,-7.9847303975539825,-8.15097163962506,-8.126709400804968,-7.6616543330561635,-7.791253897043479,-7.055127527804873,-6.288785938503924,-4.180305681728539,-3.0656895310613645,-5.568490031084882,-8.136388102570981,-7.346251129211169,-12.977747286561355,-12.341339279363742,-12.895111863910612,-15.092131841771872,-14.259911252866868,-14.733513977634994,-15.680010614184454,-11.868897929441744,-13.105082444141814,-12.25573957141521,-12.16095950557443,-11.7861775257153,-11.52693672344763,-12.82337878314375,-12.512173161848212,-12.465710688793914,-13.511701637242314,-13.720180259243449,-14.748058105959137,-14.311565171515353
-7.521260758411692,-7.59588609542518,-7.734746292667957,-8.072067072375903,-7.941621498458728,-7.386018266394518,-6.853786926129403,-5.980060216634235,-7.908512910795328,-5.85037023960537,-9.228745661403972,-9.118500020347202,-7.843926325097722,-10.736457492694038,-14.588518223562888,-13.716079775949586,-11.74013785685433,-12.796733686878694,-17.822713720020666,-13.339211348199068,-16.807887856224294,-13.656962707239709,-15.712308165362886,-10.91229754415757,-13.181675187398753,-13.08423086461731,-10.93474454830217,-12.825189742145007,-11.296149396116476,-11.848372118786136,-13.221681683182418,-15.693441573979234,-14.918231592593335,-14.269848676714215
-7.508473895034628,-7.485758442296877,-7.74280162412523,-7.923215820465181,-7.781581700232199,-7.298956712318256,-7.970015979747013,-7.992449975394032,-5.470791615324501,-10.996744213243778,-8.453095246010443,-13.442113748174489,-12.902147470319502,-11.716986919422482,-16.47246828403114,-13.32259125500879,-14.165284496988708,-17.968629466035456,-15.1833476657204,-13.96955998263025,-13.921829115427881,-14.985115643349248,-12.238317950016256,-13.64166055982709,-13.272625726536182,-12.383020837138874,-12.911741557708323,-12.571173363589804,-11.366121039787542,-11.821751908739753,-14.246907425843053,-16.084494844467017,-15.218334449076254,-14.32979929113726
-7.641979012737562,-7.6623686247731095,-7.810378033349695,-7.991735381664472,-8.194553017341017,-6.421945965106233,-9.014733240699327,-6.62320770569568,-8.41889978296194,-8.353953695717896,-13.41089098840599,-13.93722282093961,-15.785049838067115,-11.531927126235436,-12.19707758969295,-12.36672426521001,-12.781924186964883,-16.675373761216346,-16.74997594588571,-19.071711428462404,-16.468876173570976,-12.826381910849372,-14.149606740924773,-11.792861596326828,-11.955228368168237,-13.146769633177808,-11.825548377983635,-12.775783935432251,-11.753321377533522,-12.887236075278931,-14.752012762316765,-15.9924833242453,-16.752555620153572,-14.893820572578987
-7.633778227912387,-7.8608752412232725,-8.03517035987115,-8.32411360571695,-7.099613125896759,-12.80284904732085,-10.861541038796101,-5.650495982493135,-7.5525830015030575,-12.075759772907176,-13.381666641317882,-9.728692013133971,-12.220996528910925,-8.86564778081198,-16.85919728797451,-14.286804536112,-16.3340629037881,-14.987668616590936,-16.46965463194009,-12.255645749544982,-12.47506729769749,-19.83877723562881,-13.836142001189987,-12.560056933067896,-11.976844583932126,-13.777258915940186,-11.69232025877368,-10.322465862008436,-10.905176839217404,-13.676797155592746,-15.537354917309415,-16.95549692921787,-18.12066384063576,-16.116517378901403
-7.699372635419428,-7.959715411532981,-8.300501829019849,-8.650178145968258,-8.921664509851283,-9.411932983873344,-7.108365003455157,-10.486307063791532,-13.867376679883069,-11.901567289136082,-15.289739758879236,-16.632856232353173,-15.236164841546387,-13.106030607518054,-12.580351740356496,-18.824340373920798,-14.677987973666625,-15.187022478962927,-16.09820328291216,-15.140951378150683,-14.581610316468868,-12.421612131085213,-14.517516930974866,-13.908303668007353,-13.586223039588036,-13.065853700143295,-13.70049922928801,-12.636907809670712,-12.369607920707313,-13.715154298611052,-15.880385615612099,-17.71707660680798,-18.84701089034434,-17.497574395724776
-7.649820397542954,-8.307929829251691,-8.79989125071815,-9.365161785229278,-9.565059658275707,-6.879855183563732,-11.335993683658739,-8.982532661291623,-6.543051910002202,-10.924937638448698,-8.839318267701092,-12.983330150125852,-15.070736765357893,-18.10729455671998,-12.288011369100369,-16.513764401938108,-18.778119572005807,-13.160464506661555,-13.971117024744661,-15.884827694509145,-14.353643432969447,-14.011838428599317,-12.244224339495622,-12.924613039141027,-13.180070284426817,-12.536766598789338,-11.489791007550537,-11.312618941795582,-12.346241147617327,-14.063423343193367,-15.883452462773322,-16.723586016287292,-18.91812861700197,-18.49405574054114
-7.721292298289756,-8.567488477315038,-9.283388354627633,-9.840249378672622,-9.226298698292053,-6.447724282924052,-12.592547613400411,-5.167524834255449,-6.963304867460897,-7.119628089122576,-13.848538936147602,-16.239444384181393,-6.054054377972644,-12.260426921671398,-12.414084603538786,-9.542653727072754,-15.315979905954116,-11.06679901663585,-13.933449914545458,-12.68713671051837,-12.744168598469525,-13.82522255983003,-12.413757347224669,-10.393171693316722,-11.460670288577033,-11.609375805745188,-12.872918765878657,-13.302154922362138,-12.922848212311088,-14.18554807521932,-16.192903875975855,-16.568359024299184,-20.0622109963651,-18.72367167957796
-7.792718466639233,-8.781531816438461,-9.686027369785466,-9.75934022089806,-9.649977405019877,-9.04466792602573,-9.286162599790668,-8.95770806105186,-9.60131129777527,-11.272485244391751,-13.45205503096583,-14.157974454905021,-8.513565540864649,-13.387358444819753,-13.922668331227435,-15.410886375162542,-10.75253621937148,-8.248509422322964,-12.946422015598074,-12.147288457519524,-12.721653989493886,-11.603480719558835,-12.568752455254492,-12.837311842957428,-10.141290335560448,-12.262248086955559,-11.451130436742476,-12.559217528955031,-12.47782033446382,-14.421080640862998,-16.513792550171818,-17.593677313853238,-19.478776744852,-20.025054773805376
-8.365807611704142,-9.036942014559255,-9.700519677002015,-10.259731445188145,-11.984490716964448,-7.056749358480186,-11.113464711084454,-8.968429496757077,-4.876172871599647,-15.9652020525709,-9.30034252876707,-12.459030332179156,-9.750134407707309,-12.484571185816923,-12.289215925027348,-14.431041185355209,-14.597803685564354,-14.975150570863653,-11.817449959717186,-12.930879705842273,-12.553148602727711,-12.554180730755473,-11.455114263481365,-11.740251209545656,-11.696918267844516,-11.230106073332596,-12.690244295697484,-11.48833779531712,-12.443497233422706,-12.670372527272496,-15.271297312278179,-18.319281580983304,-20.65150797606811,-20.43782866422182
-8.320244936035118,-8.913415360138048,-9.70493305017339,-11.039236486674916,-11.765118842209867,-9.464148295839024,-10.598072298924441,-8.92452616706706,-7.492137741492626,-11.945182295146486,-13.218462078838934,-15.183234101750575,-9.391608174206231,-16.95723094664289,-11.411252442716773,-12.178224215612833,-12.620368646114343,-13.227289147071291,-11.777323428460553,-13.588671090679478,-12.128742615721832,-11.676626747564482,-12.40098402488099,-12.933569822870354,-12.553934343764139,-12.444718861490918,-12.385210602373272,-12.006099322780043,-12.285960917446012,-13.15356365043584,-13.64253773879126,-15.518619676310559,-19.0413675220095,-20.19270470384095
-8.080496882189951,-8.89385991672171,-9.949203171052746,-12.138307410256939,-12.446755000714147,-10.216246875216873,-7.403734518137999,-5.315425730924338,-11.912864783042908,-12.298682716041299,-13.087281973654322,-12.422481319178623,-13.729430388981143,-11.936476074284828,-9.18797013476007,-12.592665385089422,-11.100298271817504,-11.799605771635612,-11.902670278406855,-11.873293068041146,-12.524968611089356,-11.324317170070628,-11.345483923938001,-12.316777267115816,-12.646094518690814,-11.918516320337028,-11.736899302756473,-12.478692854993747,-11.96250833279013,-12.490301501733363,-12.517595323927631,-13.354347925407577,-15.570929320069677,-18.011971422837764
-7.916032025331414,-9.012354474890596,-10.341870031437464,-12.60339726348023,-13.24650979959278,-10.122057300548134,-10.266752910389979,-6.659433276067434,-10.479893918864759,-8.644198406292494,-14.813724067366115,-15.85886510625428,-11.697342331441018,-13.248036752933846,-9.13981045349877,-12.678291204134002,-8.714339833338578,-11.017320896550176,-11.363374453061244,-12.44167536181999,-12.222525616597439,-11.128824602505224,-12.306759083121825,-12.077959297812745,-12.250001246309596,-12.265510094587105,-12.1617752140954,-13.349986310057735,-12.323544792902913,-13.144152702886764,-14.152922359545384,-14.103810128123921,-15.255078065378028,-12.883143983920673
-7.775319080599624,-9.070560993590144,-10.803631710702904,-12.669905678670757,-13.613285411890415,-10.66584791605414,-9.422332807821833,-4.379640428232014,-8.763118737029306,-10.947732482785101,-8.575649365385107,-13.68469280078085,-15.506397172115042,-11.870664439157276,-13.466658830114477,-12.679773619988403,-10.293198134989062,-12.634353947604186,-11.407936996090363,-12.483094479184084,-10.612014620276145,-12.891380888625486,-12.791313296804661,-12.434514078933125,-12.764976810797908,-11.91429950971572,-11.188733018592654,-12.55620867332251,-12.652496156632672,-13.93571040631586,-13.288618627209711,-15.959414677176833,-14.396583293404024,-12.348123107612535
-7.569103188740576,-9.107957662290968,-10.92571368368656,-12.84871219427143,-13.383835993223183,-11.4024814538478,-9.940882823711531,-7.0136785357597455,-9.329329162143512,-9.593460663624398,-10.794139008146747,-7.628153284092193,-8.562220592362921,-10.325286142143867,-13.301173583491508,-13.474858774773635,-11.067566666990619,-13.43560957327578,-12.652460231541943,-12.793389811877358,-12.772397143909242,-13.26975039350251,-13.535481574338748,-12.014336386244333,-13.235703978096794,-11.508347395467993,-11.63684031043244,-11.890737855952066,-12.819699105557847,-15.143837665643638,-15.081020478946467,-14.683344487219676,-14.648827065650266,-15.173046800602723
