script/wind100m.json
{"header": {"parameterCategory": 2, "parameterNumber": 2, "lo1": 3.000054539987559, "la1": 64.9999836372058, "dx": 0.5, "dy": 0.25, "nx": 34, "ny": 52, "refTime": "2025-12-29T05:00:00.000Z"}, "data":
[rows 0 to 24 of 52, columns 0 to 33 of 34]
5.643819113519419,6.730912549694852,7.09466052170833,8.00726253825058,7.7289273674553804,7.272608977141033,5.896307316721753,9.711477826779491,10.12992018106577,5.062753234476727,10.581638916663442,9.904046042770446,12.456162920596785,12.780792194603844,14.136854247124406,13.820773915399243,15.410109549440037,12.861455298492187,10.972749950086877,11.364655922376043,14.576700335850445,8.445906809390916,10.822415623012143,7.442563934122038,6.586602762710227,6.109438958984002,4.3004984127246555,5.386077392452474,5.665806806563723,6.825238690456851,7.100488729434414,6.839908681088766,6.380341053344918,5.655471310145931
6.143863980082737,5.313734132056959,6.205376113382657,6.265836804906022,7.6417059776127205,7.533712064199372,10.159903779937487,6.044841049123924,11.165905710089561,8.369013266416262,8.62595324492447,11.808726439888504,10.029605285344372,10.406283308275992,13.05621725459841,13.893327387586494,10.966736790078958,9.38251138283207,9.733002897834256,14.841921125283298,10.004145978476188,10.103998688569753,9.38742393647358,10.196248883949766,6.114127268221262,5.31480313935867,4.270595494021508,4.8638515790152805,5.045678740747309,7.269348144068908,7.869613815782897,7.451592818386288,6.983776313188954,6.213115258932938
5.99402407301839,5.521951978890111,5.796809152847608,6.0525517224445515,9.64789487553682,9.220049086279559,9.33007848361854,9.960532840357192,7.914266951128535,8.232992809691847,8.947391796958726,8.86418277004842,11.005225373306256,11.335204511187099,11.749433614389593,13.050259700707448,10.197810656325172,9.724243206133153,9.70546664370388,7.528460681026834,12.266351713145724,9.925374702292725,7.5256575317471155,10.157398353429304,6.367459305859223,5.692505526483962,4.341651558264654,5.331512975376018,6.110481078671233,6.8495321169877625,7.97674229337329,7.229960890712767,6.551352630263303,6.643770456250916
5.770882354935071,6.236433812664037,5.9980299857769905,6.034098964777726,7.597502010399078,9.32395143116674,7.739112169857544,10.815330500606738,8.762377451586183,8.838789144019847,8.721224355644473,8.435926903531914,12.31307828626939,11.954570379712806,12.34315310952913,11.34907793980465,12.699242807618882,7.97881149713725,11.026586552824472,7.051489945748238,9.828816941437937,12.5688072280928,10.372789245075305,5.874566843624458,5.808791264497225,6.313826737792053,6.998513749152409,5.481839876328491,6.078706271438774,8.363883654827502,7.5102875422060045,6.881359522809394,6.07977950335748,6.948584968848857
5.248710056279174,5.220764936029621,5.916089142935717,6.012749119070192,6.492561176490492,5.952786720929974,7.160346759251328,8.367891167913728,9.354318382960562,9.55665411462547,9.64171441952371,8.980523880920192,9.629522012227007,7.100290592788692,8.657960889573019,7.827149688675796,8.473453749872084,6.250242250157462,6.62093067868437,11.67708083625198,10.111049567264633,12.602209411436226,7.311008855621244,6.735337709568079,7.569128529462238,5.55409829057433,5.9596137753810545,5.8492511191793115,8.016573561485487,7.930333312135209,7.64471613922366,6.451170596674151,5.547945231088761,7.3921258505491965
4.389978314532881,3.574971140872476,5.352635583571155,5.2156277769180095,5.404777254801991,5.235667820018393,7.194773353914562,6.219468397956362,9.497444391839192,9.459537128978278,10.26885543247764,10.13044921821016,10.127811072028612,11.08508387571752,7.965316855352937,8.750602722214785,5.857285262299979,8.30221154941824,9.7759342103288,9.506502090541101,8.421229166698073,8.407409533056239,7.617807324291419,6.7460639781067915,7.184440804701463,6.203194715273881,5.673150658227398,7.280505989711972,7.75111075051077,7.722628638872846,7.727910613158108,5.523052856377213,5.957137584583584,6.452924288761311
3.991841440540299,4.972453446375669,5.310193448896721,5.506081898759571,5.917638962843064,5.929953352776661,6.892215336448043,7.933388228406229,8.710056875124723,9.548698729013378,10.209913083195051,8.645024464292637,9.440992229861209,11.776366627449462,7.529961756269993,6.459751646265117,5.325737526554056,6.092704173099833,9.857928975555616,10.534374872932167,9.389271082404482,8.45912487524238,5.30869732773417,5.748730081548671,6.825249306819873,6.276733744377322,5.713957119845267,7.855935129339618,7.840645679981851,8.23170154795246,8.07107770606604,5.923835914215038,6.395890496381063,8.427248731085387
3.695079614912419,5.597582538358671,5.425537723409305,5.6326078126404004,5.401102509773604,5.653088515076082,6.2646551702886395,5.93009744774631,8.889386670813119,8.690265677341811,9.210828461706228,3.6805426611354997,8.238961947179336,12.593204494774321,6.934367494046512,5.84491672471036,4.235844008073811,9.871888114552092,10.084601267743658,7.617806120719962,9.073231591732823,8.148999700105623,6.449177989127317,7.253753010721623,6.041180341368287,5.272165549946745,5.955980746296549,8.512158843005237,8.034165949299952,7.56848890234113,7.809359442871878,5.801836230521639,7.087505271395944,11.480360021481923
1.3667662432940313,4.602807202314747,4.64758901438622,2.4156914710399917,4.383955207847892,5.155431732412143,3.7339500861877957,5.754371052878414,5.221314269181675,6.806132870415645,6.502159310057322,7.5217368992262665,8.891570588234332,10.479700700720354,10.726551123654213,7.030821167319096,8.052469623858615,6.965138662947777,6.837560828643057,8.203508304296713,8.44397219342419,7.468458104646406,6.955451775265303,6.337308954444267,6.319152893695802,5.674610758018274,7.468643374716176,8.16261403096198,8.560420078928345,8.650013866042979,7.329998421698178,7.936320017401561,11.052719760656071,11.541555721578268
2.4604300443790077,3.5404014102850176,3.560919366943281,4.649633162681767,3.783812490188574,4.2637696374814364,3.4128983280019742,4.649703452599405,3.916544757449303,5.091465317261331,4.473016541188158,1.256263173071984,12.154317985775391,15.703110685744708,6.871011976020519,9.946895795572818,8.496920023718024,8.900940933137262,7.005087924440291,7.577003846164426,8.197451367984243,4.835217897124269,7.084225118267416,6.540387715644106,6.7567009054423135,6.0614989624931805,7.8027680278099485,9.169975223016671,7.694275086124156,8.341790995999082,7.824711487956691,10.358426101532649,10.97211000220283,12.265987612007631
2.4537312659235764,2.8226402500586607,3.3428402083520976,2.6735753122181367,2.0344437769856234,1.2830723673121727,4.528506205602383,2.7124356713796596,6.265319323696778,6.1399199524690795,9.682604978691694,13.25900529796146,10.377355645566764,10.572942591564468,8.405080708941702,9.709493574462028,4.036245204963401,6.80464654889859,6.5079971980841504,6.66621875941186,7.096984255020312,7.012786625572986,6.902355979385993,6.006985944363935,5.613453090136703,5.548461358044971,7.81968536361591,9.278889380205868,8.347011887960226,8.00738899747401,9.260990584243606,12.722078289839358,11.795590693011262,12.473721996188837
1.920522230947557,2.2422750930079123,2.8584670757877904,4.04137246424505,1.2147069501509484,1.2644293245596827,0.07919948925419419,4.185107808626367,4.462546566260401,6.568491628230121,10.98723424981852,14.534939986503327,14.894799061195114,8.812855179004043,7.868992582065984,7.188256994544769,6.578888589485646,9.039203235763429,4.971139493971396,7.797330802111874,4.439591820870883,6.849149818041524,4.268790417376411,6.094122124602049,5.158228556244273,5.891534105808521,6.709377062114225,9.154041476083322,8.502059435230873,7.869827256076064,11.41135157471374,13.383359387742178,12.274593410566125,12.025416250407378
0.6217823532914828,2.8687069964882688,3.2222662383364082,2.888917811292764,1.821419990202291,0.10416271976137258,3.0490339509179623,1.437057423320028,4.62285209870354,11.26604784101777,10.400905604044853,11.093666554136608,9.683535436676452,12.088581865129756,5.792418740825849,7.106885423310541,6.894444164888661,6.637654015604351,6.619257487065912,6.292936358757184,6.299435829593579,5.362163673835807,5.599548031050366,5.6248349734258145,5.765671674621141,6.173546327629853,6.329958128928128,8.20470843363123,9.391129247594959,8.682198328135675,11.706133529724113,12.695931542545091,12.223789038981968,11.554361536046168
2.8350972903166296,0.7091754614134492,0.7807721592113906,0.9205935315016858,0.11785976121914207,1.0761323492920536,1.3041401209397976,1.2574317450336507,4.888727984833314,6.379486758410647,6.916959865467883,11.884361993071627,10.09247015230531,6.496102704141277,11.411431951891938,5.987152610531425,7.244881860452913,6.413439104607984,5.992231199490604,5.410662369945355,6.493151909698468,7.163210978844576,5.78468962295037,5.420631856884551,5.987632803280965,5.2745836778656425,6.834561190390358,7.84379385924382,9.079632032970025,10.46438030439885,11.129414794927097,12.913609680848985,12.016397644002653,10.991936929451608
1.9923167717791717,3.7200949688356837,3.0774831719156492,3.025181820952504,2.294666136506692,3.413338286637392,1.7759729487072724,6.749475701183349,6.960741048734042,10.232260879247805,7.305796939376119,9.487115076494357,7.032890900749054,6.724916261912011,6.582274528275335,6.185599486487061,4.023140673737337,5.9315439830702426,4.322426591114806,4.04710824422061,4.435396782855499,5.706632985946892,5.0617235828785,5.274453800804813,4.990278895444374,5.6469681629829775,5.7953784327708,7.842217125955901,8.195224482600851,9.608393194149375,11.183967825689594,12.664950173393622,12.142981475250508,11.059590624151143
3.2827759624194566,2.4099103443575367,2.6398778910536347,2.071675840309047,1.8388530194457917,3.160370172044882,5.0244762674251735,3.8786141265642913,3.2460731510825225,3.142431247201835,8.692511258877907,10.075774516564705,6.8183812538898225,7.9429249880248,5.775024712158635,3.2480951790621844,3.6705077468296965,4.351769531261426,3.3709793860949913,3.911963443903147,4.867829837891915,5.614781876978831,4.806857643543644,4.575754354008944,4.0528511574439054,5.5543306562784425,6.230111082754268,7.090652964521908,7.759284268136667,10.402355804110366,11.701652481268063,11.771976174527776,12.183303286492716,10.911121055354254
4.123911889041797,3.284757082564329,2.4656603549329117,0.8409256431936006,0.038262808112469175,3.008928742763784,5.606206430776242,3.9197652661421754,0.691331145057683,3.947188981366746,10.649482498387846,16.122346375299507,5.315330006838228,4.2188962518804685,2.8126699610944472,3.483844099312742,1.0166496056007384,1.004075949524187,2.398999248115402,3.3171679484560785,5.390012750665842,6.328805349647937,5.3490620510094855,4.636611916268114,5.486419939523797,4.969319803032179,5.69442833368434,6.023255568018875,6.672795400775294,9.85396318127141,11.058925221965438,11.302629126565886,11.274198685210893,10.56659500676983
2.1623961458936067,3.3424793813716116,3.304423948325705,4.561861054356881,0.49058003321373217,3.983809356425643,2.9010468784205226,0.14618941036500177,6.825316347389198,11.063640478717847,10.769409479188873,12.24525065933738,2.327291754482622,4.294880560043774,3.756968771815469,3.0330269184598744,0.5204870772557132,1.3745436733591085,2.891509463489808,4.046575260308145,4.449951113388842,6.27637394369753,4.825691367779076,5.380938844028793,5.381195623933292,4.673338430183677,5.889756098301097,4.8870856835727805,5.539112018822817,9.868484661154369,10.881298674993168,10.764775022783635,11.225578802115063,10.81300110219171
2.7284950898576095,3.160774433707099,2.5332279720831776,2.476173339632579,1.177220219156603,3.282328135234122,5.129890860626511,4.569032473402851,5.593724608350137,11.148704064788305,8.361440999472816,4.595826688627647,5.795706322741683,3.365952693513783,3.1139310261715476,-0.24104023358600415,0.35323440318328786,0.017418555170456904,5.1953341076518225,4.854183029796113,5.405931543400948,5.577346607553102,4.755333979046881,4.450385135972115,4.8499516852692315,4.878042802856658,5.107040301756579,4.45099329160665,5.173083737419669,6.280727810587431,7.869591604908093,11.519731672443692,11.442828912526632,11.01261609817762
2.284678063703302,2.8829307850465233,3.6593735626339114,4.0249791885115895,2.516793897567527,3.245812081423663,-0.6643112726277399,11.952353380098426,11.436333090863117,11.74453201004055,7.45840919378811,5.984009014478521,5.322830471802815,6.862151516033863,3.23210889620163,2.493542807975599,0.7292882794225497,-0.6837567719293373,3.3986832894662866,4.989906710273995,5.025014391824805,4.140411039163979,4.245092646632158,4.2459850822560545,4.287061872141555,4.030780639280069,3.8673885161800814,3.981779978358793,4.5952598395891675,4.927540544767767,6.350793290058929,7.8919597087899485,11.410781894757422,9.893748432902811
2.137923482742125,2.2805133523316083,2.6885282098970826,3.3420077054439923,0.5270917407140416,2.1433513247332012,-0.21733850271197785,5.105737543505637,6.52929907752028,6.204947184256124,7.581286238637873,9.05285832258869,2.7051273617018845,0.9940092532627737,3.331596476118584,3.426174872939,0.5119862158413612,-1.4632038239439922,3.58033526967262,4.335444268804557,5.374094477391662,5.360210227332733,6.834728008163174,5.833062365753548,4.440275986712348,5.579459210837819,4.707500889180844,5.544939817725604,4.601059574270549,5.35085836080324,5.9380808657215605,6.465773529863405,10.961464852603447,11.348599589922006
1.4606566780322718,2.082887566075574,2.5072737186587757,2.2347965972745936,1.4846232400479127,0.37945664692132075,1.8441962489971944,6.975832438276765,9.866178563674282,5.724253014078065,4.698528620108022,5.1986666423836025,1.026042908686135,5.206884235280565,3.904092081909467,1.2585118478834645,1.677305433661854,0.40404525236354494,3.6022912853814333,5.562609783394262,4.342251368145198,4.060247428572699,5.350011830081532,6.350116898556271,7.222769635807468,6.3044370831321705,6.204089708460082,7.49462937265047,8.279831104572914,7.600638137998328,7.412093298574818,6.640582886857011,8.35634537370175,12.264891510732621
1.4368227220653111,1.6196924485421351,1.8375322232813145,2.4423381355335696,3.058780558135375,1.9215174895901839,3.368096187136752,3.114887731538279,11.037375589545197,7.123450226414426,3.591491138971223,3.866488648251602,4.6600639963085815,3.6968988756075194,2.816432515674901,3.4214014855182917,1.4655640889497885,2.6454496606332754,3.4869477256117234,4.204649506163551,6.236713408670136,7.1251928197750525,8.291996870976712,6.346873500983772,7.6954705922714375,7.769344318325027,9.022653059957836,10.621728602534624,9.422430267411405,8.636179701274092,8.406199729461717,7.1001162069090915,11.681561734228218,13.1060704777908
0.7085110611176882,1.2573662690423104,1.5196974775482248,2.0277982938583308,3.3587765474598235,2.9206594530022922,3.761083759598885,6.846254291542082,6.9851631713818465,1.7157860419776516,2.247797565111069,2.7323310725217476,7.186352626065691,5.056772814844855,3.3434470260721736,4.91461930212061,3.1527825749684837,2.9292029527661625,4.02532639670177,5.909199679748251,6.122596534243527,8.04202727301118,7.998325793259281,7.154611631519075,8.519690266267165,9.457673240438847,8.479395391682846,8.931667297320224,6.989767514851794,8.736851284311724,6.907930696887637,8.027401754464544,11.088205535628303,11.38975366171092
0.5526938684312528,0.6559322172903226,1.1328591057914146,1.9245842434604874,2.92633948851646,1.2522866178946626,4.060862664200509,5.15176786311544,10.470445503708566,6.2141993328702565,4.56027545384294,0.8670410847802258,4.3742567440636515,6.456977716573054,7.093784229073628,4.3304524296764235,4.5321433950460355,2.584209915506314,3.319464279642327,5.282973233012287,5.304110029302646,7.979074044597162,4.7479852082964085,7.138186458882325,8.222810745336773,7.86915786171968,7.362727810641071,7.50117351549841,7.61413527116644,3.7978421223778174,3.126549028325238,9.523465901125679,11.46239796736187,10.399734448905608
