script/wind10m.json
{"header": {"parameterCategory": 2, "parameterNumber": 3, "lo1": 6.000027932988019, "la1": 58.9999434238085, "dx": 0.5, "dy": 0.25, "nx": 22, "ny": 24, "refTime": "2024-08-28T07:00:00.000Z"}, "data":
[rows 0 to 23 of 24, columns 0 to 21 of 22]
2.7557300328191943,10.997501004953785,7.294371826728078,0.6848996495893748,2.028779434231554,0.5933088779618678,0.5933681423827365,1.2939658155800753,1.9426238807256526,5.576390770045467,4.882395764878127,1.91077021242114,1.6415738162833993,0.9999106535334347,5.5063248705484105,5.458041947920633,2.2080090232586733,1.4949237822968138,2.1492074509705117,1.837276337608463,1.8686115040565456,1.6008256495055364
4.372369707235904,3.813551342527449,3.6495704034514183,1.886135714034001,2.046684579670242,0.05634556199304324,0.9228315791777387,3.733008903272151,4.929166565038955,5.878894909435438,6.379750060194952,1.6659137728187317,1.8957782828997602,2.1180433644371504,5.97032708373971,5.958301844633716,1.8059001620960322,2.019397772517399,1.677210266887392,1.2006055254082229,1.6059410330074484,1.3015278787522049
1.79946159371158,1.5846357752799671,0.6819731076346296,0.7608391485113472,0.8614545257046965,0.32482515152260666,1.6621126572434834,5.362199919942085,5.128498984192382,7.1181987835664335,6.985236647017786,1.522733886370931,1.1737865336784863,4.541562564090406,3.245611049748352,2.550653451040078,1.7242731310417136,4.176036439676287,2.7041614295209317,1.089256705351861,1.3892304966923568,1.3354595904754925
5.405487809805686,0.5316333186578711,0.35364414755445794,0.33357546334734833,0.25373788987412643,-0.27874416461187324,5.472726435972497,5.360786383616161,5.7007714945657195,6.501643657277733,6.592071231741546,2.3523522485176858,1.5237698302613585,1.3194351509903546,2.9724730615604127,2.652632790108743,0.7295327345943698,5.426820485025651,1.4982072923842225,1.2811151935932084,1.229812514145243,0.9283202593329141
6.017961931768223,4.219751976306996,0.8942052071837546,-0.6693507527916082,3.901479775972137,5.224841723169492,5.6165433430835465,5.496627877704901,5.647912767173977,5.587373143495013,6.010191509930296,3.878827154646114,1.9151775899943162,1.7914033073132756,1.8083368284541592,1.4435708360946162,1.0832154292898437,0.8934883802626657,1.371964394663182,0.9187228167784081,1.050356330563076,1.0377006482701001
4.763906131187556,4.614497044824487,4.609967783150009,4.546429926191214,4.972443055393973,5.082421679731338,5.354239039039906,5.313548021509044,4.610034656039296,5.240542607885021,6.179006721266955,6.067629107253479,2.155131041623018,1.4885084452924917,1.7264545565738405,1.626145354194415,1.362191432936956,1.1652188657498412,1.664098132411463,1.1672548865432146,0.7171066063160376,0.9114702551323424
3.782580662143307,4.815542552944241,4.89482633038934,5.452336970053896,4.839831891605591,4.971543486556928,4.744825987248138,5.140893670298961,2.6697448566239066,4.936067324375854,4.237242757144755,4.769837933665614,1.2009130869332023,0.9100740392516368,1.4044434838331428,1.625660208174835,1.201442469241851,1.4730814074349063,1.2191333207672415,0.43521122360875863,0.4457612775839909,1.0881628322279389
5.28440852350825,5.2673603919470535,5.6914834658787985,5.136839205695602,5.114124068534179,5.262933467820164,5.136467935083935,3.4430888366010466,2.363967625395396,3.277784509949089,2.638498658993337,6.574615224444695,5.820920819585921,1.505876430191137,0.742163942535467,1.202590954859382,1.5003553404408223,1.6969831312716288,1.7636613230005338,1.6581053687792984,0.48085808285473175,1.4107629191943072
6.174231604709822,6.036966497605898,5.7198057823928155,5.2499180291986125,4.659636644768136,1.5849615101163599,4.810973680057706,3.234085909892974,2.331912549950289,5.444753702004703,6.2798894726613,6.083452829711115,5.740355148001988,1.0339991962727335,0.9798596953413767,1.399529465764589,2.290101280513153,1.3282603471711387,1.924401975341442,1.800268543301909,1.5114764883440275,2.034071928458437
6.1628163888654655,5.603988699829423,5.493450187367725,5.974421940406854,4.4289914112777575,3.3145994126035863,2.856485766247869,2.4725643014654377,2.131411705019557,4.743910711313122,5.91479165568715,5.5619650838254815,6.538930206382427,4.031155578803005,1.6479593835653752,1.7709503632238872,1.733099227537644,1.8276935095733633,1.5987334578055383,1.467759900275969,0.8599856601065454,0.8711248232340201
5.5497997651790785,5.5399461861853485,5.461881259560376,5.2117642824384625,4.222815371974348,2.82232884454329,1.7076000372681805,2.5147868266993254,2.797313630701178,3.51977434697553,5.786491541921941,6.331968674052724,6.422044747452305,7.3532827190211405,2.1965513801605705,1.2760344426525694,1.7781267710642727,1.7641148815340897,1.6866856081908812,1.3504137992848195,0.7048684691817401,1.8083905543182912
5.549227965888198,5.828311352727995,5.372970428148764,5.306967891954333,4.603149455242016,2.3617512126730884,2.7146337545926875,2.829080751254486,2.1381454586188284,3.866928057088687,6.440312392800937,6.432120967281495,6.399730751307979,2.7060932469406804,1.1551147849993155,1.2500496635344194,1.2154383602439636,0.7697269207477708,0.9724891924364284,1.0980709541949767,0.6942589178836904,2.055331508108643
5.415230572301929,5.177165785310574,5.23888635165277,5.719047030842534,4.27793276533194,1.815670411812203,2.2780224084718905,2.637610396062791,2.94377798357385,5.5375519171200995,5.7952564087536675,4.418837470776074,2.895451498514206,1.8685708643172954,2.5798720162968642,1.8787643582805396,0.9846305345943659,-0.3954280535379334,-0.1873775309518018,2.1759670213770943,2.89880637590684,3.1372426017837878
5.080686254339335,5.11075991364323,4.852704395821088,5.674355451103663,4.123846578815915,2.4660636551304815,2.886821286530543,2.0050280935667857,2.3271106847142735,5.184529622428717,5.019200835417088,3.3698100089628613,2.8427526385397535,3.1449144222626972,3.2825150751558274,3.09511276987597,2.2469890002288873,4.048082724879837,5.889494266349237,4.070357817154981,1.5011227109249787,2.630332938513444
4.548981435682516,4.967227303368913,4.873944301669592,4.7610543958070055,4.790669426529597,2.6037269757125356,2.0231087505125305,2.745762402429984,2.9419402363829374,4.2022075819866105,4.814177151971382,2.4759381129428544,2.8990466026864583,5.027554164902991,3.4736602723252092,2.8733128066741385,4.082364486187554,5.650901112342033,5.603197715352547,4.952414590026061,4.470011376947056,3.240977010943551
4.240424370152879,4.489883221303413,4.69580623629527,5.027980957125027,6.0120975668760686,4.706517075017021,1.048854416014994,2.986842720212928,2.6032294219850436,3.0592280475450133,4.800854504649642,3.128393867666665,2.8421507599727702,5.230362131506999,5.490989564168773,5.9771999677849825,4.350183134245101,5.237391027694925,4.4764843090842,4.955561224443234,4.254126710706819,3.821981108180839
3.8272801177901665,4.003931934044617,4.344834518764155,5.569451770245282,6.071271873740585,4.2973026388307645,1.9235255590553033,3.3594143465946384,5.220569967946825,3.256816692300687,4.298014393838897,4.664144197883962,3.14579042949506,4.317648859789764,5.521035429595326,5.349141850496812,5.455002092825992,6.287470892195437,3.4746446257974832,4.355880022381889,4.864323693794642,3.963323847066502
3.146843268129691,3.6093987311967015,4.389121427438083,5.562029661999204,5.690652809136864,3.142249483947306,2.0243226226174817,2.8548603941620825,4.733212484270376,3.81984319801292,4.000823366035643,3.058228523408545,4.277052389261278,6.007235601089668,5.048414052692022,5.3801342285919835,6.737882367235192,6.4496819717260925,5.94529730436131,5.2724906530974955,5.245089530734672,4.460153390809983
2.6448971181286662,3.5429208231061233,5.070672253930696,5.336706823535795,6.126108500107138,4.817903755413854,2.867136904698588,2.2216350798069247,3.963319629112603,4.151754110566032,3.1002024837113247,5.1959846473790305,5.453755679476407,5.149464868393174,4.41602833462359,3.266764069894705,6.191218637438475,6.196384945377934,5.865136806967936,4.634491101918944,3.946976339810656,2.214582221056037
2.366075888846003,3.920813934345966,5.007601466198674,5.001829245695618,6.082213568305173,5.5675815890281655,2.782355510774146,1.6277169463035857,2.095065372734223,2.3346095080269174,2.690939299717834,4.00718727233143,3.8819156376232082,2.955878734286193,2.364087798038984,4.886166658254489,5.65841578840686,5.058126755516173,4.01934562903038,4.737905438790573,1.886227329430951,1.5822489121555214
3.066760590395535,3.7702639471451733,4.916052848906811,4.95449699942813,5.791297312580777,5.141353666568295,2.379630573868241,1.2378975632985318,1.3816470686262219,1.835359413656494,2.68019452931574,1.7830883411699932,1.0626376651530818,1.7484938374478607,2.101339009469834,2.940472795497944,3.622143278037057,4.1168040362911675,1.5506063697828552,1.804768471854115,2.0667133061410135,1.4285301659689194
3.265602624966397,3.7170981341029834,4.417387858306804,3.3670556097543978,4.757909964193043,2.9167322484200477,1.5596096107063866,1.2755583051266104,0.7208487135261417,1.7451168245644757,1.8443337975663132,0.9360972087027872,1.3705365175338649,1.5457888769456225,2.446232785500707,1.8784996325185346,2.60592369735911,3.057869399119697,1.2055445400223748,1.4005509761379817,1.390298401626365,0.7464942721820944
3.1857721907142715,2.4962181003725514,2.9591372940154437,1.3204787755897378,2.1781970998430658,1.7215386612598573,0.9754945619775061,0.04949697743158709,1.5336251658009727,0.9763225195514802,1.5753299727951882,0.33789282483269334,1.545054142665029,1.650829803603048,1.9775689147689426,2.7767810899076806,1.4112928672750364,1.6657571928857904,1.303406858636256,1.5253286441879021,1.015564208374555,0.5840776029764702
0.8428899295459641,1.0978547731289736,1.323112926127965,1.258120229000107,1.0549225222472793,1.7369439872965826,1.7092231866272543,0.8094898059170986,1.200415084534137,1.1518135185690164,0.808452231687461,0.7670464580092831,1.8554243402319401,1.0162101903299028,1.1415236777587485,0.944799694180183,0.5338964710953495,0.8000721326401965,1.0767644008530186,0.3249586812560021,0.30923329321644105,0.7139613831972238
