script/wind350m.json
{"header": {"parameterCategory": 2, "parameterNumber": 3, "lo1": 3.000054539987559, "la1": 64.9999836372058, "dx": 0.5, "dy": 0.25, "nx": 34, "ny": 52, "refTime": "2026-04-15T15:00:00.000Z"}, "data":
[rows 24 to 47 of 52, columns 0 to 33 of 34]
20.10720536405506,19.938377347323957,19.33580941249012,16.164213576656195,12.352859291931274,8.993731448978508,6.734050675361321,8.196334761029835,3.7268657869140904,1.9250100321425885,0.6754874782966291,-0.37283646520246516,-0.9069307406828764,-1.9279010347695797,-2.689347369991527,-1.5124958104361839,-1.8399729047015732,-0.9076627265706445,-4.167586230020902,-3.5236892731040674,0.703094090943372,-0.6591340043544682,-0.1598605583767991,-1.5008012902053471,-1.3989071326455198,-1.130682467404385,-1.1493116512058201,-0.9243281914495252,0.04486035810951775,0.9078573448086676,4.102362139817963,4.584840856353758,1.2851812110848526,0.8187455713245206
19.668288376405098,19.02654631036778,19.19044265957758,16.315230608228394,12.97454752928674,8.791578278064936,7.382233059996688,4.308280719449788,3.5080197787720175,0.20032313402008248,-0.043208711116388986,-0.7505138937272285,-1.1561351813592993,-2.777341774555531,-2.6666641278731418,-1.8639388801327708,-0.4837830040793814,-2.468530764450822,-2.1821779795106435,-1.4921420008536599,-0.8866965219491455,0.37068444559695574,-0.5381655686560173,-2.3437441490437165,-2.2642573536338984,-1.780204411038082,-2.115866984393336,-1.0239051197836675,-0.7900867994378056,1.4041424700276979,4.051697815078389,3.5615758269938245,5.526351855709891,6.31173386601342
20.182714182236776,18.373101845141125,17.088091605601097,16.222396060697427,12.862435214482437,9.950919621580057,6.00091435211752,3.435470897349057,0.7586080099281672,-1.0388643329388534,-2.8543395242569334,-1.7611878703556572,-2.248522345313456,-3.285115130543592,-1.1051919559618948,-2.11553671062036,-2.7775408002185187,-3.0117754821663136,-3.174190540151146,-1.7121796253421566,-1.184220475956473,-1.8351463715877399,0.7237969255183487,-2.4351797192486955,-3.563287240482074,-3.5809599098664067,-4.731576392275553,-3.2028505232849853,-2.1611720934863365,1.957095066159026,1.9240283615920297,2.476674356292103,4.000294021856455,6.713356870373745
20.23502730621227,18.470739258548747,15.8512762504607,15.676013045285202,13.533290015805568,10.489146988161774,5.369305112240883,1.8734015111018447,0.9878879938009332,-1.2302217421162212,-2.193498237278598,-3.1940348120371787,-2.518073636606107,-2.7687597312219476,-2.6459255434612197,-2.3079617081509314,-2.820374038694738,-2.5794672862182453,-2.8682247537883403,-2.878647716692861,-2.372172938585752,-2.0148657031314072,-1.5251534591353009,-0.9034171586242008,-3.6110391422755748,-3.5046950174560885,-1.5938754567200257,-3.5975806416898948,-1.2159211976698951,2.2640546679630087,2.483448063445879,1.7400646550875798,3.8632184764010056,6.160724246476682
20.37958630799133,18.848280344668943,16.07505254743501,13.911009456231879,12.946651237314438,11.035637921884318,6.616171839952668,2.6771962892845607,-0.39206159447259126,-1.3761972725453617,-3.508934155677846,-2.8295416203882158,-2.9066884750243007,-2.427774287527488,-2.718346007091353,-2.805863365437846,-3.181859599674359,-2.841385400769829,-3.2179219737587594,-3.540806804400913,-3.6030406523158502,-3.5185146914524106,-3.6366538343512427,-3.575374642206201,-3.7716825716308997,-4.2128070275278455,-2.007102369501874,-4.136295034677715,1.3714977252927563,2.79635329246372,4.4028770747552475,1.632036820766551,4.71083918726717,3.6746056049049094
22.846622200494284,19.327563148166554,16.0317844016544,14.211142267516744,11.904208500567476,8.854504115557978,6.917732637771725,2.782138340376795,0.8399826709557819,-0.45675591592386994,-1.222149742026235,-1.707426489042443,-2.851212198128246,-2.135656105018219,-2.646057854439897,-3.1163681654542077,-2.6388120057166597,-1.940014253782407,-1.569539863283918,-3.808733641355039,-3.9789854058245737,-3.7390833154611096,-4.7720622036926255,-3.7739332924446676,-4.163152784754982,-3.757167920784084,-3.9394686767969236,-3.341132517006419,2.8059311079296054,2.135048323020413,1.910246808005093,5.064659035884607,4.499940877909359,4.968640132781117
22.009318085432575,20.22110092777519,15.87566682971844,14.123371085209936,12.403838794846449,8.67199987914761,6.384979140231026,2.5650752196546582,1.6872608843814634,-0.7538798877465902,-0.9245236167659623,-1.6286981645974696,-1.1148352742844854,-2.057670775654989,-2.188208136320715,-3.624518067252387,-1.5507978302429897,-1.9879998140546153,-3.1192241102287595,-3.2851061088220175,-2.8601165955599592,-2.6878794371394346,-3.3148715049656303,-3.9094166743032095,-3.667109383988165,-3.144161029483544,-3.7909999959041234,-2.6858598699546223,-0.46534222051873203,1.000761153261248,3.0476291060131464,3.8720953272527896,5.0041726674195965,6.405611948309194
21.14281512497303,19.813962713246514,16.332320125520823,14.024781998480108,12.117644440188794,9.412468278312588,6.586322822133064,5.285209344643822,2.696417352673722,0.7720136277782317,-0.6984898619987273,-0.6039828363249998,-0.27321802689011654,-0.507993807137915,-0.9073763242483243,-3.3185290399303664,-1.3030170334500146,-0.41057444262009274,-1.8052179010971336,-1.7899676527160067,-2.591416176343008,-1.5605911396297336,-2.8253321951866686,-3.230761440725447,-4.053537513269523,-3.4506368861474392,-3.299274990637292,-3.2395554766336034,-2.8478865586986926,-0.3163966659680969,0.8048438068994088,2.1062579248551394,2.693691343067289,3.1977622779293537
21.670861145083652,19.366926822910802,16.055582354441093,15.05467178986782,9.758676004429033,10.219097462183486,7.139476034055348,5.144919992360421,5.260402681816526,3.102134835436331,2.7603319058470057,-0.047108992661969426,-1.2866022613120722,-1.0488312135086024,-0.5711827839224275,-2.9906835489254133,-1.488351480093173,-2.7706205133048103,-2.242289193829771,-2.1386205263788614,-0.8843539670050187,-0.9022034989573726,-1.1396647075213675,-1.4985523040173023,-0.6412639358379552,-1.019592102041174,-1.9390535126792803,-2.0164938471236087,-1.5586533585778768,-2.2617131391103364,-0.21999661133755666,-1.388829691390312,3.2164877547331607,3.75284420855458
20.073623135125235,18.624513652225826,16.104743648592745,15.6511591095891,11.56809733526438,7.579083670408444,7.917931467090037,5.95205613079005,4.570122297095464,4.784649655095452,2.086291431591929,0.39867959886081916,-1.610688697147004,-0.8574674810631054,-0.8363195084159895,-1.677368342474928,-1.5551352964017662,-1.5009084164311497,-4.19621214782033,-3.249194865639332,-0.8942108961209572,-1.0629538604610385,-2.020242122463109,-3.3084420556947216,-2.475472853696285,-1.4351814088600097,-0.9030427886192862,0.9104455780893702,-0.0033624382296089,0.39663837255504386,1.2396423721373666,-1.0035353839905345,1.0815630862358716,2.887855858590195
19.582906840380467,19.2193619217372,16.281113174001796,13.069522606664087,12.298513192789779,5.584145645865042,7.03645176528419,6.920707224530783,5.645086253501527,4.082378273275289,2.649551382342751,1.8274615714767763,0.22009038846301396,-0.9842271257947001,-0.9762207942622865,0.8750753341218995,-3.6629110115126577,-3.038545390687361,-2.8367536339550647,-2.3272069925466936,-1.8390589599206852,-2.211138675574266,-3.108169979605928,-4.698684407092943,-3.5198092777626777,-1.4816641892910205,-2.2346382980005686,-1.9502141536251492,0.1940764178031909,-0.9065990327118163,0.027489102892061225,-1.6495500951402922,-3.367797262095223,1.1315327390084169
18.195808488307645,17.319511199446147,15.392299251249876,13.557986617654192,10.504548644510624,7.3749583754002686,7.290379063111837,6.693329720865558,6.0746209891637575,3.7933114694508028,3.569452484017115,2.3343132863741967,0.6607498366570618,-0.45388374502570494,-0.8519757787076405,-2.741268397195759,-3.280155628871032,-5.043187688357508,-5.265496213592793,-3.910034966960597,-3.267552517359375,-2.7576166760942358,-3.024657381569364,-1.9315015571598475,0.7151843263694665,2.5044571270644593,3.1950850491905083,0.11566926455821155,2.7919914280002867,-0.7417949418377157,-0.21876269825163014,-1.8467042315947055,-3.0183351293557155,-2.2097161597955592
17.302798860375756,16.58489006351812,14.935080442660224,13.320311248572713,11.07295760384818,9.178672270583194,8.209610618063884,8.500350992761883,5.185301581380966,5.152592536301682,4.597912225092011,2.2557381978212887,1.457185104913852,1.2385743614345983,2.334473074427907,-2.2879463094329524,-3.4973585846822557,-4.653872242543157,-3.988110402436835,-3.8414328423874355,-4.0312113660710684,-4.323401015112559,-3.7300319253430896,-5.727595611054059,0.7214808719657716,0.45525797889207914,-0.12190965204084642,-0.16432624275171162,-0.5182550891556875,-0.7077309619239881,-1.9920744359084044,-3.547085195403203,-2.949165624635535,-2.326114838209999
17.204609661705973,15.10508853078767,14.809715493394378,12.727808252816262,11.803615716997216,10.039126473431546,8.740557955982453,8.738749462119452,5.902477717539403,4.516817008657579,4.258329374130226,3.6266293828030713,1.1277510352366025,-0.18061658897103394,0.14561385759477885,-0.8221105148630086,-3.735407181140627,-3.538247916435758,-4.566430118015241,-3.7925178264441546,-4.036044157955284,-3.5490487023766595,-2.9776947192341874,-2.317927297661865,-3.1820266827938815,3.1502655396756114,0.42724619971430683,-2.0784682588899828,-2.6043647488267783,-1.7587761912852244,-2.1458553157586766,-3.031581474397039,-3.6354190010916203,-2.9474670122576794
17.62373394023153,14.434319279828038,13.483605413763037,12.354063315020753,10.810464866421206,9.964618727949187,8.460319971022866,9.019920548750155,6.487837348852832,3.9690556078428973,3.233379623022252,2.7682310766059417,3.0682043927070364,0.8785184910560969,1.2987042530445116,1.7283067246550068,0.04297178892658343,-1.817556773984284,-3.618106344924594,-5.849204647654128,-2.722140015736951,-2.1393284743799694,0.32401665458023515,0.5593542569719927,1.7504689618418212,1.8794795168950822,1.347590649885455,-2.251340778221319,-4.08759920446462,-3.4129051913544455,-3.6664380550414757,-3.1670327715240796,-3.090042454641333,-3.1440291834600234
17.080954855516847,15.946571246459927,13.922540256617534,12.505696954911333,10.560163598430165,10.596752278566726,9.365766126619043,8.313846955999418,7.019149444657355,4.384065631234573,2.8556510242897284,2.877130881111993,3.1164136786741454,1.9484464609921295,-0.585515547166848,0.8420458808715572,-0.5036542933172511,0.011023719569273966,-0.5375441356844742,-0.6942854050621551,0.6687370588420772,0.6002089766174525,-0.215080350737754,-0.553967865274252,1.3120864326863844,1.4981680124547352,1.787343131541484,-1.4827008458152378,-4.9973383447549455,-5.482052933288566,-1.444171736879928,-1.7416683038041716,-4.116168125538433,-3.7634767316058872
16.498825654384444,15.131937866551315,15.244066239693458,13.422785158261608,10.013736691191301,11.662603912973799,9.554220283255942,8.11022956899954,6.596636880915032,5.046916989004827,3.1427324452407395,1.985053912979465,2.1103227523985417,1.3976832509030874,0.20070831698555247,-0.9061844889463674,-0.9898384519969128,1.21134911947544,-0.19103951299751107,-0.9841184378108413,0.1551645351151402,0.551648602372805,-0.6376637311175912,-0.8528658439400398,-0.5265169978940786,0.7351970369696441,0.19923270861312575,-1.3369253481867565,-5.866037126356652,-6.981441714292517,-2.057938525250698,-1.8566952641112138,-4.320479646546143,-4.029831337822257
16.12329333849313,15.857424813864368,14.71276182463423,13.510361313265266,11.573377698615532,10.7725838157567,10.117590824356125,8.663558778458905,6.634433316405242,5.21875736601997,4.0478666862956,3.051051924602023,1.8825183444105782,1.0196015021363365,-0.16038258004481712,-0.6633152408576334,-0.9535089208296935,-1.7114277915406884,-0.180509032296895,0.12144690718295553,-0.6580088225292565,0.10044780997743853,-0.2477894429093309,-0.8091184476508394,0.20669053050530117,-0.838771208233022,-1.4537531317070775,-2.4932219387459664,-5.033493247945965,-5.363099404809305,-3.2769189582682303,-1.3259978325596187,-3.7633653609086606,-3.566586897332065
16.943741341578107,15.49447342774501,15.130570693313535,15.069367950394705,13.130258913427015,9.214932919937283,9.875378582408086,9.1897415102433,7.762716305920382,4.570156930005831,4.919969466224455,5.049341027326288,2.2257380339696966,0.10609576266641434,0.09775576960318232,-1.511568691706032,-1.3855746113591858,-0.49247750396737194,-3.389056438519892,0.5969961476824269,1.5833009510334446,-0.8260874251678859,-0.5023745399461595,-0.5526071170162828,-0.4889791253932693,-0.3765500454012786,-1.1887970208174352,-1.702445912684554,-2.1637408642955522,-3.7365743966637135,-2.0111801054597316,-2.423560725181324,-4.118884283044118,-4.358133427545523
16.090706113268265,16.47012820903912,16.209305502042,14.400346654099412,13.711945700736724,8.191692575740761,8.961713280454985,8.09724332590608,8.113757535397927,4.481990573206577,5.510470093377636,7.211729109237525,1.4702816204516724,2.15282816402002,2.012770736591591,0.8171756332953409,0.440474894318099,-0.16908444423881863,-1.79903358149241,-3.4578436749753196,1.8292281665837637,-1.2258539648145983,-0.13652678036396637,-1.7093221932048197,-1.3560228387424258,-0.12440931657708766,-1.231181672954781,-2.7563755974277315,-2.9864398310841143,-3.939714255600696,-3.4849653696795864,-3.8200768162452796,-4.391444299606697,-5.0993362802568525
17.783074807563942,16.326649350648168,16.2720914514256,14.796972422310049,11.78091284214175,8.049308252741099,7.655351795613043,7.157600055124007,7.561527464442561,5.618558310279074,4.703307519659725,7.492968096673846,3.618502072957584,3.4608557779832143,1.666046333739327,1.6655555023248119,1.0030334338157332,0.22216747624290334,-0.9677327930700115,-3.4853029559641775,-1.6815131627675026,-2.1746604325357946,-1.7847121557028243,-1.801392610429133,-2.3672291094828326,-1.2645137307599148,-2.0669549444204316,-3.1460526338342634,-3.9539117810445443,-3.838608328231297,-3.184570611452805,-3.899359904059473,-3.117140925938055,-3.9674033205113037
18.861006398851696,15.79661781490419,16.326635642879964,14.32866446315311,9.100896706075883,10.149939860000892,7.417235562630857,6.778556865822981,7.220667747093974,6.078146666855878,5.139790570569354,6.3697284885682315,4.996421654433432,4.029529937738562,2.5345197500186014,2.8739733322213965,2.2514351475008683,1.7846076581550923,2.4144040290551327,0.31072299307269874,-0.09210873839099011,1.2905182486758682,-0.9794509423914385,-2.0310175446104974,-3.148773297366585,-3.280592571052419,-3.3201843501062354,-4.023228195489744,-4.416207528749637,-4.05828032562679,-4.059823464677482,-5.0297226138776026,-4.5323567549019455,-5.833292000038271
18.27026775206637,16.250118780762254,16.05429789576572,14.364032405673896,8.611463242447895,9.521301289358044,6.150070938313812,6.769622978899419,5.410573933858442,6.05846248256439,5.663805930392864,5.710044150965583,5.489027716393282,4.832692138638504,3.8082042021043994,3.2007829470815508,2.8369275782863155,2.7139660957562626,2.2989875320006052,1.1670625118518911,1.23617574411894,-0.07052499648807992,-0.6533515062995257,-2.533487917294362,-3.4853316927015072,-3.414539562850515,-3.441080897834435,-3.225644289671777,-4.550982693113331,-3.0090721544983747,-3.345970705711097,-3.3086959427131397,-4.0624596258352765,-4.18193416680572
16.758332463350648,16.12984887601885,15.808672186157638,14.194830675109731,9.382188856740935,8.469534113410695,5.709880394663307,6.474758557779773,6.66930610509732,6.285547388908306,5.880252517408034,4.972028370969234,5.25192288464727,4.710153374725542,3.9100263008909137,3.7012100127450402,2.8769522035085195,2.4199154563628733,2.5345948644394274,1.8190447485834744,0.0878466331871501,-0.7305801346920168,-0.6662820753854515,-1.7237947668675742,-2.0760347461466955,-4.272673135789585,-3.1777463328758326,-3.786320725362436,-4.1065762259923435,-4.399289409226321,-2.9435818422205164,-3.2993854333990336,-2.290523441431563,-2.0677594761853233
