script/wind10m.json
{"header": {"parameterCategory": 2, "parameterNumber": 3, "lo1": 6.000198445256149, "la1": 58.999992894266676, "dx": 0.5, "dy": 0.25, "nx": 22, "ny": 24, "refTime": "2024-03-19T12:00:00.000Z"}, "data":
[rows 0 to 23 of 24, columns 0 to 21 of 22]
5.293709082921957,14.77600368791442,3.602701327769663,0.6406097372678907,2.153385420107354,1.4683649414194646,1.5082034574140812,3.0113396138296897,5.407238079156049,8.623943554134836,7.510238266992665,2.2604104221104566,2.4728720477212716,2.85649244109071,2.1020805623827443,0.9155227482534948,2.6364718700193026,2.4787428784666066,2.922811909564452,2.216017064419652,2.116832731668476,2.4678799300309024
5.346244382112229,2.5527591308211073,2.6186578948065495,-0.1298632118037732,0.4766785338352579,-0.10082568006379924,1.0566107823081607,7.04445399221325,8.432511126918934,8.653615556105004,7.46854053559848,2.787004990667195,2.750185103747272,3.5336204379488696,3.1446744505083055,3.809265303455051,2.3798395746523004,3.8888958383114787,1.2453983647832518,1.8293639143414897,2.1782800598674026,2.1394222911567695
2.6601120288425104,2.1109115195659793,0.36596796938381,-0.15017857482786431,0.19206147746356128,0.2975636793663399,4.761720471128136,7.6202069324946455,8.432446821301163,9.131114623004033,8.905805580731256,3.0252807897923875,2.5118998819455887,3.4683600729615325,3.4919725149884,3.3493472925428582,2.5961511681227876,4.625583141709801,0.8555818620053367,2.083306482977928,2.231790190598015,2.332340201441316
6.306247681127394,0.7753486171242996,1.2858298266439883,0.3971650677091098,-0.22189353324976713,2.336575475615549,5.856268413161785,8.666641078355154,9.538355475943382,9.967141264743875,9.681928680874632,3.8896304603446605,2.4463128433893857,2.8461916757658514,3.900116738814118,3.050754737699654,2.4606043651328764,3.4960559340230333,2.609726703593153,2.242459853135196,2.324787690253814,2.1829698857931414
7.835321929169264,5.263162152329991,2.294001141763701,0.589275241635614,5.283295493575245,8.195392219520116,8.770727073680655,8.689256094275317,9.668390524809203,10.55612334583713,10.201775113288592,7.7947834521885895,3.1299472425692887,3.218399094309039,3.2169614450220214,3.452551068865487,3.048414548737187,3.019947388713079,2.77077060826649,2.201036441575311,2.2383669824782912,2.510472089704472
12.359236371981076,10.661082294139327,9.944827612064822,8.999578492230775,8.778419023273331,8.671228939230197,9.045078079728192,9.052056102007635,9.266957154256616,9.08961532102835,10.822732417866929,10.195637006057142,4.377864055236347,3.325347989589433,3.80891221752037,3.3064371773558516,2.924635198190291,2.7187334935780627,2.8097763600464942,2.489756175314195,2.509395691897082,2.265382981665301
12.26869328625928,12.154813710022257,11.371012801526932,10.519490656867132,9.061806233970556,8.619056710923518,8.584688697727785,9.069060864374563,6.362069877130589,9.826340957487952,10.294026331179307,9.963576132780268,3.91719010467916,3.294291865795506,2.764794196483843,2.72838443764351,3.115113963508666,2.936492844668148,2.9218243671831607,2.3209969001703428,2.2645832464583417,2.1716682830983016
11.722150479626173,12.726046879250747,12.103171688479799,10.685880735224769,9.207799479764006,8.557753376027046,7.090217370713397,6.142991791088454,4.932256506135203,7.686175609974859,7.780964801572564,9.464625005662192,8.67905693993436,3.1886238661725153,2.6056035669220323,2.6809112237082235,2.6921682624297953,2.5744334336739065,3.042719873646088,2.373871001339377,2.2995150604346803,3.6363532553609828
11.321091582276496,12.48475547921933,12.450304536455748,11.499225038330891,9.15328562211768,3.599539845620923,6.57054087093688,5.219829349233466,5.229512538920709,9.41193896770578,10.416711995749464,9.156754640669394,8.649889776011799,4.292011872313917,2.786462810525463,2.5475407977871583,3.0898857641268176,2.6823075236577427,2.710584006923741,2.182267044356918,1.9360800445074984,2.9191094977193623
10.967127883828118,11.670745397377424,12.127297576934385,11.704669380274048,7.8470226170929545,5.2468844748805585,5.205592985178647,4.800309843960179,4.869890178003336,8.093658689712163,9.311628026866735,8.284622296842453,9.038596211364355,6.359386876818843,2.7570573097379536,2.7420224452300745,2.703397558145169,2.623266277562233,2.2602178849747965,2.2482880345248475,2.2343923160718924,2.914025808390927
10.384803250370174,10.684913519905404,11.825713690302253,11.645925201370579,9.112847620539533,4.761865778504839,4.217309811745905,4.992044265258657,5.66239170893321,7.4705107957812364,7.716992238509932,7.715748500759261,7.19463946809323,7.68342700152092,3.8760832986310985,2.446080587600255,2.7669745104648507,2.8676263900648253,2.414107974441411,2.0694426431816697,2.0700609718060625,3.2770353914309136
10.176376536278475,10.442254539223555,10.97636282617871,11.526860323847055,8.830641171797314,4.0466429731981775,4.752795623159281,4.876173543566743,4.386408123738028,6.790859458764598,6.913872365407973,7.787711119286008,7.796037146298121,8.666155002822675,3.7232073187985604,2.5708442128751146,2.547142152722959,2.9728455456368583,2.6497534342152385,2.3594752221790527,3.368132708792471,4.017739608602931
9.563722742135711,9.977785428618333,10.389545364466068,11.087871356843287,9.577464517914798,4.462046587037543,3.4874215693418362,4.255474949252907,5.098805710714686,8.337151627517962,8.507995654676238,6.517591161997297,5.3425478754824205,5.521479886065635,4.49881178686366,2.7510799114405415,2.35242954726895,4.841946226642864,4.907079167477229,4.131829717929779,4.600119008561648,2.7187446081927957
9.198687590821638,9.532161819681692,9.576088009444053,10.67072638269862,9.538913730301045,4.31978716041984,4.284985106996309,4.328848788946887,4.853904847631165,8.924471547267444,7.953910796007539,5.271613291544401,5.767974066434538,4.9667848754235155,4.943415528466802,4.573834197723242,2.819121615179396,5.6026011879298006,5.458678706532654,5.002452868912187,4.37710519469355,3.4912637795479293
8.61825046207586,9.154820975964038,9.42042155101842,10.204927804077638,9.638699601813785,4.7914958355627375,4.024859816276607,5.4705071875236415,5.443280192478492,6.602648468329863,8.68942145263593,5.091686855500644,4.732028775461727,8.12284289223358,5.311548400846952,4.7405055165729335,4.7455878765950406,5.206968783561152,6.212685545001429,5.107772286366833,3.715185683039039,3.0921933977455636
8.800200397460527,8.781369206707186,9.19248312823782,9.71325467320241,9.989749711892173,7.834876214151423,4.300488072177907,4.834783435586674,5.57230726841301,5.957031878290972,7.722584192066104,5.153764462065365,4.346246080012175,7.241798667448896,5.428800391974356,6.826709112245965,6.184095804585609,6.281666665621322,4.429099636215907,4.862022122481303,3.7761340896739335,2.754311855438536
8.934164394845089,8.807990839782875,9.18868112692906,8.952114018218149,9.428783202784995,6.8387936743071895,4.216978010594243,4.982422036375054,6.83947284267606,6.068532045317533,8.180834857714308,6.815825730366011,4.930261708458329,5.036690385415095,5.389385535907494,6.529789496653221,6.91225754509875,6.301087969462328,4.551693468263772,4.574636792139505,3.2344139095920386,2.426164337397002
8.957256480642073,8.512581196083344,8.096273589232814,8.28272476936383,8.664309044161117,5.885455320281228,4.213234558682853,4.9251878385817145,6.4420001938141,7.505807632009398,6.780327881946614,5.2577849762343485,4.025757483041447,4.923572261529543,6.0669067966518195,4.491573158867279,6.660757504425248,5.828184053057912,4.427967092858811,3.1089607214575783,1.2824294079419465,-0.7980242350531441
8.903155094133021,8.57651161614078,7.583748335073879,7.515774911290367,8.385159552850338,8.636612120938196,4.842395641082598,4.103456689019404,5.687943050705641,5.60099813647611,6.778578201855035,4.99861158475209,4.416917646415886,4.917844865772945,5.693012806241127,5.18899566355457,5.853725487888414,4.801216215753324,2.6384839322081532,0.7320870026000095,-1.2348152944257103,-1.5648599751557246
8.398502902926493,7.890698002971555,7.710764241399987,6.0157383228968335,7.9652869080424855,7.1071014606594725,4.524885625537948,4.446136544970415,4.883088131977476,5.02230304411013,4.471254620602893,5.4275924448959,5.582440360979344,4.51351933287064,3.691316183444145,5.366881702086513,5.166251789033564,3.985883000204851,2.558594122364901,-1.7859755051266075,2.7851734160466797,1.9977668107227897
7.981608050455213,7.665823498315683,6.999493441060147,4.402232659866061,7.013334200630013,6.007150529341937,4.684644926927312,4.161040922863914,3.8661033913427025,4.40209689699591,6.070965040496416,5.222285840480786,4.655375201930766,4.7041611818171924,3.7358425205406016,4.764321107023742,4.934815429223957,4.874739242487837,2.428497469142147,2.109924770778919,2.2466423629169587,2.0422752651421345
7.338699774552517,6.407925141845194,5.427678496002021,3.9470272309783203,4.289741287950791,4.975407366087982,3.441982210875078,3.8797062507113065,3.948347218611649,4.497911737461244,4.616581819608556,4.582098272378588,4.290880197045836,4.122684668505648,3.849530917328698,4.325496722372119,4.180720513479366,5.030980343416408,2.4698102829234347,2.137335897165638,1.9990858506290625,1.7575351225126166
7.019294827112851,6.010839439584925,3.916008696725688,3.3454572610070006,3.732732766121927,3.9952846148525194,3.0099582713583803,3.496870458284609,3.3187229985277584,3.6140530990289963,3.922323247151645,3.658451766168418,4.387765748199713,3.822475077312732,4.017939108638304,4.3983279753041264,3.3468018398050567,3.0498631541678427,3.0251492372003854,2.0640223810551657,1.972844854257606,1.7446634011642301
4.4119097529758795,3.792776839603885,3.479853217207564,2.3087459126789396,2.558511865679723,3.128224231010229,2.7522514700517795,3.6306946556259523,2.9793617750393,3.5667741406741844,3.0434501735225346,2.7657126886896997,3.9122351528703763,3.0048167151897425,3.605167030774997,3.1118531019163678,4.157602162481736,2.88670201873835,2.611553940362528,2.232479008164283,1.9169120890480666,2.210585029554417
