script/wind450m.json
{"header": {"parameterCategory": 2, "parameterNumber": 2, "lo1": 3.000054539987559, "la1": 64.9999836372058, "dx": 0.5, "dy": 0.25, "nx": 34, "ny": 52, "refTime": "2025-12-15T04:00:00.000Z"}, "data":
[rows 0 to 24 of 52, columns 0 to 33 of 34]
17.74769362747564,16.893034198049527,17.07978167521212,17.31041952134951,16.99150717528767,17.526567701320683,17.93854961638102,18.593438875455618,13.827010542153365,12.507803219878921,10.496447426471889,8.564091601107343,9.147832997137279,6.4388319338639315,6.8602946251938,6.756676255101341,4.947370059274344,2.3370022940514086,-0.2857232177770542,0.990723126046541,-1.8904878367867461,-1.1659910773082702,-2.9113244504613887,1.1646453786970914,1.5328628966613054,0.6460788143208518,2.5980822412871767,3.675807364568858,4.146614700319235,7.3068937670633805,9.630333652192764,8.117143365129229,8.364928081238503,6.979139707596748
17.835433350464136,17.404817648564613,17.349193139604452,16.910829109535225,16.418586741324038,17.86304065681844,18.774811755086564,17.783034884204273,14.80790391848118,13.268339555807449,11.707332342076096,10.246247624012149,9.48840671021611,8.19704408205426,7.505943162651622,8.605691384611912,6.08744065181344,5.3708157793664055,2.7811440651172425,3.397702741817148,0.9569912814487479,-2.761849467603338,-3.62066448399823,-3.5671164057795908,-3.2830952156388595,-1.7489943608468133,0.23037655459752393,0.26281435565418154,2.276075030532114,6.659538740077447,7.8534937373482245,9.903371509975864,7.569885657525659,7.487308088737953
17.244928242276114,17.243049040553498,17.16965125183644,15.691238680609985,15.97903891936989,17.024999340895047,18.085016668671685,18.598359120252766,15.40061461327332,13.093789117099087,11.029954678449947,9.414709991266031,8.328528539691279,7.10182224262277,4.667164997161382,5.907868845114201,5.960717004228653,2.7403632159685993,0.5817875009505435,-0.03973407550444079,2.3538581775946636,0.2808935920214192,-1.2678034217672918,-1.4031264423911147,-1.771748829557132,-1.83219753873177,-1.8093880310193298,1.1895809306204697,0.843190184456106,1.7751842878174784,7.78660940117223,8.194535964563599,8.800368056762393,5.201901171573829
16.341784254400483,16.23584239912816,16.316820135153232,15.784434358332325,17.404745528954084,18.49844590213459,18.732106118598924,16.506929617992068,15.164607893260412,12.551692700842583,9.723888694700106,9.45974897638956,8.517225872785113,6.821096362251966,7.6774361835684815,10.827852201926765,4.271030254102629,7.086942045018547,6.579781350413397,5.387380275776869,8.205474042446939,4.503337180478091,3.3880515347948728,-0.19949538504082975,-1.5014375020127206,0.8933001612920453,-0.4624326670790975,2.536742398608697,3.5667485785910715,4.510256339826949,4.647587484101864,6.055705012883484,8.718127504665812,6.169041344452811
15.57055381924965,15.46768591283706,16.30065906687993,16.19282868386069,16.944672246393306,18.85395085488089,19.854351756138893,15.995162141530871,14.152949808901155,11.57035520204451,10.625975791132385,10.426707454556322,7.156707054706589,3.10748965608885,2.6095739100307083,6.664712879538052,5.4574570056222385,2.2767616650895777,4.818765848287266,4.981808018089286,9.040222658082481,10.323716728204428,1.3665652880235886,1.7940218245017931,0.9778592012851465,5.294021747748364,4.445151637494421,3.7809130176097305,1.7806880894298103,3.1919128084550645,3.5420079892472933,4.214402056623641,5.391171174303949,5.658202033543907
15.582869803635685,15.278137090183618,15.977608432934304,16.023703829619574,17.8669448001971,18.166602877988336,16.51867172452489,15.085306909864343,13.4017010909612,12.539065213794403,10.574772249565543,8.476120523754574,5.224703004801648,2.3589981905013127,1.9940119410676684,2.4662823282952453,2.395545936721349,2.427730900083598,4.606328275214306,6.947954130096598,3.493651752067534,6.618453583073572,6.678431469518376,-1.4423072747770636,3.8308590022246114,4.243650908495681,2.604792413649777,-0.8283741319319511,1.514921186056303,2.250950956876212,3.299642577861131,2.7293381145293996,3.1214425622294106,3.264774279078487
14.668879103219469,14.658997040161449,15.588101811848615,15.999431415457119,18.2946486166516,17.642866486779575,16.05727229070126,14.844000988958442,13.522506555996076,10.610144831949087,8.188100515367788,7.813300350454427,5.964419168355398,4.73044897466343,-2.058711192171004,0.23034538741601704,1.9149082535764783,7.850436726715619,9.185882808288902,11.237853658090842,7.974032399996365,7.165321040961717,5.4674913734281985,3.5861337753899085,8.814616602778305,3.9941777322758045,3.895335966031069,2.9118113077423597,2.462438128015123,2.79914532373866,1.9634334122382655,2.384274654660899,2.818209864911105,2.4022788736887706
13.602457916451643,14.021546483569312,14.583590513299917,16.105797717315568,18.025336497867748,19.453407611908105,15.854996245400192,14.585217623094874,11.978931221922188,10.118115014891982,8.17572804484078,4.939670454689919,7.314157370453429,7.189453048378892,0.1888580424152671,8.488480233965994,-0.24474110678291694,7.325269316219108,9.044072611265461,13.615795588566606,11.896196867184994,11.620709513929917,3.5984512022638477,9.111028568154119,6.835828659207513,6.613098523469805,4.855048830486499,4.9872356273753375,3.6517440698047574,2.7375633968627016,4.1927090369895605,1.4776481294380766,2.108089282083938,3.8612122211999274
13.240185008341943,14.144163753090792,14.508824996972486,18.03538333882228,15.303693574575801,16.867555345958753,15.651362961841059,12.551262355984605,10.61397346973313,10.681046092516574,8.522105615091903,4.665589774596667,10.69277742946438,9.235101799956968,9.899697563687171,0.4633359559827673,5.24720104227123,15.637919474944253,7.269491292133309,7.818079246655499,14.353251813400213,15.614955338210686,18.87176291024857,9.787181847329864,8.115599385508977,9.59422312839831,9.562343571909318,7.273556598427491,7.782499660017966,6.228473138531086,3.247732191843802,2.314590745045936,2.16860402195364,3.7364595200165693
13.614000754870045,14.417810248133119,16.58172044844672,15.972176731813477,14.942726416341545,14.538542990878042,12.924825700579355,10.774158154331452,7.801228990772693,5.783741739807431,5.259830377566135,5.149379477404978,19.773456564030376,13.061623044251167,4.744211312824802,11.674699849819412,10.752702933380975,4.919844709918242,6.691780447880345,9.675026873251095,14.028527758628641,12.621672085785429,11.738763471808598,10.590511136677499,12.247427496196106,12.044317045873553,10.356675960776276,9.121783585720937,6.6411550550072995,4.883057394121782,4.484292963214307,4.12922782655088,3.0360791008953143,4.23371826692625
12.446505571220927,14.193086845200108,16.60217197121324,14.098242717736937,14.961135595543439,12.143631260538518,7.945362928267732,7.091485492482931,5.6826915516000005,9.343095562666749,19.765772917310468,4.835314062733068,23.31602452921468,5.251807969399548,9.563764168380105,2.043817023272429,3.9769474468857315,6.085040871147997,7.222531719470561,8.753433625209468,12.141349980581056,8.80127101712359,19.54166516875807,9.066140274795464,10.512411475256696,8.069130496383268,10.353642569327754,12.360516263954416,9.155235994847569,6.21269615770687,5.7721868053002146,4.573355278630329,4.132280998347326,1.9577588829714434
12.342018258384337,15.745106517263663,14.014353234972393,14.059039240809149,12.465911875520495,8.394113735548562,6.600425624940694,4.503273255496554,5.529293236857149,13.65683764290338,17.72349521281071,4.725839901138137,11.007749736050755,9.9277778413179,17.3019747413583,2.1442123818171894,2.3440433495279946,7.284634934745034,10.960839331754539,14.057407475419625,15.977645698299346,15.160603018245972,7.55803413521863,15.7269762851288,9.134915328974598,10.560307915173865,11.694455888438226,13.181889816585329,12.66329364796111,10.02022740661959,7.93231271873128,6.442705206437607,5.633500313505748,4.29902265139997
13.675605655398257,15.525083402544968,14.266769242043063,15.024124574912328,11.27233755873458,7.892883623449587,5.130434565319928,6.259068704392592,8.422528785949423,18.501876647729258,15.07922051989212,16.517301052659185,13.962053875420075,15.938975040995897,-6.860235877868064,13.159564995993257,4.372629620413365,5.978422279159735,11.602309422622145,9.587350031296255,11.121429050380518,13.930271574551638,13.782884880858433,9.62932930465985,13.782841437002222,9.376795205235348,8.914167659413943,12.750212242878876,12.078246960067165,11.184185014719388,10.503154164827187,9.683714881464136,7.463938189443562,6.431782841969039
15.81434301036986,14.090532794322456,12.976288860574499,13.695545639857782,9.141875249025725,8.051199450048427,14.889038894658738,4.868899626193415,14.724024051218413,13.786830525104213,17.261813205314024,16.060435943407096,2.5197482158902833,-3.4408144175438897,8.039830045254023,3.1124009338966006,6.004010184771351,7.362172114715599,8.807668698669385,16.450540877349294,6.19230728829839,15.918002679002061,13.568913450775195,12.633420090267823,8.915082208046023,14.917966490165707,11.964732015504602,14.286772577178441,10.957391241870166,12.87315266185032,10.409577651391968,11.451236598751354,11.520810998676673,8.905703208642052
15.091792722547973,13.995184497149499,12.71428596728981,13.213012621264994,7.011829767941058,5.931143070603172,5.001329204292543,11.510379406977128,10.797069195161527,11.86431892684701,10.926813722795357,18.75930136209194,22.945240227120514,12.270194534117525,4.899976367809824,8.49680859080643,4.163168125588145,8.526861066749845,6.88754661301662,8.955983360214177,8.556042965471072,8.024502349969957,9.860474932158576,14.830680321358795,8.100439819730338,11.305169784809717,11.246345412924764,13.804683494153428,11.519320564985152,10.2184416696435,9.580188933538034,10.350503116070783,9.428881818636933,5.4570212902494655
13.44840210894354,13.216866619951883,12.326815261867637,11.980712771611547,6.073692185559135,4.917481567583743,9.672788652601806,5.572729890526598,2.718249850458885,10.087154494117103,13.16990422155865,17.479898113870114,5.54898077650349,10.906213921659724,-0.13983210881487101,6.810204798441144,11.281992231503667,2.7900417245795284,9.099358553284953,7.106488320182892,17.935325898836677,8.31158141890685,5.510809120874082,9.720392226974583,10.906585513897642,9.648716432704777,16.042585336580384,10.791430382545295,11.702377576204203,11.232196580481466,11.9165256424726,12.460890212743479,12.164348770457723,10.71717399397845
13.381836632439246,12.986957708488996,12.540539987938217,11.957893515444415,3.6541590286660806,4.848461576943844,11.337654396208206,10.192799569359176,6.178433952676319,16.350706092239395,12.923575109816445,21.92390218635094,10.895955541628867,7.163925250056197,3.408919936236513,-2.0936086172380475,6.163260604436161,2.807385943529387,8.226288277821348,7.023126777453205,9.587707428854499,8.474172924645854,10.437450834998208,7.539582961846253,9.555738296519927,11.137783025754656,12.659148335903154,12.950075782627257,12.038762869477972,13.545791564053896,13.776220938089338,14.358386422513831,13.885277963814671,12.185857881973947
12.306469537369308,13.112942796535064,11.991128023560224,12.039575271431405,4.900531695632146,3.637170696940013,7.94481341752495,6.175921378136683,17.057839589354273,21.804885100062624,10.790871903909036,7.731826334464859,7.166519869518987,8.963900329183964,11.728371647350329,13.802684061702568,3.263047781291646,5.847764058228964,6.598036833422089,7.797515684231519,9.67678523409684,7.008372527463429,8.581905887103149,11.972734107721468,7.379562504441415,9.643389252192373,11.19444006413791,10.30947300938953,12.665782154745969,14.27529351626842,14.031843790222954,15.110777800933896,14.607281818112323,13.801463083440334
13.03266539027741,12.249471349535419,11.51299437173743,13.411816326375996,5.627560575232412,2.299527827745598,9.177679882107839,13.702886634012442,1.314401077396269,18.065699845653583,18.83980122717311,12.257666253541467,15.43966211288775,11.621210799792602,1.263018131923293,5.951964343191607,6.360065992281527,6.03753934183192,4.5168165014177335,6.903704352102442,7.295585490359929,10.083638251048999,9.306357959854207,9.431906440635787,9.494586644277414,9.046036561613022,11.440017948759007,9.5022981537874,10.571524919395692,12.437735817264924,13.664542640266072,14.208966671273108,14.981619006320944,13.923943277982508
12.48666043855643,12.279791787800526,10.119455175718327,12.764043938029358,5.579454579797378,3.0695727728679167,3.7218678172541724,18.439510254738913,19.086418819292412,17.317707439336214,20.453099447033196,22.67928636524503,5.847056592682179,18.04541566807461,3.676179173288336,9.374506380927322,5.076049342003914,6.84201363160693,6.957113370159631,8.224756368057792,7.329685694767589,7.037622045418617,9.994313310444735,9.688613662459277,9.192571502539476,10.198652295455272,9.637485888774728,10.261922420700495,11.35440663107393,12.786900995372786,12.439228356926462,12.709854517090946,14.965243804331397,13.606024183808168
11.626950943071526,10.545819142625176,14.09759259387395,12.51008172935151,7.048635044044404,2.5431825643656194,4.852879037823885,11.087054360841714,15.010704334455742,17.28549252794488,10.344259450473755,17.92786201277275,15.86927259835995,6.355606528142155,4.603512629915663,5.0999243509491885,6.60130966670641,8.449137942727726,9.005911990988672,8.766729771630997,9.142593997440361,7.267808156816324,9.458021315503292,9.148035598783137,11.189228041043625,12.812190782082068,10.757156834738671,10.334896508216001,11.38873825081232,11.124926958015038,11.264810521590919,12.132981540596196,14.33031313938175,14.168986373190029
12.367363986644405,12.369567525387502,14.762710004375087,14.353346745328832,8.335716476444617,4.666054951575203,4.032054944515701,5.5848287546224125,14.485124419008338,5.344020235477268,15.682515591705513,17.86653476844347,2.9247040707145873,8.693018521860134,4.4770461785169005,3.897298131262642,8.108450558962733,8.43433809975299,11.283076721902935,9.253486469560691,11.617369362868624,8.023284775773352,10.181928981445148,9.87813108053969,12.11595629260329,12.683251867991887,12.077784073367415,10.86732649102922,12.47357562793497,14.45191081309539,12.454686631394559,12.718568012587708,13.059815430054254,14.168228953373891
12.252356835774293,13.826367535471721,16.298373816097644,15.87673990220788,11.105220566978169,2.5834277847694302,3.0488614703303067,6.277557131624872,16.223674535733867,14.904330045180357,7.749859379030413,14.419196132176406,14.316147555147015,12.838901527808943,7.068146664565338,5.3810159402061934,10.51662476915372,12.46294996074837,11.509666996190337,11.809214492089644,10.423953432392967,10.576508754458075,11.519078692959392,11.360280402865047,12.811434621544821,12.754033988693676,12.893289891583102,12.756713125303163,13.81428662599374,13.34001500137609,13.066264943504118,12.12246204849622,14.296911840467713,13.114124000960182
11.7681971536391,14.46481645309165,15.249721297492044,15.596775222916706,12.308141127918299,6.309808349669779,4.82014348448742,9.337171642056301,14.539384693274613,2.5964590192939836,9.032234439253783,5.151504483396595,10.507260991866533,6.114621010574827,7.658681247740113,11.276476361085821,12.553257031927338,13.300191370966912,11.510149374614707,11.312323551321821,12.942744814593517,13.537092496107535,15.099771641847978,12.869014383103128,11.910921081921687,13.957370401717563,14.317676786256056,11.72496335079378,11.49617622209636,12.044863176921218,12.423537410776321,11.900545128355027,13.293831241484114,13.12562494859801
12.33063126923521,15.01726749220632,15.699857417202779,15.981182368215125,14.09674366375336,7.502363247819346,1.352450188018832,12.29162844789072,14.031332875557819,10.071922097357042,11.47594355748486,8.005715616080805,9.69096844847881,9.795599339585031,14.706375751827661,15.003255128627053,12.405189661754717,11.164681807406536,12.265865321880176,11.145980464262552,11.922266478254318,16.993842318686173,14.724670136562255,12.096112944334058,10.182949881079814,12.558800558806997,13.140127793997177,11.394957558776577,13.882254573152228,13.213732956812157,13.704952563382871,14.08182471434057,13.9874278555712,13.570087011629635
