script/wind10m.json
{"header": {"parameterCategory": 2, "parameterNumber": 2, "lo1": 3.000054539987559, "la1": 64.9999836372058, "dx": 0.5, "dy": 0.25, "nx": 34, "ny": 52, "refTime": "2024-12-06T08:00:00.000Z"}, "data":
[rows 0 to 23 of 52, columns 0 to 33 of 34]
8.666506001231372,7.590049555389252,6.60528052798652,7.152672875762432,6.474666314154156,4.091112097320525,3.936196613679256,3.3230061360434795,3.7035425607717514,3.2833036165816174,0.9646036700567625,0.6549720059135581,0.003363126946959797,-0.508196447610721,-1.8120373215389103,-3.1519538902239566,-2.470671059281457,-4.395664278915645,-2.26060359723008,-8.061738942855595,-2.754406278522633,0.06676529834228385,-4.683431274766217,-3.8774975500253643,-2.7468221771076853,-0.8202795948668072,-1.4049729381016682,-1.084027201533362,-1.0315325610593338,-1.3745351291405523,-0.855328287104147,-1.0649071244012545,-0.6205998286421862,-1.3058330889617915
9.123983486914524,7.747339920171378,7.302210350647238,7.587638176520731,5.643170797817299,5.930938183105074,3.5792909251216964,4.159870577717746,3.507238250181939,3.3358452574548263,1.9212065887059084,1.1422794912198684,-0.4363345070198699,-0.7002999268937434,-1.85580093247829,-3.8822924363885067,-4.205056401840977,-3.3353766473765774,-6.786659524254984,-3.193034329058728,-5.340683454366925,-5.029056582182594,-0.890647515089873,-4.433546212682686,-1.7877428558944364,-1.5364358661590811,-1.567367394529284,-2.6449511205760423,-1.5461268756195496,-0.413980166631897,-0.4370919524167193,-0.5331097272763468,-1.252932717474922,-0.2039443664980553
9.43730611923708,7.49962663013989,6.819911733555596,7.296486858129307,5.187001558684331,5.090251552806085,5.280246594614772,4.054515025184754,4.489799991133649,3.6033660055953907,2.101611712824603,0.07650699649510777,-1.6566795244015844,-2.3975651323797464,-2.5729020866160703,-3.74507169733993,-2.0264665886850315,-1.942320637046913,-2.647465988118392,-2.97459881757565,-4.6256090168042725,-1.0113975416275043,-5.905023546839674,-2.866300186652938,-1.7842815380203318,-0.9647476502745164,-1.5002690976499031,-1.2211393197984874,-1.7081460486182258,-0.9739583744131578,0.3493819616082378,0.14339711099641478,-0.715139499720412,-0.2345861584035984
8.827665244924047,7.5913790908855105,7.174785404745692,7.748529022532465,5.358493754795424,5.083664995116342,6.1861693156659125,5.019733138113968,5.171386045603795,2.092683198829046,0.8004791965206653,-1.546697528495138,-4.221701449030038,-4.516056247536031,-3.5940091384557573,-2.9434733418825014,-2.448793742735798,-2.243530677062195,-4.384898383582115,-1.4121508286247282,-7.525239201046231,-6.947935863541659,-4.3289110892356915,-1.6083467300600645,-1.7353088805335846,-2.1863665175322335,-1.7126259889437216,-1.216069057661016,-1.980098126217721,-1.2555395450445739,-0.7991685034699213,0.4310488256275514,0.8561725783000733,0.005844291304684069
9.177055040346298,7.938001896611028,8.483026766664603,6.411037743923584,2.5014892726492546,6.39237637677214,5.867719562554169,4.936832778239448,5.451059686634466,3.7112998293405104,-0.06093541731500694,-3.7189249374347537,-4.438086614402859,-5.3372473590603215,-4.248907820851396,-4.339618124862884,-1.9629979926264458,-2.2718117240708957,-2.8082206881589533,-3.820020259820689,-7.407499055714769,-3.515178675633093,-2.1303821415805917,-2.030983315752062,-1.3282899742980514,-1.911496173878039,-2.2522830032530385,-1.7921020431091301,-1.0616267782694362,-1.7056971192620343,-1.1395700459386517,-0.10689916746729418,0.5391901437021058,0.6416322572311072
8.543959861901245,8.129049944217908,7.99018647752979,7.2274068197294214,4.531341378520562,4.205084213989021,6.166272906965837,5.370751751105513,5.087116851330428,3.924606559881294,0.0754023485827635,-2.9201448589098296,-4.697231381973636,-7.2930096447714075,-1.8415895024499271,-0.9201334623304529,-0.969567382807459,-2.5098377968522945,-4.799120693727036,-8.933834842458653,-3.112515382924637,-4.5781517617637855,-1.4792064851925795,-1.6104806438415455,-1.7772059045560495,-1.104183862157635,-1.8967064789647226,-2.044824715219187,-1.4111483308551862,-1.3712313986326685,-0.7090480049198328,-0.5731885605237054,-0.12595744447037557,0.13389665593771607
8.014792912613014,8.112549564548765,7.464518847036124,8.23081277433818,7.384932435284607,5.122070969859487,5.684476682327622,5.328924565539011,3.8622850687273784,0.9679946261122735,-0.5837871470281905,-0.506685888089416,-2.2272530869010065,-2.8429255640094584,-2.000852395132801,-0.34533765775449426,-0.21564863756259364,-2.2017009003927277,-3.1547904514233602,-3.8766245888059814,-3.5806181244990984,-2.0009589410371156,-2.395405951409474,-2.0897722869855078,-1.0523956891880841,-1.5631155197520863,-0.6719634760036052,-1.5196706799923247,-1.0798838187591204,-1.1171496192829147,-1.3253124957086913,-0.41455303928610293,0.4373343605215762,2.3815514885700755
7.4589229302051825,7.204133054960101,7.65705933100337,5.217670969531416,5.828613560197861,4.249522577543289,5.0838012962412105,2.2061973401928356,0.7276990321101373,-1.4291671373574013,-0.5329602669431164,-1.8808661676786504,0.5173515493493259,-0.6401261904790265,-1.912296415518369,-0.03563720805509854,-1.0042841764358776,-0.5886316222191094,0.8883342234418008,-0.1686048644110853,-1.7244961470031575,-1.7489302307342767,-2.915331120074398,-2.7955050321029735,-1.312715857665943,-1.6904727068924388,-1.8702888080902837,-0.5573620585123611,-1.6494214739732267,-0.8481017569505634,-0.44892702061109085,-0.41015918006947455,0.6652334194332008,3.3959618206404354
7.463333851351493,7.658629463063686,5.07608025528742,4.9802690781775105,4.781342051266855,5.1528917782456904,3.3912024204192543,1.0688290230946993,-0.593538436676427,-0.04545895068251765,-2.998744874693465,0.28500630563452883,-0.722793938788412,-4.704926755935974,-1.3818275792517432,-1.1051844784353793,-3.3596363720219498,3.1233535983122103,-2.5104457298926914,-2.9134325075292065,-1.2358804149578289,0.19286063932734526,-0.16193752016123653,-1.9696363786098474,-1.4874359840585158,-1.20722861585624,-1.0643860581119209,-1.261528942973606,-1.0528658601027368,-1.4892835860384896,-1.1706767214059066,0.39453344704505083,0.49285192424075813,2.161414898353732
6.807145251391276,4.338410300715713,4.47398684338331,3.966516778656079,3.4882163567689224,3.8002619195207954,0.8748904041787269,1.6457514199243655,-2.216449463706667,0.5772422593316208,-1.3521254249948371,0.7816382661260646,-1.711223057065129,1.4264276210234477,-2.202372746426554,-1.021525896808276,0.9146660194949845,-3.0392629139416645,-3.0336512035080023,-0.9422459820531718,0.16554671259714962,-0.9645124542721967,-1.0986701488237554,-1.0767019595291738,-1.0553921002757285,-0.5882528954609949,-1.1772081002368902,-1.7696413661223316,-1.229530731279369,-0.8067150005268003,-0.3641373887406852,0.8535918482689492,0.20535519080301487,0.47596827712845535
5.403824591012264,3.3392397723334852,6.500001153948188,1.5215884728326834,2.3445224498474477,1.1730692311986826,0.4855508480011531,0.4594671360125335,1.991247598682654,1.3655782608398899,1.0442385433127241,-3.012604813461014,0.8306250703767019,6.874969549787418,2.5412946043230753,-3.388807852464645,1.045614116039313,-1.2342948786782808,-2.7795141006201756,-0.5429470858513372,-0.6336636510137721,-1.4456672957525085,-0.12375734960469649,-2.0272734893573303,-1.32587706032478,-1.2470293534613424,-1.7199705736957334,-1.9718184158942336,-1.3480826056589923,-0.5609793331169352,-0.9305972781199638,-1.6910323929971747,-0.8264023477304978,0.3081324392276983
4.886247393670086,1.9347138031148055,0.8101531585040935,0.3797740777146571,0.20114663208437814,-0.9058184313070796,-3.6969447594839053,-2.604325517208495,-1.94077832728996,-8.203021169212324,-1.530863844110641,-3.2229028171974043,-4.4575552642905025,3.477474349430069,-0.13058192944086722,-0.44726509670827236,-1.0211072984137777,0.054609492821215654,-1.5676805619828154,-1.4672582568189467,-0.45324763794598705,0.2894363478563843,-0.7032383044659816,-0.21855950163275853,-1.1083986434339914,-1.8237317263370822,-1.1593918495694682,-0.7206943639575821,-0.6375419813773907,0.8694749657111108,-1.7642662202760497,-1.916700155958569,-1.7540408776361653,-0.9880430022831936
3.83986679147264,3.7416981045757334,2.98526977019374,-1.6107912548451775,-0.6999691282517945,-1.2286576192505125,1.9525062498567198,0.32620532392973234,-4.094024225917545,-4.1184025346138915,-4.118634068271815,-5.412471606812198,0.6517117660184395,-0.08543439418438002,-2.4555604604131007,4.851103923952952,-0.6072924785295664,-1.7373804538714817,-2.319203419046406,-1.2632498187440946,-0.5632443884117593,-0.3720455771729582,-0.5134471862266036,-1.4450197179725188,-0.69742352064408,-1.8665047159491026,-2.0665352804782278,-1.895273333873434,-0.7994405449693601,0.2810369876920719,-1.332138252893583,-1.9749769715142018,-1.2474350869733184,-2.3513744131743777
4.135562364473909,1.804967153434422,5.37583389852785,-4.611838826196648,-1.993413116006917,-4.250938744445301,2.642675786580356,0.8343076772296942,-7.588785289995768,-1.2414185874495742,-1.1781702736091384,5.825077601651754,-1.3981161636037658,-1.664420564210769,0.5318013691631457,-0.6307996643576088,-0.7755449651572142,-0.7691996722563249,-0.33899138560268827,-0.9816346428120688,-1.649135752604486,-0.874101999110972,-0.23852460669021847,-0.5655658175248675,-1.1040957767828266,-0.363651639955322,-1.4187094072891806,-0.13565909645472787,-0.1414925724083886,-0.8030829712008629,-2.824125484355212,-3.336249516991061,-3.279232062692151,-2.905675334836341
4.79585056571254,3.257354607314828,2.163739321559261,-4.078429073775781,-3.048071950651026,-3.407472451713418,0.44997409510043224,-6.002800278810962,-3.4926520448106593,-1.152562172550236,-0.9957561766337573,1.7805100358460484,1.3401570614692615,0.8406835145203344,-0.5594428517818154,0.6195162697025297,0.03451428937104624,-1.5376861497512277,-0.8557858141056287,-1.236321629964434,-1.0653481294400686,-1.5274642073347442,-0.8430329916417947,-0.8543511493388072,-0.844740047660269,-1.865912977567662,-1.5334750262817725,-1.0008594817810559,-0.10273083440310074,-2.177127527023056,-3.309553144317249,-3.955067577762032,-4.156607630693795,-2.8670947950755696
5.194244759577814,3.9112513599465797,6.773430776858673,-4.442532535477576,-2.750753625242892,-2.2103374080024896,-3.715341447279619,1.3300765076350938,-0.29075399925880957,-1.727122216044486,-4.141964112901536,-2.228535883119588,-1.762749900949631,-0.02379531048784809,-1.3277421557943654,-0.6656061377579275,-0.9726500721917326,-1.0602645028033095,-1.842245161902895,-1.1769798906439413,-0.5745726597325875,-1.8814571886891323,-0.7793961529648312,-0.8227334769762921,-1.0145115560096265,-1.0993339279679812,-1.0211761020238859,-1.9012715310923967,-0.44041947991200225,-3.418436130929583,-3.0848035834096135,-4.511592396072382,-4.1589067733950715,-3.035131887933342
2.912212789645619,5.358198437365571,2.918578321101602,-1.5290442411602951,-2.987588773468029,-1.5258541023500318,-4.22108098296763,-0.999258765626285,-1.4977407655336217,-4.267821551261569,-3.8260353229316264,2.722677523702842,-0.33795378949523824,-0.6966717279669308,0.037173871013291976,-0.7031569861617522,-0.942770187428102,0.29619994825429485,-1.8967321562104074,-0.7220046182061579,-1.2515531565631937,-2.1842128822840094,-1.6781668823210483,-1.3304871708194457,-1.1057372781940675,-0.8697754533093178,-1.2651208717136744,-1.011198195584177,-1.2756996396403741,-3.9205884000159896,-3.5090456836788486,-4.361798287611373,-3.908783892097605,-3.03407531539894
6.3548154961382926,4.416059215404565,3.033598760289638,-0.7663977767656855,-2.311802816938285,0.9949117279989396,-1.909438575517432,-0.2535026109940988,-3.9109043319638035,-1.6650728779163166,-1.4407172648310604,-1.3013906074466395,0.2201582217367815,-0.540192825776641,-0.7152283008157618,-0.9554327471256692,-3.9933406811002614,-1.277948270476547,-2.0005022442679925,-1.8368081399703664,-1.4681444474992185,-1.3402039019229646,-1.284120942277,-1.2875887470264333,-1.9520285802766182,-1.3557477149602797,-1.3459579479091077,-1.1432453098169895,-1.501962457797995,-4.134610263263866,-5.115382565731327,-4.790361554233609,-3.1980330252381837,-4.044030483114193
6.115556124043176,4.206628549570925,3.28586983498118,-2.0988254337470322,1.5782550797290837,1.0386250265354249,-1.011665034312859,-1.4568405969881493,-7.77771462878466,-1.117221837819171,-1.383058171970362,-1.7263748013726226,-0.9742295548875322,-0.18656805324488154,-0.2638646693414829,0.24829018202274844,-0.6269200453665469,-1.4033061894644552,-1.1764802673587635,-1.647427155475005,-1.2913529674130744,-1.8438273780733896,-1.6375366513868297,-1.968583224780763,-1.1631767120221956,-1.8910005018072913,-2.1337899601596586,-1.424531145971498,-1.7086426136291586,-1.6282252817099425,-2.3789871408840995,-4.285558114235273,-3.5046422481870843,-3.654206542595414
5.62549316489329,6.474135255924507,0.5837442970558927,-2.614855681586618,0.990566652456156,1.437410835124098,2.2112640184288477,-0.6118417755036395,-2.4421478472455522,-2.290964553973027,-1.9735289370520797,-2.6320726829231464,-0.033145236638908324,0.28509096696445585,-0.6161671025636034,-2.441866602034298,-0.6339661991175743,-2.1538080255633862,-1.2453782782421796,-2.0259574732467196,-1.155114332071669,-1.5791063993822307,-1.778134360717864,-1.7318369443068886,-1.7431197213277223,-1.455618111011625,-1.9980443523107256,-1.86983214118549,-2.252946091014796,-1.8341897469176511,-1.893662716529756,-1.5635602347559907,-3.2249530657395464,-2.1834184040024125
5.2127470323118485,6.023294973487774,1.015227783475471,-0.3775778989622575,2.54202323529314,-1.7765802330662916,-1.0449874392094431,1.8641939648836303,-5.022684159609887,-0.14490919241430997,-1.6495178248881883,-1.935745342774474,-0.9205348977268195,-0.000667920240082181,-0.8499448341860718,-0.9334407604343101,-1.4240589363022733,-2.1134243911964194,-1.4860651335124129,-2.6209872483404766,-1.2585238059835198,-1.0338750374793078,-2.064809187596756,-1.991547463463347,-1.350163371076257,-2.0246139622641053,-1.908927698506237,-1.4792805598935976,-1.8318760293833618,-2.6971113784148764,-2.4662947560896917,-2.1491155018855608,-2.8742547706821973,-4.114825456714458
5.184867871997669,5.3346122894220676,1.7624896143650057,-0.6746540224202615,-1.9163974962557533,-0.47201196205546525,-4.789168868668632,-4.055062668447647,-3.6271161601639452,-1.221860330533793,-0.25015910553975895,-1.5376312025411758,1.060519470412957,-0.6819040972562531,-2.1072792483965426,0.4590803177480614,-2.088662758502963,-2.3894043080226814,-2.077265255992677,-2.756002009249658,-1.9193177734539761,-2.651956226243578,-1.8602131816257865,-2.0970369632072665,-2.096719816583442,-1.9694355103246175,-1.7517515282289453,-2.784654534988042,-2.7116526377901793,-3.480964682482623,-2.0782898633335236,-2.251958773531609,-1.8864788427385317,-4.362247610658822
5.097455808352393,3.260019243661657,-1.7261377429101403,-1.195043470467632,-2.832022994271522,-0.7342838498296287,-4.201807301343046,-2.4444649002565817,-4.940423381822968,-8.810013650583542,-0.24659997218378454,-2.531148153148834,0.3104651868970981,-1.2668368454303307,-0.9891095784260793,-2.6592209805825595,-2.5837004879622802,-2.4554881410802656,-2.3543215527529893,-2.8500616379080523,-2.3892719670361293,-2.1755092605351103,-2.4390132921371253,-2.6938404313916773,-2.0806917867719865,-3.0283340510399506,-2.9952599127730024,-5.008198263226305,-2.2268911485529594,-2.8030835914701706,-2.8852304915838696,-1.6640314309640747,-5.147444689303567,-3.962448608202561
4.874152174530914,0.8601882964774737,-3.9152351247100383,-2.453391588725286,-2.8499787702747703,-1.6673381937799463,-2.0156976219617397,-8.890841265400372,-8.035985838359622,-2.624310912566847,0.3480146673275624,1.5181902768787512,-0.4061139235626297,-0.9054969072439251,-1.5642675683069525,-5.254133568884506,-1.838625880483861,-2.8161356732042377,-2.9422193306260076,-2.2990854093282547,-1.8733039160823,-5.193327860982091,-3.795604512489025,-2.425625660748913,-2.506902274367104,-2.4709096237929984,-4.663971255367319,-2.4267858683497443,-2.0518691665150834,-1.6591832574485956,-2.303973578761288,-0.935324285891134,-5.033954984351718,-5.189100356791864
