script/wind100m.json
[{"header": {"parameterCategory": 2, "parameterNumber": 2, "lo1": 6.000198445256149, "la1": 58.999992894266676, "dx": 0.5, "dy": 0.25, "nx": 22, "ny": 24, "refTime": "2024-04-07T20:00:00.000Z"}, "data": [3.416541797375209, 6.285323880382923, 1.3704061120188424, 9.954318000881017, 6.230086123941913, 2.8243972754996185, 6.027336205301115, 4.425440987043707, 2.2614685351909456, 4.106720395781751, 4.6835055005842765, 1.1151448958813204, 4.977497135758682, 1.4134490151282817, 6.03036928895478, 5.541638016133532, 6.016382338645374, 11.333200001691825, 4.450980064269459, -4.371914242951928, -3.7315465090551623, 1.266504875225534, 2.021221582337335, 4.1068104489403625, 5.108502020101128, 1.601732099780185, 3.1394895580893816, 7.301191379478218, 4.369269062211939, -4.715350344951154, 7.12713310989231, 6.182443071082739, 5.2697545045568, 5.306520575169378, 10.375988973963947, -0.4963230811732268, 8.665818748889885, 6.301249086019894, 0.98798331420143, -5.113312798063345, 4.388803608838069, 5.893764714544304, 6.062329832649907, 0.4864380915328846, 6.673875622101235, 6.945047188021836, 7.892934291336409, 5.276115399011695, 1.4064690624671792, 4.981994661623496, -1.566604702730525, 8.837968080218937, -6.422918348035671, 2.5154268684826873, 3.2948408290570477, 6.532103388620543, -6.668956644478986, 4.843630585023589, 3.943582569794502, 5.956035326709231, -1.587114374360935, 6.366256582181632, 7.837323300289323, 10.883002426163767, 0.21198514885155914, -1.112440781938311, 4.747646942255963, 8.777589744313847, 4.964221724114304, -6.537509732224304, 4.283674654544234, 5.092346173220734, 0.29918396168395395, 5.338150749664253, 6.136516565387747, 5.971889941031012, 5.194660301518612, 2.6665994742604324, 9.026711642229388, 4.119584498885286, -0.09830072447395848, 8.128732277772652, 2.282552099517645, 5.301503800546972, 1.7190436802000755, -5.539346817303853, -4.776489330630148, 6.119495795811823, 6.188465131026106, 3.4293857363640843, 5.659922501879703, 4.07735644278045, 6.497552543534316, 4.70010628411283, 5.552347022559995, -7.136294377076324, 2.0444496743445817, -5.479892938717012, 0.5512504558918793, 10.27646150781934, 5.034831422730177, 2.2083536088018163, 1.672577865901442, 6.146379841938692, 5.847226016882845, 4.396432055105654, -4.088977336229118, 6.865371640795601, 6.339870554663658, 1.9542471385390385, 7.676449200877716, -1.7621230447650067, 8.280405154401407, 4.9954484727631625, 4.153210966825972, -2.338022693869086, -6.4210766605530605, 9.20739986788505, 7.4626783386159365, 5.62748211969484, 4.811378042822997, 6.857012204328226, 6.1623973780824155, 7.478089642934217, -0.8525784759109022, 3.7864835360294506, 10.158014312369458, 7.334012674093227, 3.9344065237724712, 4.13276865652348, 2.4473421232211905, 4.6096064555967065, 4.46195433938792, 6.571121321674972, 2.319175660017814, 6.830711941538323, -2.0788907785445634, 2.877917076158729, 3.7970288028149435, 1.489781554550743, 2.1462998552569745, -5.15059828882475, 4.028017097096314, 0.10114649568938568, 0.2140476819578857, 3.9158396870511973, -0.7995145155532662, 8.440368561642282, 5.170407124707447, 0.7785761307529033, 7.102779096403062, -4.151359092721075, 5.317168818337279, 0.689088006168348, 8.851067019097641, 4.818008405441984, 3.208486851077845, 5.685511788954883, 3.600835943477442, 5.414296487549299, 9.084211823052446, -5.417016623852473, 7.180765672348482, 5.903024037597533, 1.7972148872487794, -1.3109786855723609, 4.925692288561056, 7.009452370076093, 4.173383381339009, 4.863829209543597, 1.8748650843840566, 4.509158743783871, 8.306447515311394, 5.528405239334097, 8.794183894583655, -7.094694616911071, 8.016396855382942, 3.2432702023130857, 11.557857370796091, 7.970341355190816, 2.5622473111349544, 2.828017234023003, -6.195936341069137, 6.446543523925705, 2.666247676567303, 2.0940913874726683, 4.6295303704911674, 5.457943825862233, 5.819321691979765, 0.03195099470552521, 6.747793258211624, 7.026876657821437, 7.803610442373301, 0.04075810476366273, -1.0884815752720411, 6.795120119562292, 6.2704765480896185, 0.8784290101709024, 5.264579552516238, 8.639873547125003, 7.265922164492421, 4.11962536427603, 5.610322373605907, -0.2861217707883877, 6.917021158717609, 0.1652927605663562, 8.149468005744266, 7.479716895188974, 1.314316238050117, 6.436385507330828, 3.7282684960888868, 6.229272392245297, 6.466730795837517, 6.763267648224536, 2.922341366917035, 5.538154144232207, 3.903014337975544, 6.112599210859864, 5.9426484099132555, 7.442918659155022, 0.6843007825838987, 1.702814386968814, 0.4539412367717841, 6.761417615528358, 8.545125324740129, 8.880649924974259, 9.222674226686976, 6.275222040870887, 2.4383818064929024, 5.795190277393175, 5.933777225225754, -2.5927800235037552, 5.064720457417167, 5.2949447562594925, 6.849610315705132, 5.578977237490254, 6.545864015022329, 5.070263125262011, 5.130217107097294, -6.17059318468352, 6.505674803944446, 1.1902084573904321, 3.9562895884914018, 0.9111776046333281, -0.23201833735185806, -0.8037145069449514, 9.006135700298612, 8.39242617101703, 5.226479770428902, -0.059989036673020406, 8.352571991659385, 10.56373302044047, 7.987858286474752, 6.793789179554635, 7.219892153145601, 2.5936657652121173, 5.154534017762059, 5.01151543841028, 0.9683115162214182, 4.481166567446006, 2.8413702535390186, 5.11425470676343, 8.599715677896697, 1.4556442524891617, 9.598286196105104, 8.407766553990552, 5.196684841561771, -3.825600727260936, 2.8914184413991104, 12.0329720618831, 7.123297832279358, -1.3430110810760856, 8.01177149455908, 8.667794234655329, 2.0058642997287097, 6.269084151872696, -1.8651240555902793, 5.1046753911032745, 3.5472600502689624, 2.751331990363085, 3.081937905893619, -2.736002365203266, -2.3173141531248445, -3.4265931465739343, 9.166629284670954, 3.515718366809719, 8.366054828625568, 12.886352093502932, 4.911068210358203, 5.376348294087762, -0.6950775461096508, 3.0559514150343974, 6.253904036979423, 3.0930419289963416, 6.884914219942231, -2.5447389819825763, 5.828008538364568, 3.1483531383322814, 5.630391246261321, 1.1453892567386406, 7.25176820831497, 5.892638509224464, 11.039557223292574, -5.42878649006631, 4.773236149773877, -8.092228455610705, 1.970395595503058, 2.0405508896584754, 5.3464795843717505, 5.546314193575494, 4.871252453657542, 4.892262655010925, 5.715366246363823, 5.040304454626081, 0.7208145428907673, 5.571443265790756, 8.823564227370845, 2.921964745569908, 7.308549267689135, 4.162641950674046, 6.462688717492857, 0.24339690607900144, 5.73713369430727, 6.893356604956181, -4.088910399365083, 3.6695488227055213, 7.709937298925712, 7.265658930588457, 6.383111238160096, 7.202138786516202, 6.235020998287208, 8.126628679869809, 1.2897159222454269, 5.508405299576756, 3.953181993657432, 5.97122845584529, 6.753411787209925, 5.556933130701071, 6.0611397382595715, 5.261481488744318, 9.158637854195865, 5.640365935418163, 2.768142644596704, 9.859662029030986, 4.275122238803401, 8.654507362742425, 4.785514735840034, 6.993200804057325, 6.5850169732733494, 2.1159532138572272, -0.831440337493908, -0.06106082023592236, 4.558116415862456, 3.0950675049963223, 4.125369950232941, 8.153155977192226, -2.4013084812066348, -1.7164583098202029, 1.8165783097805208, 2.6192023937819586, 6.489251231020343, 2.975315348524615, 6.470646988256901, 6.638757878574664, 8.318349117534522, 7.8132801592243615, 2.962159452185499, 5.698525521830645, 0.4936466110429597, 1.919575334074864, 4.561405916080432, -2.4083855502408884, 5.191118608105621, 5.603259535984179, 1.487040294670971, -1.0351329918861634, 2.5085314238172742, 7.794730039360981, 2.070624667005218, 8.332008847040237, 3.2692837833334227, 4.6768097842320255, 5.387381530054444, 6.44649812890968, 2.900528330996917, 2.413196090554665, -2.7475738720587044, 7.304210042486084, 4.92412651580821, -1.9935596570649785, -3.647830115254847, 6.155350096836266, 2.2877072836585555, 4.8976182062872855, 2.0070800445761323, -2.289213767678513, 4.142855471485141, 8.30816062403701, 3.047641957989226, -0.7144172599566875, 2.7951479085134534, 4.937780335760871, 1.5031119024895179, 3.1487734314186078, 2.5144236352229745, -0.042094314404140534, 1.2112707295447551, 6.550323042806393, 8.191675608072575, 6.279523429243818, 6.263010366410015, 2.72232161956739, 6.810092201964236, 0.6024643650032393, 5.103293805485308, 8.085944080338228, 2.389233035245948, 4.80208322928036, 4.658878119346031, 0.7820105411373314, 7.6699590064101475, 3.4883435336225816, 6.798364020628095, 4.304940795658732, -0.6051974487555782, 5.275121699575534, 4.531965009120249, 5.651767863778081, 5.876472226351433, 7.57320391181956, 5.704863378278614, 3.8175863195688677, -5.019208754088871, 5.297102102096017, 2.3604210727812576, -6.454468292667049, 8.13356363774676, 4.607847772614449, 5.729936076154022, 0.4068205584624839, 7.390663652677098, 8.53026399055974, 4.620356140842706, 5.245179171600503, 6.21462574375246, 4.1854177317533265, 2.120144088514744, 3.3154806567167587, 2.3567622416807708, -5.037165934325844, -2.426185343176004, -7.027788835674047, 4.0950847739109895, 1.8493125499143532, 3.0536036904756942, 5.3517805216750745, 7.961793852345912, 7.494926455915017, -0.37000992125084214, 5.823485154918607, 9.840395286844734, 5.574229796751883, 7.299840474205258, 5.11730626859646, 5.620148968141842, -7.033656387444758, -0.5038604576767293, 6.906432774335977, 7.719384229949469, 3.361989434412373, 7.961025870630618, 5.611195170946917, 0.6699979669790878, -6.8251484701243985, -1.3132714090859097, 2.435804624964772, 6.072574737676934, -3.691327981623258, 1.8598881013941544, 8.135698103484643, 2.590878071679701, 4.581337046048443, -0.4499084865922493, 9.235647036269397, 10.061525644082211, 5.746722900893526, 9.217550925177314, 3.854618954911075, -7.1288573989570025, 7.432503876568289, -3.756549680860279, 5.287737749617479, -0.25282185953122926, -5.9891541883067765, 7.8223454113969035, 4.335759250633087, 1.3355150522962123, 1.0367648834232932, -1.6363157683311187, 5.612399384546799, 9.20256296657955, 5.105480016276138, 5.61836704393778, -0.35104616623410073, 6.991257575233319, 6.794010102515584, 5.996802888318429, 2.006129310226799, 1.4425422836489792, 6.612736943208722, 5.870869404274479, 12.433516073221966, 8.652614847500923, 0.7984413183809235, 7.069540981427145, 5.989727098661042, 3.854085364382043, 4.608125346517651, 5.638648685461245, 10.679192645462214, -3.1259469628379604, -8.052606058903772, 3.4857530474637093, 0.6316574051345917, 8.242371806725384, 5.677529989733144, 3.824277737848411, 3.1029234976385958]}, {"header": {"parameterCategory": 2, "parameterNumber": 3, "lo1": 6.000198445256149, "la1": 58.999992894266676, "dx": 0.5, "dy": 0.25, "nx": 22, "ny": 24, "refTime": "2024-04-07T20:00:00.000Z"}, "data": [9.740311076389856, 5.345005042651298, 6.342396684854061, 5.371121171153577, 5.035908126439346, 4.952207519854932, 13.96625614402875, 5.920036955384809, 2.0094582088924122, 5.958435839752868, 5.298745909788745, 3.4231892927198846, 4.9619548120614345, 4.898858719604827, 7.990714291145239, 2.90176138926164, 2.984124123051915, 0.8966802136632306, 6.000709768139913, 1.0815492772773319, 7.501078206050057, 4.279043587230996, 10.450615787234652, 8.776742633289132, 5.051742951129556, 5.102949627952094, 8.171562082942899, 6.536642243687149, 6.2374906469713745, 2.162852551234987, 15.273478378272195, 14.287799982275915, 7.5961368943645295, 8.77175954556762, 10.42192676252284, 4.320119172059192, 14.048149169279894, 12.48007544534563, 5.564233555349248, -3.042512169071883, 14.930567000848601, 7.856157372144168, 16.929663884200874, 4.521419502562399, 6.451402760918902, 6.561354568066534, 14.67544635612004, 6.049569197747918, 2.083561599490104, 11.463730238563382, 6.007678531552783, 7.1481460641339885, 1.415732240160068, 7.131029120332365, 5.3309430159715765, 14.850391283991236, 5.604095486382661, 5.497370057385973, 9.556493768519285, 5.321538615104647, 6.045426519047194, 6.8020970801006175, 5.934324872645456, 4.303317714265951, 3.547595740931179, 4.6080621521230185, 15.128698995949694, 15.01544068889374, 8.497244374009153, -2.4733618615573194, 8.816115859761158, 15.428480561051202, 6.047508921060904, 15.59590779407964, 10.131925985460557, 16.925331667054195, 16.71382506898382, 7.742533233074823, 13.384436086307252, 11.543708651197685, 5.0313707556343, 4.8720304809564485, 7.0928194829039475, 7.578944425754455, 5.8691962398719, 5.432735438314237, 3.9478557446528786, 9.019180625657945, 13.13612258047193, 8.395030929868998, 2.024182317123586, 6.379643518073188, 16.093436407831785, 8.628842941432678, 3.462396212040855, 3.742314498010501, 8.154744339785195, 8.637213686383294, 3.3834154056312316, 3.921287501132668, 12.516802266805135, 8.401609859806868, 3.7377642916753966, 14.820748718358475, 2.9906948597113048, 8.600105511658784, 5.1718323035373, 9.501488918241652, 13.75492052644994, 5.352564682978094, 15.424239118533636, 3.7453338844638355, 13.37618883385225, 15.738705023311175, 8.312905757173803, 2.6248773697945302, 3.4262332941080507, 10.820766183886686, 5.262584216402983, 10.480662358852184, 10.526556523878604, 6.4809643046806755, 13.074355671321076, 6.397353986939669, 7.157584632612546, 10.148909513209269, 10.804265331330342, 2.571744919825726, 10.35542633465798, 8.825933522026638, 7.127450877875564, 7.927636376852073, 6.462700954501813, 13.965338808409467, 3.734042201402562, 14.885083400562944, 0.4199301624194394, 7.1543018922050905, 9.725709860635348, 7.051353033921043, 4.4126199635239844, -0.47182237962983137, 14.212650568187234, 2.994709270628795, 4.219424495978649, 4.873735950212458, 5.146640834632639, 7.626894534570051, 7.090367180808452, 4.575991651085468, 15.711075407693292, 4.498350024109668, 16.213094136794997, 4.270511099997875, 14.480870000428501, 10.450363181587681, 6.716226332853176, 8.836424904734322, 2.5018403540186283, 4.322813845694811, 12.592760848827517, 0.4621364015169094, 11.824770863100685, 2.7300451111089354, 4.034256514687856, 3.432498490148191, 0.5234955516509174, 1.382399636836563, 3.035835031196667, 6.500438718770434, 8.460639907637733, 4.92819788812367, 13.953595256844944, 7.391794691061578, 12.977737577536427, -0.29974941442235015, 14.987005328207907, 6.311649827030726, 4.14775780537523, 13.248081193386623, 5.9462215240752005, 6.436288666231805, 2.622840292077658, 7.23024302640985, 7.181178255217039, 7.556807176610088, 15.919921053096672, 4.197112619292184, 8.2454973408053, 3.971969074629775, 3.388513964057937, 5.268050283699174, 13.510943383574498, 5.139315861001325, 6.627173294196914, 8.254444082092, 3.1980663660225863, 5.477919994681953, 6.335619530148177, 9.823523004335195, 12.979840129847148, 5.372124216975516, 14.440983844138174, 3.2788954242377977, 5.300718328045681, 5.394834544849787, 14.933416281823158, 10.000621939693223, 5.418464100401524, 15.027392103620155, 4.78168048302326, 8.374330612839278, 14.866416645574954, 14.802532756038808, 8.136621118271657, 7.407274086199874, 2.4601023225720744, 3.71528652840917, 10.969644928582564, 3.9278504910553838, 9.800033864881758, 2.4475023340949966, 3.733806132263604, 1.6450269888913964, 4.501514337488601, 16.04588929637358, 12.24071464002553, 15.2065155219895, 5.101164336555558, 16.64280785277723, 2.4126713074166917, 4.54308274737182, 6.562792486708862, 9.033928232495446, 4.125018599318604, 6.742164432358498, 13.675619172347263, 8.28950939263521, 8.972143699067912, -3.6787662808350405, 3.858167389488199, 5.204582629462143, 6.345055817602627, 5.397484045882494, 4.34026411513726, 4.069977417556321, 12.5236118052918, 10.625825846163323, 1.7567762263721318, 3.846492426141292, 14.984506324420783, 4.021708437948007, 6.255424180300772, 3.2974404471905028, 6.02993683604629, 8.976437869319392, 5.206650964971287, 4.4420861391200726, 5.410629505965915, 8.176027145106573, 7.219194024812334, 7.901628806224473, 12.202398010264266, -0.5326791453923359, 9.778139956373249, 13.174788190774047, 3.744803050164636, 7.167714960767549, 7.523300128194256, 2.6052781501863973, 5.942227267500476, 3.73572881543809, 2.154217733768847, 8.68600686244806, 4.610935361651846, 14.901529059406544, 2.7923573276925904, 4.6937915427494685, 6.958149292533226, 6.289899186677876, 3.084960891052542, 3.9233466555431944, 6.470679050107122, 7.397841774561879, 13.678951114680926, 3.327587258310636, 7.927133030705652, 4.932218971646417, 2.3820351294592728, 2.8959299165751133, 4.242504644196495, 8.109884869466343, 4.539477616439723, 3.8623741815372146, 14.548140070573794, 3.3798257789673074, 4.118047664371955, 2.8127199380428918, 13.95160020564916, 7.798586830469995, 11.920003195945034, 15.120619945990557, 1.035000016487748, 5.056040434118554, 7.900246229757085, 4.394665135817858, 1.174094999997322, 7.0994947480956405, 6.8712493370182885, 2.1201001413534977, 0.9814036515394418, 10.764971025002462, 7.5037477089052045, 15.138038856165068, 4.379365462923708, 3.962244199729254, 11.544366148656179, 8.148300603609629, 6.4522444962548, 3.674130881355643, 14.404923795410816, 4.758593185765812, 12.13941436567202, 8.369299477851426, 6.733879322916357, 9.363326968029465, 9.899965240470626, 7.944290860607924, 8.407546051050874, 12.330580461695664, 7.500470433222825, 14.534976076408878, 6.289171288774763, 4.9338345079762425, 9.529355178506393, 9.064603148147778, 3.4879603424118315, 4.618147742000888, 8.147044019972425, 3.7926039912823284, 13.459181124402017, 8.591656829056904, 4.951644070764241, 2.456044769105654, 10.192786112289975, 13.39960676335016, 8.075285007597579, 12.60874025430604, 13.70746589936026, 5.687507825752088, 2.0164228681435277, 2.4873237565535185, 8.770884072737905, 5.415169563073631, 1.778363720709076, 5.707926027873203, 4.60063728054509, 0.601227411522939, 4.346440602359282, 6.125496211894831, 3.775848764682191, 7.416238869599971, 5.693109112177977, 15.17345741884912, 1.651048664466052, 12.947193450682589, 9.493420180773493, 3.8095898727114066, 9.835768037020417, 8.1970614534897, 8.120855738393132, 7.167354561543447, 7.0687221356388585, 11.949360227296527, 7.006316913626066, 4.074792819096256, 4.842097386560194, 13.554850899708251, 5.955406116273114, 11.414950823610049, 8.127654344268635, 9.239862616599293, 7.118516227862636, 7.248216399177499, 3.1896449481310665, 3.726802464847064, 4.938878027211563, 6.080398216899435, 10.08057536440378, 4.988736109025561, 5.631764073310623, 2.2288404425831065, 5.421177178726526, 15.179678434345108, 6.136436914089641, 3.8631746962155473, 14.020965373393354, 10.706549207222706, 13.551043314360781, 2.644514322106703, 7.320570564998628, 12.047509105321616, 5.5756618951020736, 2.556457420169325, 4.809052694195209, 5.668811167666593, 5.314580478170265, 13.70306021534581, 3.9577533078048432, 6.834395569945557, 7.384363258274461, 3.6787698301811, 6.816480966630002, 4.802084263841389, 7.181029576691547, 13.2368751418706, 7.382833226528509, 7.71128939903151, 14.728203922446708, 3.9531080844812476, 13.672318308425554, 5.869410884111666, 13.50037583953261, 3.9247826868405484, 0.19757081347396582, 0.8327701705943964, 12.813922253037408, 14.221816745154786, 14.036748466919134, 13.370057081743491, 4.903103751519318, 6.365181557289975, 5.470382335229397, 3.427779729701802, 8.31173408811982, 3.228849486098431, 14.77597591091868, 6.834316918296612, 15.098090762433573, 5.0706585297826745, 8.677059847624767, 3.092143571915421, 15.06339271714406, 7.27512742970762, 6.3692658424074615, 2.9544601162392508, 5.1468169731349045, 5.3822631907097485, -1.2517903515852105, 3.6448111719679614, 4.0984700007913935, 2.009789643164263, 4.466742114720063, 9.048092532339952, 5.502716683208231, 2.5656793505998405, 6.0853913831434925, 15.94916192164863, 5.679631305276293, 6.053285135263966, 5.914185949045133, 8.770905773616157, 7.782527663329736, 8.64740686646965, 15.133819941162566, 1.869314863686389, 4.277248819188831, 13.565041379223766, 8.017789618589138, 6.076683157012549, 9.074646358685202, 6.896973522753748, 3.647981288616149, 10.307627807720788, 5.926163806745727, 6.686568392571819, -0.9040327681211109, 3.4066823767026864, 5.018077420892108, 7.7514031395718135, 8.277403570927284, 5.361432123274177, 3.759074374041615, 10.0982304397467, 11.034987585404158, 2.9252898186794596, 4.521725857370672, 10.868619965130739, 0.5501279012545303, 2.3529119554861078, 6.935523425105213, 6.628359687496654, 0.23133686772500153, 2.0558260219160367, 11.634474716419042, 4.06039261103415, 4.476491884219257, 4.8873486300635225, 6.550858645703517, 6.176706713086044, 13.543339503061041, 9.68075661544618, 7.613354746614268, 7.5447019999933955, 4.882866714060651, 5.215123587126847, 16.19767930381926, 6.827699016148891, 5.082833718708628, 8.973018502592836, 6.7033870202023005, 4.051772805743111, 13.204586679725814, 3.6557842563061085, 14.866451148790027, 6.51734497164032, 6.510649953880663, 4.791831990784643, 5.377351147338236, 3.3132347247301692, 2.066948677603165, 7.856550945275369, 5.773376480605481, 4.224367619577221, 14.732598206295938, 17.229636754838968, 7.843100058210013, 4.675372609493842]}]