script/wind10m.json
{"header": {"parameterCategory": 2, "parameterNumber": 3, "lo1": 6.000198445256149, "la1": 58.999992894266676, "dx": 0.5, "dy": 0.25, "nx": 22, "ny": 24, "refTime": "2024-01-26T23:00:00.000Z"}, "data":
[rows 0 to 23 of 24, columns 0 to 21 of 22]
0.37714829373774755,-1.5030642420022542,-1.9396641453400956,-3.179077277284218,-1.8421685077308347,-0.15877020171524914,0.9675907236127014,0.475938569921089,-0.0028902894662796003,-0.15243196098986697,-2.63594519630676,-0.11444339775145561,-1.7182301830215019,-2.849789760643344,-5.830770080591226,-6.9770886193413215,-3.5144242251662874,-2.8121766750236,-3.22783381801171,-3.6682615195743997,-1.9839802539763571,-1.5560957214073572
0.31488363639943995,-2.7115583504712086,-1.960722747786766,-1.3084361978068388,-0.37649253781396796,1.3576496404032075,0.9896732472461662,1.9093156992140883,0.3807751929617207,-2.3966791040841033,-4.337219970540831,-1.0832508464505635,-2.1304469257368903,-3.9910438100631302,-5.287038313035988,-5.666081999681929,-4.169204645779061,-5.773967179255918,-4.396434327015046,-4.087299124664463,-2.2356455475938346,-1.1722259858863433
-0.33617050966071255,-1.8335451598344705,-0.5297362208776681,-0.6504852001769407,0.46587528299739794,1.0762878875852344,2.510840963745013,1.2742588455383912,-0.1851543514336959,-3.1415605065670604,-5.450361358881426,-2.445215806695494,-2.0273838779074627,-4.364301345480307,-3.3301391479915106,-3.615364913805512,-4.605611007033507,-6.0517776839901,-5.357371512953776,-4.6804676561319,-1.4375560489542918,-1.4141196983562556
-0.9536911307575585,-1.821312763786787,-1.5573470234928957,-1.3432605831951832,0.18931880358632905,2.001082630954056,2.0557238032210994,0.04575888522803038,-1.7686734628129845,-3.7584652174606643,-6.526528107313426,-4.708492637815097,-1.9992349182886837,-3.2857332720532417,-4.739273222344283,-3.596267223891543,-4.118612526728141,-7.207206998250342,-4.212281096136643,-4.152633175226898,-3.056059662466523,-1.4940485379685153
-0.353149300023113,-0.6440552670799053,-2.400783450064633,-1.9296684643837176,0.4362587456926732,0.9567198756170321,0.4068983255265198,-1.0465071704231006,-3.077236886084502,-4.226865763590305,-6.839545247296348,-8.326598918490673,-3.170609419325536,-3.995359950147001,-4.644652056115053,-4.998052860845813,-4.98008174249563,-5.1256429939598345,-4.78131365642014,-4.1748241341273244,-3.939236880385604,-1.752114482360232
0.1733154620112557,-0.18374174549406422,-1.0694549767434518,-2.6546482966379084,-2.8507855642173325,-1.2320082883865449,-1.0582491832532421,-2.350725686240463,-3.872911887426215,-5.313629659632591,-7.08309976839681,-9.443903592495413,-5.26230405561666,-4.5374194919821855,-5.866184021426485,-5.965582366528188,-4.952877532757446,-4.565288070478887,-4.976372297134845,-4.37520186649448,-4.104171505000084,-1.8238654857881638
-0.1125221528451684,-0.5709300791336456,-1.067678629654233,-2.2197051343550163,-2.9044015012753372,-3.649040116830258,-3.135789482549278,-3.4800655335983866,-3.0896310637836515,-3.645078213191573,-6.845294900771842,-9.747037375445268,-5.768596893034258,-4.9818951058783085,-4.716722686030742,-4.62550211395347,-4.910269143225669,-5.2141860352367235,-4.892226069438071,-4.112245413581106,-2.595112986131972,-0.2344244119375713
0.14210361915716424,-0.5584069150712581,-1.3453947633924308,-2.0197975682335976,-3.0958176952942456,-4.384924216325888,-4.717992383771073,-4.597881171757858,-3.3885101723701263,-2.995747002957751,-4.861258299397817,-9.432830255490984,-11.164083104718543,-5.064913589869007,-4.923757285969609,-5.064011764555338,-4.48233812399245,-4.224503515114124,-4.266771579631946,-3.4897399486410015,-2.344991058850595,-0.8185404663523637
0.1366867501376435,-0.5872614728889382,-1.4271346089055976,-2.5044550692932113,-3.1256518739927373,-2.570596880845586,-4.587471419232263,-3.1166526217829382,-3.1682916758200017,-4.801911323645083,-6.27760398366208,-8.343113856819823,-10.922237592170143,-7.420074241455427,-4.887177409387095,-5.223153450054865,-4.709968231612963,-4.361153195966343,-4.1726561434385685,-3.2765805479130363,-2.9928025100163715,-0.3310230917346005
-0.09080112162343126,-1.052964578132182,-1.6851166774355377,-2.8579629687901082,-3.5555075251218176,-2.5861406072368633,-3.410339040363586,-3.073890262810735,-4.889994243309387,-6.6290007479249455,-6.598372587860378,-8.172203406115564,-10.521120131747233,-12.085864146263745,-5.163312028802265,-5.318537060770097,-5.188386917506107,-4.371634959072506,-4.1176755989664295,-3.3056087159994085,-2.9084997877839016,-1.3920431134810884
-0.8424026310309775,-1.1953799746908411,-2.1143816688369443,-2.8664117823446826,-3.5290508648886503,-1.7965363768867388,-2.263692680761671,-4.027622983960699,-3.9509721028991853,-5.750735758828752,-6.550370056410642,-7.812505384271812,-9.696266565080801,-11.580857023988791,-7.798623600933862,-4.3798847312646,-4.795155842768817,-4.648675069445898,-4.478849600737814,-3.5030201708740143,-2.7476669679771892,-1.244217027306556
-0.7953023172060624,-1.5768102938430992,-2.0032783490837494,-2.817752907035834,-3.378114942058561,-1.5854398022153786,-1.8473753629378864,-4.102059486128035,-4.9826800992366165,-6.516969019535163,-7.826421107637513,-7.418301194364308,-9.515661570601187,-10.495667322108128,-7.083394931095002,-5.4741055621720704,-4.648675289759345,-4.704914793919122,-3.6725748328700556,-3.5490242034032145,-3.2445460555796313,-1.8248832056418418
-0.7857330071044614,-1.1777651520255719,-2.314390009074695,-2.3077671319692783,-3.0079402211090214,-1.6348635979602906,-1.379667616880316,-3.592105888068615,-5.666424625315459,-7.982847529271832,-8.086895788953978,-7.615207318102668,-6.05445540973386,-6.785847930889245,-7.630172324386321,-4.585354319824752,-4.721915439830755,-7.292087296664484,-7.287987495563565,-4.593195863783396,-1.8544596949104952,0.7367271717430057
-1.2601522508610628,-1.3551146792651034,-2.15302818866425,-2.6664202752816752,-2.2493525485231247,-1.395254819561959,-1.3394467439687605,-2.940412982125624,-4.975198941808123,-6.584160586792502,-6.071220229072883,-5.568860348383105,-5.9977649344514825,-5.225260643130528,-7.420373901039251,-7.370661677673631,-3.9089170470746213,-7.439311855410252,-7.004781151478747,-5.524737939056481,-2.663244807246672,-0.675981523193962
-1.5735748717329774,-2.077201691825493,-2.5684548869482993,-2.858821029414131,-2.7247675697292912,-1.740403276115664,-1.0903599884325401,-2.463550197152962,-3.4840688952043384,-3.443588951567166,-4.906531915990101,-4.703039943493746,-4.726937584433017,-7.851241787201308,-6.440005145207995,-6.289013824918284,-7.110468673092648,-6.407884689468886,-5.406295673168037,-4.382841052491476,-2.167492439420025,-0.8766172496718461
-1.4503978632830254,-2.5488946198219655,-2.8308709699011763,-3.386316275494771,-3.2062332082632494,-2.798109707969512,-1.8171414421453806,-1.944432019065576,-3.0930328588518874,-4.063938436385944,-5.9806954755598,-3.5577396716043697,-4.299160616034774,-6.849418806357333,-8.269320968324717,-8.570249180109434,-8.45321880194591,-7.086623043432644,-5.116513559255715,-3.600789266562698,-1.8449115301769008,-0.5053227201720194
-1.5828007213202722,-1.8437807031784246,-3.06419579050863,-3.076804831607595,-3.170448264541616,-3.3480014076931024,-2.434657614579821,-1.8453389671642806,-3.5228292506147203,-3.5444829278597663,-3.701351694835662,-4.635987158494966,-4.020017284607031,-5.053267295487425,-7.057069056259809,-7.645560436934753,-8.67683307053057,-7.450352806427937,-5.206057489978355,-3.9151887886455046,-2.469699738730357,-1.037560811945299
-1.2770911623467385,-2.050947161154366,-2.117662351876547,-3.1942179280129106,-3.4229917816221094,-2.734658647592376,-2.094772179458848,-2.107170613123101,-3.8707540317796156,-2.9399734222156937,-2.7356846440304965,-2.575132172588295,-3.78950033674905,-5.183188994255356,-6.6935648177574425,-5.967673182731787,-6.23526340926465,-7.031952749885246,-6.792309641314372,-4.4362928572372065,-2.910954805451228,-1.2031416256544527
-1.4471392084640464,-1.515135640208378,-2.4733982369798015,-3.278248610075348,-3.931021138179268,-3.158199264176402,-2.381609114387263,-1.8048677518084335,-1.9622829920657774,-2.4747217277896545,-2.703956987936529,-3.3496340855472315,-3.4604164052777757,-4.679144909116972,-6.03599789204477,-6.0992798358056115,-5.915587862684689,-5.974900913395262,-6.1280336631373515,-5.469074208598273,-3.633434539598698,-1.812178149340291
-1.4763245689491191,-1.8759018836847998,-2.730936739289161,-3.5252597878464176,-3.9187956203045378,-2.933025563658265,-2.351352374342697,-1.8180684842409434,-1.9798460084156537,-2.535158532533153,-3.104575507238561,-3.0781695312580646,-3.213114718415059,-2.702392716747932,-2.404746926774425,-4.261226867824274,-4.380436552844029,-4.239573245683314,-4.812184607505869,-4.908881353972301,-2.0684397039916695,-1.7969813535180974
-0.9917276572971644,-1.543586373487246,-2.5415406005498444,-3.218219637007289,-3.113750307153525,-2.951607525466034,-2.5348418957178938,-2.362351340212843,-2.4775072433224405,-2.9836345211271564,-3.56492014252396,-2.0108624186222137,-2.872972649409605,-3.5491297441618066,-3.660921122255403,-4.188184557766317,-4.599981632337601,-5.442397693683542,-3.385813292653382,-3.178728716831893,-2.916927633411169,-2.4237027346219273
-0.9260366122712147,-1.339054189251286,-1.7188801504397524,-1.8938106217866226,-1.6907987578076897,-1.9523344299760055,-2.0439326103707844,-2.442554907289694,-1.9143614131535671,-3.3175986244185336,-3.6727940109471713,-4.113312914230197,-2.3889617547088395,-2.8856993324540916,-3.3198503730974895,-3.836645125105821,-3.39062588151585,-4.660296981400514,-2.4324650912265877,-3.4083227866277555,-3.437842006456307,-3.150926734720003
0.4532498563564808,0.5551698614098709,0.8642565553651349,0.4945932797915862,1.146917925121243,0.8691729130539235,0.02922786928146609,-1.8473537260424595,-2.82292648199333,-3.413813676201614,-3.7647858392278533,-3.334943072210631,-3.9717351515475148,-3.3842775256045274,-3.970764739337017,-3.9109296186031526,-2.951322622774806,-2.4569646075217886,-3.3982264931259882,-3.0109366272342446,-2.5978317642748316,-2.5451798453625756
0.5833735045883411,1.3676860242513156,1.4715691247478615,1.3253625294442577,1.01465732313346,1.211096781355483,0.069181606182863,-1.263658308805231,-2.1484418961948553,-3.0830257696643173,-2.876678804102554,-3.448865582133599,-3.763517727761941,-2.684687070158155,-2.9373839411164413,-2.706308364400541,-3.3077770565496207,-2.8004831366295075,-3.10741836955861,-2.612466343334895,-2.355225131572006,-3.283348159712567
