script/wind10m.json
{"header": {"parameterCategory": 2, "parameterNumber": 2, "lo1": 3.000054539987559, "la1": 64.9999836372058, "dx": 0.5, "dy": 0.25, "nx": 34, "ny": 52, "refTime": "2025-07-21T07:00:00.000Z"}, "data":
[rows 0 to 23 of 52, columns 0 to 33 of 34]
-6.1086419807705905,-5.694407951560248,-4.562368659703987,-4.09489193071169,-3.9380797587099123,-4.2623583488467185,-4.621779849913418,-4.3778965949801565,-3.832802513486201,-5.521360983169732,-4.881926207574245,-3.433383055095158,-2.7527075365152287,-4.020149008384782,-4.568111339118808,-3.8281234997552214,-1.3377728240072697,-2.3909688782666936,-2.0788972779695576,-2.4309108427245,-1.70427551513386,-0.044032238482314516,-1.8225445610045425,-0.276377166509554,-1.217447858435035,-0.5642934888882583,-0.3480879639027876,-0.07664358793939101,0.13893305859318655,0.06820994126490004,0.370453040799669,0.4263255717159429,0.37998815404750685,-0.5936089942201875
-5.643055675288848,-5.107767170627829,-4.29853070563033,-4.444124839336001,-4.256149380171688,-4.933713325318211,-4.074287767461497,-3.7634020973602684,-4.1700605862430296,-5.931866081284837,-3.778538614341311,-1.0337939774187934,-3.621412940883094,-4.746556746558057,-4.6183972014078,-5.177982226243711,-2.3672054298713263,-2.4941861962666287,-4.020768617143165,-3.904471208109309,-2.695711886947343,-1.7156638479242978,-0.04866898136394989,-2.6314624477240973,-1.2352245117313372,-0.7823564228960825,-0.9318454538344849,-0.8552115831172776,-0.2043233904417748,-0.023167316825991286,-0.7686490830211854,-0.47320587230856737,-0.354584865687663,-0.9529092182335253
-4.721772287147564,-4.279110533294479,-4.537234948337652,-5.104756587854198,-4.572169094738352,-4.662918642869046,-4.481859389867221,-3.527889748731601,-5.5357763576891985,-4.723381652984231,-2.473292264912634,-2.6437576206236666,-4.289894138308039,-4.199803123404924,-3.626375608200478,-3.5188523062766093,-2.449374638993562,-2.609447463449548,-2.6909090964544635,-1.3815776000061482,-3.2066414807431673,-0.891817913301194,-2.983490558809201,-1.0490794779281736,-0.7970200199896212,-0.2598692437976763,-0.05282192879501154,-0.5960490087586858,-0.4874450117466555,-0.25886195159389386,-1.0041147482320234,-0.7713430561524568,-0.3414497590177721,-1.0771262700849873
-3.693988550444011,-4.026935437916834,-4.777567635286595,-4.842695077394164,-4.412108135078473,-4.202334538744066,-4.832109243836134,-5.206850802129649,-4.8658037430114165,-3.7986549909595517,-2.1939883283471096,-3.677929993608115,-4.643108833720613,-3.2618056174012873,-3.0430905100386845,-3.8969534744384497,-2.1411777195469175,-1.8938285129926584,-4.004985029512794,-1.5918440921959398,-3.448607370735717,-2.801727614424334,-1.8243264624693774,-1.1818155262002543,-1.0580026092782921,-0.634202146865555,-0.9816401075053592,-0.4079699206546979,-0.6591054731573143,-0.7037567794896937,-0.9696768311249325,-1.0307994587923044,-0.923915789661567,-1.0383517041398735
-3.9643811265756717,-4.431306514311181,-4.150276702547436,-4.708122964502145,-4.610640643019726,-4.130235157330576,-4.890625909324547,-5.16229021334526,-4.386728822896841,-2.96243989981098,-3.4897829438290837,-4.188267301366514,-4.380856018924576,-4.359717387216236,-3.490842728904535,-3.0594013923608183,-2.072634381609264,-1.7412289093868882,-2.1472286009957444,-4.231611348913616,-4.059709453019892,-3.7069103232938305,-0.8164491927494373,-1.4271423253285396,-0.6086101247390375,-0.7995313121090263,-1.0078021733589644,-0.7383209056158366,-0.9227771469012004,-0.896375224606074,-0.9901835306310954,-1.9059678154625082,-1.1764618668023157,-1.3388597102516915
-4.080467518091906,-4.133245803433255,-3.718587697718584,-3.9726714546549107,-4.005499207361898,-3.610629906204514,-4.365975697477848,-5.128917721017976,-3.559636845069499,-2.649746347949362,-2.5522321214962336,-1.6151107284205783,-4.838355331450135,-4.761045152367431,-2.4188932281707514,-1.9065863738586042,-0.18335931120883214,-1.9899463677855802,-5.019171300165906,-4.62088386009902,-2.0669646008356257,-2.3519359161698814,-1.5204758151345006,-0.7605120833384689,-0.9089630445654906,-0.8296807007243925,-1.0615421472640818,-1.041081195775443,-0.9951270367908641,-1.788551807486919,-1.7284928137248161,-0.8074594677239054,-1.0397844835874366,-0.8085677219057104
-3.5096299485982105,-2.958331093145654,-2.738016024440645,-3.392991668734068,-3.1523915103457663,-3.577496594765233,-3.721804057148901,-3.2726830983517465,-2.7208300051451815,-1.3313891859940998,-2.0952366413387673,-0.9826859222684758,-1.3356461833380264,-3.1508918491599776,-3.560472608466627,-4.172686203604167,-1.5281740307889644,-2.021921373502838,-4.3931913053382114,-2.8099204489495073,-2.0489828469844302,-1.4598281688624053,-0.9189247104946653,-1.0005505110283683,-1.3989110796534103,-1.2366415132723618,-1.2681820007018725,-0.5170465884113844,-0.9649137382999136,-1.7198506324308163,-1.1927086069864543,-0.9520547046335779,-0.6263542858901076,0.9110120016461816
-2.283689761645841,-3.050862910284987,-2.1120096309166887,-2.908759343882649,-2.440635365901724,-2.941767667819711,-2.8215966166476223,-2.2322723234779125,-1.3434326914429098,-2.446670982895846,-1.9238224179570746,-0.7361968928081996,0.3317638119987538,-1.9264850740830544,-1.7281422981151395,-1.4583301955956365,-1.4522749217859072,-1.5969304876637715,-2.9890869159993345,-3.5587499412256434,-1.7060295079328558,-1.2674420679507958,-1.4608828425780631,-1.2229577992259821,-0.6967251651549131,-1.382456465660417,-1.58658190458196,-1.3353654257186622,-1.0853906744445911,-0.952744839349969,-1.3243225908215368,-0.4445687306093052,-1.5346396130547948,-2.634012339671103
-3.088679699733457,-2.976125463231363,-2.22019968933734,-2.008223310292096,-2.6961063991695813,-2.223665445794341,-2.4109960368979535,-1.9459403967042137,-0.797047907032178,-0.2111834023840144,-1.363443200334143,-0.01349213119975349,-1.4752525780435908,-3.302873411519919,-1.8145342780977425,-2.178625379683937,-3.5413612973685424,-2.010536848179085,-2.9127376571610415,-2.538287991812857,-3.0241622314331456,-1.5532769359538305,-1.0100942536632032,-0.5862079742063712,-1.204880329074538,-1.5975607506254241,-1.3466273028043236,-1.343523508789561,-0.6233784532255066,-1.1796000714003207,-1.6484912007183536,-1.3293104409157737,-3.3480329916736964,-2.1785080360459346
-4.878212020503056,-3.5004979232563835,-1.7206176617162314,-1.3650002183352625,-1.7738769692850063,-2.846702223533071,-2.0155240302069815,-0.24001737063257722,-1.1214791918348566,0.012146456614105157,0.2373243860072301,0.5760020153009613,-2.1865999265462452,-0.16895433871156038,-1.1522928631368534,-1.7376802671356069,-1.2314141143424304,-2.5790805581182634,-3.807727117679074,-1.781555173634439,-1.2343181138286363,-1.4088944994906798,-1.07443134012519,-0.9236091683848575,-0.996501785285743,-1.628680351584439,-1.130016901117885,-1.971801335510888,-2.3111156302121363,-1.7594330285975661,-1.920992606122646,-2.939094947974179,-2.7782316077442513,-2.5656917070223284
-5.7205350852805354,-4.497710932767441,-2.9401280460420742,-1.6124883577738978,-2.264170810681641,-1.3852359540331354,-1.6199051172451646,-0.9952874233804685,0.4593850709451242,0.9188516453947516,-0.5335087250746304,-2.203505780483291,-0.6329815774679803,-0.6967959836995963,-0.6660015085422786,-1.9053544213505116,-0.5001512784048956,-2.084622929087441,-4.04706830180905,-0.9616869200149787,-1.377989457132407,-0.8124108826151475,-2.3811370032410424,-0.5321667941814809,-1.367775645226533,-1.4157461809278165,-1.3347858788641938,-1.8289687830799353,-1.499693004537682,-2.400575447625428,-2.8298428967667455,-1.8805005466272362,-3.843518691377442,-3.0137079168598753
-6.18936086456522,-4.992333962546873,-3.5698713393475634,-1.9560978396198825,-2.0661725365317696,0.9686880556769769,-0.9813743542944625,-0.6919451576196713,1.1258060200773663,-5.087679705997296,-1.723998369163531,-2.1192196042650315,-1.876360472656507,0.06069983989390313,-0.8415506367961226,-0.7011683575394175,-0.34894216356008545,-2.0408583638798605,-0.5732950791627835,-1.6040959135176374,-2.1348584311092536,-1.9739429214834583,-0.37124157006328684,-1.1408372469018315,-0.7851858594441606,-1.3279278060725477,-1.208256282548854,-1.2143811687958428,-1.2029322917943097,-1.8314345030856567,-2.026172622143463,-1.2027194973860769,-3.595590536250947,-2.834524882503084
-6.329418671500537,-4.632610414787335,-2.9177267511277085,-1.4259753637354367,-1.1960969020215193,-1.2624399915808546,-0.6000342944118879,-0.5713655800953239,-1.1190228182474116,-4.42157375157859,-4.0918865804483495,-4.384308789991942,0.028559476301576778,-0.4501655915147424,0.02884690825989775,-0.6471416160340576,-1.4292431646539128,-1.3666517107601674,-2.201105864358074,-0.37286949879577214,-0.48389675573256086,-1.203076459218323,-1.60115212761275,-0.8190553944778193,-0.5335912999136867,-0.6047019954239328,0.5208361196319053,-0.9106112500946354,-1.031519787367882,-1.2485687731722233,0.29248084728551044,-2.0872014866553723,-3.7757294489892277,-2.3273376961071097
-5.870397048555165,-4.373764040435566,-2.894452061913584,-1.289714370266448,-1.5727732971013786,-3.371825944789357,-1.5776334456567216,-0.23452488796165535,-5.104428061486263,-2.9846715737744423,-2.806248430427153,-3.570697245640416,-1.780720020524346,-1.048677668085417,-0.5795917567688992,-1.0340978558116973,-1.617498438575771,-1.9480192392634603,-1.1453244568490475,-0.9085209117456823,0.03516829592389537,-2.5339251064357105,-1.4343925704942655,-1.3256574660240825,-0.6802484325952988,-0.8587623260052027,-0.5770286218917889,-0.7248945575325375,-0.7787152371547005,0.930331105855698,0.019409416017241735,-1.549236686691295,-4.08848106754038,-1.221144071132891
-5.579279161013595,-4.6393836688017585,-3.8018076994812033,-4.679543744399966,-4.30856716695117,-3.2600933543181845,-1.3450500854391472,-3.9030351300224155,-2.615466244953268,-3.4393573533030377,-1.6192939974364855,-4.090482972282437,-1.601285852404493,-0.3092250502645936,-0.737259462824144,-1.972047110696602,-0.5975299005084266,-1.5746362337993112,-0.866164711033912,0.08894052956317605,-0.49467031809814,-0.3822495243475867,-1.611010908605322,-1.308113084689608,-0.7061221939550973,-0.7761318512551157,-0.34562842554101564,-0.43450620011251706,-0.7819766785676209,-1.8686438987039344,-0.25461860636255473,0.1833619241332624,-3.7702346070948822,-1.3623305164033377
-5.869383150974026,-5.289224973014406,-4.724088489743777,-5.589560676494683,-2.427628784877373,-2.8156650575873132,-4.452425695851103,-0.2334023686063188,0.3832078905939404,-3.565852742601844,-4.297654673670629,-3.856442007911014,-0.7660225221204959,-2.2724508851623404,-1.1863487551695728,-1.540617934657369,-1.896094945299936,-1.4757386732049973,-1.4487141175020501,-0.9522365371090751,-1.2316304132045304,-1.048024802996559,0.2878626344516283,-0.872029660024047,-0.49322511804898383,-0.55830628849432,-0.9626245672993189,-0.21775608066210883,-0.5656402225230216,-1.5519295198566336,-0.27385078022285275,-0.2509027454672449,-3.6870372260092146,-2.215931772316409
-5.690511787798019,-5.41236558727328,-4.360072010389749,-5.331166556318618,-3.3761769089800358,-0.5235705579736625,-4.843499543078449,-2.395746434563646,0.5745753628923398,-2.413557364670637,-4.8767985202010875,-3.123907456726096,-1.390636552544565,-0.8576185407313641,-0.630683964173297,0.24187904236885666,-1.4558108122601237,-0.17618092187069584,-1.962426466620083,-0.6291034783015718,-1.970058883029168,-1.6320149870441432,-1.12762959333734,-0.3692545512835964,-0.9567322193703879,-0.9944943392840604,-0.5432661655113578,-0.7308456247013226,-0.6789219680616322,-0.35279065593735043,-0.2637735409967652,-0.12802979034775522,-2.9272130082680676,-2.7256035501422544
-6.007216879430457,-5.356720275085237,-5.502046348223419,-5.067840563210004,-2.166601387694049,-2.1241941063250374,-4.171963146927375,0.05657253109943134,-6.528485862579435,-5.266319951501685,-2.9772090663584074,-2.536339125828314,-0.6312522258743499,-1.728033445196993,-1.3700886263551642,-1.8247669307316017,-3.4584829230743668,-1.6689075732879122,-1.6952202772299447,-1.7023078096121902,-1.8603701506220833,-0.7718953232842071,-1.1615115878048596,-1.159703264608504,0.37395033806275224,-0.4476062631645908,-0.2342150085706671,-0.4461261566269411,-0.9333962036489941,0.7768551058100607,-0.17377811696782877,-0.820536537464472,-2.6648462707763154,-2.685735811831044
-5.303665962969712,-5.399136605436454,-5.442844206041543,-4.702588883870517,-3.059521809642787,-1.7393574025378808,-5.76842196730112,-1.8328990033450263,-6.799934211654591,-5.0164127668487755,-3.4089892984693777,-1.9744014792140148,-2.001069171384506,-1.1725747863879605,-0.5831999153680202,-1.848141241506102,-1.5482947157745874,-1.6663051021193351,-0.19070027197810843,-1.8586041519974275,-1.032294425466843,-2.0980550609102866,-1.0507458217972916,-0.9218158120397565,-0.28574655749090705,-0.5323835891065687,-0.4187474842314647,-0.9007159894954258,-0.7599808137164693,-0.8045785667528844,0.07359497318101021,-0.7668608234215749,-3.0788144216128144,-3.9463382394806863
-6.3202643670526975,-6.327817018751718,-5.6490174483505715,-3.045068037061893,-2.4063891311216805,-1.9424996871050144,-1.30089940293173,-6.488951801599647,-8.232671768737248,-5.828153935174284,-4.681128962617906,-4.217372723876253,0.5398779916076585,-2.4422158033254404,-1.6317737538158743,-2.4508707111445465,-1.5622857110431376,-1.6411805744884942,-0.408379136508978,-1.0827455992587018,-0.4487031624762866,-0.7570920581429769,-1.161670281678141,-0.8477705701449805,-0.40406438382087456,-0.27736155720817884,-0.006427217303017121,-0.7137896254265605,-0.36761109584340157,-0.5939254715801066,-0.45682137716832455,-0.4774926265956878,-0.8257302011505288,-1.1597320049307376
-5.916713363315647,-5.718461424558186,-5.739712836241185,-5.464280915091627,-3.2467850596410286,-2.780139473680219,-0.5723686197477893,-0.23487362315456256,-7.815183628749735,-5.447907033201852,-5.197623178062554,-3.575308849268549,-1.9420536957472192,-0.3963617484873284,-1.9281106908183374,-1.838640918136235,-1.7181044760711806,-1.2568296720975938,-1.2735519949196703,-1.5760756725663883,-1.127601773550934,-0.3459988126306429,-1.5189519747496896,-1.2720469178903473,-1.089484747907913,-0.9057236809388284,-0.8050340795602667,-0.4718469239422575,-0.4696884607842715,-0.6338864727857736,-0.6105103850903454,-0.32061627936291276,1.9614314924234715,0.7413867121947779
-6.3614006675655865,-6.707470953007366,-7.088222746010776,-3.3679900621458705,-4.170185793676848,-2.2292794920704226,-5.717576766965883,-4.226738986934656,-8.662456901481937,-1.9332685299085068,-3.7485008095291477,-4.493347428751479,-0.9213315631284085,-1.4001753721836472,-2.8779545889592892,-0.6851159220936416,-1.9643237618558596,-2.112474144838949,-1.8037908791307151,-1.0862603880823274,-1.464090850741657,-0.5421704442503403,-1.5163680176867969,-1.3821570005240018,-1.3399469684696204,-1.326604582333504,-0.9804981904305236,-0.885250291645988,-1.198860341385421,-0.5594117697513866,-0.9542864587238594,-0.43077031113371583,-0.42450983089661776,0.9089929784632925
-5.234690832610428,-5.930969181331926,-6.045116088132799,-5.595622785054989,-2.4739893906677395,-3.726980478652989,-4.6782819561009195,-6.529090765878266,-10.04913514249464,-8.507103191466369,-1.5553872370854869,-3.1038957070392676,-0.5291235488174001,-2.49836226700248,-2.4685787273486417,-3.1117970868184357,-2.660270549313741,-2.279901074817884,-2.0265406349425947,-1.8399392733703583,-1.528672160143533,-1.5105187871210213,-1.8260966799712348,-1.5698962316506646,-1.3722786118221606,-1.6864411122012022,-1.6018021421953885,-1.5807405566763237,-1.1305267248765336,-1.5210385762157954,-0.819353833101756,-0.8678228983944204,-2.6349798646817133,-0.467868991025262
-5.548916120819096,-5.035502982079332,-5.123096932078614,-5.98149568349957,-3.1507247998111065,-4.773973099018096,-2.7572251810389727,-8.609049370587071,-8.761525787468551,-2.385982548843689,-2.4984877519195696,-3.016739399741621,-1.293667311825619,-3.0128460130055448,-2.7113453533718737,-5.8582270643455505,-3.729011837586763,-2.7541753472371275,-2.4723737039411104,-1.9176375655282418,-2.11021108806286,-3.627633379101774,-3.2770350195509086,-1.642904874086783,-1.6011932595138272,-1.3973856208083308,-3.3512981344529638,-1.6758274499955732,-1.1268535185975086,-1.2002493701832806,-1.1881860474391652,-0.927935638013371,-3.3863909214362296,-1.4590113842317176
