script/wind50m.json
{"header": {"parameterCategory": 2, "parameterNumber": 3, "lo1": 6.000198445256149, "la1": 58.999992894266676, "dx": 0.5, "dy": 0.25, "nx": 22, "ny": 24, "refTime": "2024-03-10T18:00:00.000Z"}, "data":
[rows 0 to 23 of 24, columns 0 to 21 of 22]
0.7904219181185566,0.5825079386785534,-0.7576544977139095,-1.2262059252021509,-3.239576225652267,-3.5130019165554365,-2.3087594904933515,1.2863391593730942,-3.7743691130897306,-1.508032431961069,-4.30319420006827,-2.3245116340788683,-1.0339948344972607,-2.3540758225032086,-0.21900361962439685,-1.6326523843388243,-3.2942076138413814,-2.2551143135981473,-5.962500453125875,-8.194850805940348,-9.692992451654833,-5.746473335781882
0.7083336043614773,0.1667450672263617,-0.9125154335379793,-0.7266889004600599,-2.046819846117802,-4.674493511667395,-2.9585673547498854,-2.731902740092978,-4.42302461041062,-4.230485676497516,-1.422638405682461,-0.1201772213840148,-0.9901627240133308,-0.5603653495629985,-0.8511958639753987,-1.4930962509655754,-2.7252388672278633,-4.369583213500684,1.0209317290366342,0.20289028717564647,0.9043150488259485,-4.222357425862411
0.8177882825112595,2.151799171619966,-0.9811140355423865,-2.0350324857122915,-1.9643296737177793,0.5486237329196799,-4.04803479615791,1.0170914006769647,-3.926228558901776,-2.5720611654781536,-1.103967497473571,-2.4508079639396674,-1.2575810135490642,0.0031371880343324123,-0.48803826613226775,-0.5227310476013537,-2.189209828836292,1.1807682305058549,-1.4001906680255685,-2.9701595670977006,-3.2940689022850624,-9.724128287007046
1.4687350384514266,2.427842552816005,-1.1923272907597047,-1.2521857617498973,-0.512754423307388,-2.2095796647119843,-4.391934062854352,-0.8789926709376575,-4.868266877388828,-3.259550432680274,-3.8670446863814956,-1.2563735638220637,-0.7834702404493874,-1.6984553406721514,-3.1392925792455113,-0.11592181861531603,-4.205958973379843,1.2185735327253424,-3.1885030225145172,-8.481720640504767,-3.709567007302709,-1.1219214513133065
-0.0008779874676431924,2.5613215696183733,-1.7148461303431286,2.607036922997049,-1.7152693007951478,-3.3061145093851296,-2.666257551103218,-3.5975617907260116,-3.8849854955020393,-1.5520463897741066,-1.0161001575261963,-0.23703289240835854,0.6564615219991359,-1.0358490989618683,-3.1693261450134638,-0.26090373538656053,-3.863642630743478,-0.3226492980153822,-6.828834366250424,1.347831719408347,-3.5315613387517333,-3.8090985523271708
-0.05628702307848398,0.15200896718240114,-1.7407564506021886,0.30938063706716556,-0.9681751714386911,-4.385714038059872,-3.9931536531123113,1.2909453716869128,-5.653483617829271,-2.654842966996266,-5.206587737391412,-2.6255142359389163,-1.3028224528691976,-1.9553095137019956,-2.107426081267958,-0.5788575433359037,0.7387298221158879,-4.065850510320274,2.2429955673590984,-1.1340196010599473,-11.182476696622352,-0.9088832371180953
0.7742131457994365,2.127709412675217,-0.9922010914883701,-0.49653408248272846,-3.3438530094186394,0.1619404647043205,-2.2093450426072447,-2.4484916729840274,-4.303565594268275,-3.579367557037229,-1.2197000991792886,-2.0796263291259542,-2.2782630905666146,-2.1476224096152596,-1.8727738743551072,-1.571665667789807,1.0087894919115215,-4.03342249009881,-0.27746444571896556,-8.813199850278934,0.7989176482234873,-6.097877397807474
0.3323220340325047,2.9781016046339577,0.20046977444307518,-1.0851952288781532,-2.670120664944349,-2.7361163451653208,-2.339579543358288,-3.5544807827477922,-5.312386480186662,-2.9301317386279986,-0.9432464503554377,-0.765262541372689,-1.4525550344229836,-1.6765467843611608,0.5638261334373805,-1.04739535093307,-0.30591758379476763,-4.650359672788582,-4.4499159132701855,0.9920837469113637,-1.6334178683961702,-4.855839233619647
0.8744493701994845,2.905960540622018,-0.5101837896218121,-1.1229284419343752,1.4193931238732056,-4.808746456107082,-3.9604860289505774,-2.8804975733323794,-4.581379245868558,1.7801175903327238,-4.510969262091784,1.127959120290874,0.31882359195615495,0.17124737726158695,0.4356103690881428,-0.21704691094866604,1.1933941039394291,-3.3053541155828907,-5.514387918884972,-2.057854552731431,-6.088252105790809,-6.862823626394591
0.8731719111137121,0.011752223884004008,-0.38640136443558754,-1.6894755388834717,-1.1885651100647934,-4.646605712259948,-2.3011686767947843,-2.6392407001644718,0.40456520615128355,-0.6106435306578674,-1.0944164886510037,-2.523835831208966,-0.9949846049008059,-0.09654149827648474,-0.8642143009781266,-0.29607260124674434,0.19349998277336783,1.1733357512006493,-5.78405078761643,-5.279876731042576,0.5043118572618593,-4.768779580928217
0.7309183873683464,0.09748973963574722,-1.6907491956205931,-2.6515418963695714,0.0842786725343104,-1.2711924567322652,-2.874286417676597,0.620289259975657,-4.472772337860307,-3.313975676712068,-1.6104418730401064,-1.9529571458234771,-2.635660937404596,-1.6061471867055808,-0.6081505862589949,-1.0668693189467524,-2.0131011821397364,-0.3555144249427721,0.6792439215825935,-5.778924074247022,-4.715368089001787,-4.9874326446643975
0.6827596524396844,-0.43669805740531875,-1.9631987302584355,-1.66198641484458,-3.9198806758903157,-0.603034316025157,-4.078146373542748,-4.020089011519582,0.038676090134696216,-1.3474470478429101,-3.5769418293719664,1.0665601112570962,-1.8422051523885934,-1.0844458427480623,-0.5975837907777821,-1.6414762031476435,-2.9590804126250028,-0.4161275411703804,-3.4263608284670255,-0.04179748583165678,0.7066767115775661,-5.709919897523375
-0.16401306480158553,-0.39928448133331707,-1.9567248671610482,-1.7131168532624175,-2.6726638835583856,-3.2262241398744984,-2.6959511686567685,-3.773116644950687,-2.0548109151935443,-2.3256713790039916,-1.1674264016597327,-2.5140712804303957,-1.9970695308337885,-1.77930265975495,-0.24771814716336157,-1.4782054153158661,-2.0965738493147965,-4.094944791530294,-5.179177376005849,-7.8822041181289135,-1.9894642479686686,-5.51779938328063
0.11460404579584438,-0.5211831416201116,-1.6644269819049524,-1.2395409926455847,-1.927090505799971,-6.452507631981001,-3.5411807046918025,-2.86093554182672,-0.4506112222772917,-1.5553405599551577,-1.5951276479895142,-2.718967804711339,-0.9074708888390125,-3.5406925643120086,0.41105988789645503,-0.3012656700130856,-2.0410081550911796,-4.642233741938033,-6.646116903780853,-8.389580706611733,-10.843710544766164,-5.53897964175937
0.7270201972360762,-0.9225363356464514,-0.24178288592414612,0.04793238223650073,-1.035199232661627,-1.8896172458186267,-4.8996467215777635,-3.6361689909180335,-2.5954683944401493,-2.892803193257635,-3.5783354626531554,-1.0361669035660601,-2.0097984271262526,-2.577972561091279,-0.18818833078890515,-1.7402270923587093,-2.8606517632687374,1.2793271883826132,0.9306411944660041,0.6961178296739277,0.8499318296331233,-0.48842439326848275
0.8254181451470152,-1.3482765551932272,-0.8250533169209892,-0.7209460751526526,-0.9278111552094906,-0.9790262345626922,-3.7227499616686357,-2.6579146188609237,-0.6166904216698565,-2.4597847896476264,-1.3981146631371308,-0.3778602575440983,-1.1941009634898128,-0.7768476447316838,-0.6060379061940335,-1.49841798442841,-4.7976154938496895,1.1593530741601235,-3.2843118966190965,-4.677953984039476,-6.414572045107995,-9.602768155981371
0.6951007243677594,0.05027683408585871,-2.132904685251871,-1.578285982345996,-3.7201276446150606,-3.9646062184566775,-5.144926551025391,-3.491251400068775,-0.980644509895033,-1.8388373565412435,-2.911524443023377,-2.492298406782874,-2.291472465455118,-0.5112469219816056,-0.591084790096211,-1.5315072150248705,0.8985739436331566,-0.657001153150549,-4.8445373335875015,-6.328177360926105,0.6816410104393559,-0.8461668438837289
0.3460915812600322,0.21738335972958087,-1.10755303696191,-1.1744593587298695,-2.06578641697252,-0.9808990420695015,-4.3745637828617125,0.18249087124532268,-1.206816255658957,-1.5948422575993397,-2.656170261151988,-2.625480841675339,-1.8246083644440079,-0.051206505444282784,-0.48551694717079413,-2.113717894241236,-3.740971901208642,-1.2217392722849514,-6.779774724875118,0.18148516900224457,-2.3797863299266133,-10.37174055621123
-0.07758252991871983,-0.4043817975005769,3.5949637796045013,-2.0183710098020646,1.327535537837227,-1.4406620827071366,-4.375974411104792,-2.811007951755368,-1.785303056999273,-1.5209735101357158,-1.646861678114388,0.35169437013215243,-0.8214089987369779,-0.9945700387202501,-2.9962912443171277,-2.052757105690219,1.0307577552223546,-3.6232952202717095,0.8262322686152012,-3.1180326819258393,-10.866178181420338,-1.1150429001825823
0.8306665305252369,-0.8196675214312272,2.880028580322597,-1.4575212705166967,-1.3037984758596561,-2.8864952854583223,-3.185455740365719,-3.739672479633458,-1.8797382979805697,-4.1361438457024216,-1.939956753393315,-2.867265221196024,-1.0893228858342539,-0.844208118055856,-3.5966270590936413,-1.3239570219928636,-0.8804915832674782,-4.934322484518309,-1.4691977985962021,-8.111803179940646,0.8999825496949604,-6.252756641247379
0.5720422230732337,-1.1003401865828786,2.507632804333362,-2.2230953573091763,-0.25636997496347813,-2.956909249774242,-4.113487959497181,-2.1406148520012156,-2.471247471492383,-2.472277485105614,-1.7965646671788167,-1.8324373906649765,-1.0632173107723815,-1.3464900106226014,-2.5072650755440042,-1.7339597851713215,-1.1240476240231516,1.0862452773636009,-6.236514672003709,0.6488800789189901,-8.427835317439312,-1.0631762960940518
0.9068828413329847,-0.5984863794132991,1.8630658059801952,-1.5643843910543915,-3.3924408677115503,-1.9772833477003346,-3.5829510613585445,-4.376779901057185,0.7300310406425059,-3.9247290525561134,-0.5190852222459642,-1.6566053156314087,-2.021061318017734,-3.1079445932876664,-2.148520868061367,-1.8840978748487294,-2.7405356958899505,0.8478748989594926,-6.794934666957345,-2.7783701969822263,-3.9548710660933235,-7.633015867138656
0.4818748518364421,-0.33920476648558445,-0.013775394671265899,-0.547488742430029,-2.2722616254551427,-2.5831219105320646,-4.62802572692058,-0.0092007627849081,-1.8132665381863082,-2.43956712470073,-1.585438166620534,0.6353223646537303,-0.7222203110640529,-2.2655542931404202,-2.094203833773611,-3.2869103346050355,-3.3315477403229647,0.45291716380732255,0.8759276206077878,-9.174005482407793,-2.6671815919712176,0.03762965369579067
1.014040361597463,-0.2515045748483732,-0.324877179686973,-1.3471750718062796,0.2722134590505596,-4.24752279663509,0.8815204788131403,-2.1613807790595616,-0.5096265863771894,-1.955953450936183,-0.04641338319697295,-2.6114904160817587,0.06958652535585229,-0.584736527694797,-2.1567833498873306,-3.7114039860683534,-2.07701355205477,-2.780363417906697,-1.92370562722712,0.25269406981896325,-8.172638512570277,-5.637943208818616
