script/wind250m.json
{"header": {"parameterCategory": 2, "parameterNumber": 2, "lo1": 6.000198445256149, "la1": 58.999992894266676, "dx": 0.5, "dy": 0.25, "nx": 22, "ny": 24, "refTime": "2024-02-09T23:00:00.000Z"}, "data":
[rows 0 to 23 of 24, columns 0 to 21 of 22]
-13.897015348350948,4.051922174631025,-4.36963475515462,-15.43442292757901,-16.388084329976426,4.5900313325511055,-16.322213727445885,-12.28219131587732,-12.24684580960336,5.527055245707377,-17.84503839124602,-18.070756386910723,-7.3260908117296575,-17.732249153369075,-8.497114880326343,-16.38773783495779,-24.128294676034745,-7.655360659609386,-20.37721103737269,-17.167061395969025,-18.29738650104321,-12.45044136433431
-13.397385658936118,-7.528259583080431,3.7257760940354636,-11.210537199530217,5.135551454729758,-16.829666471096353,-23.715613614115387,-17.045809828399687,-19.203129783060398,-13.235683474285882,-16.320400413531296,4.87274467981036,5.2958348838027245,-6.096273130332606,-12.051990162129245,4.31479285175689,-16.70976487613754,-15.730897607645893,-17.936908238289256,-7.271658006388703,-19.208063488139278,-11.216697942808898
2.096506346502293,-15.10603068501927,-13.894049794597622,-18.425365108587176,-13.664590182050294,-14.963264850993905,-14.919222899690647,-18.451799894148838,0.797802156566841,-19.920632875906577,3.457628235500639,-6.941483794850411,-12.675726539272235,-13.311738518649264,-6.597628879096735,-11.140729691715379,3.7345681318103745,-11.95823737422786,-7.261386050213702,2.8700940407958,-17.33827057428991,-15.898170172405184
-19.65079213065566,-17.070789550420887,-14.888942636638745,-14.652760656746821,1.2350736946279393,-15.585162835201036,-12.78265437781734,-25.9124927235976,-20.57939221726008,-20.02131914033052,-17.27799407156697,-17.3685380846277,-10.376967357466587,-12.685239354737323,-16.092823578647018,-1.2557863643087182,-15.017708413507197,-12.932941934441196,2.540804514841048,-8.613796367050368,-12.917357389269867,-12.742011556867974
-18.62212484132692,-17.83586107085964,-12.283222868634919,-10.076983460958486,-12.699373223509811,-12.22907397179431,-13.601231533752667,-11.68107652947982,-27.290506442682695,5.044928533804184,-16.703023999667913,-15.831086011991514,-14.304167714102055,-10.444176273457455,-12.642110285771246,-19.2796686572334,-1.2602551497707746,-5.25722590869935,-0.1579815706190058,-22.09684104287024,4.62208126145335,-13.957419607600771
-16.61086983978678,-16.318166166504724,-10.825003310566856,-17.996893851915274,5.098413928496337,3.2819199898793925,-17.094189080061735,-14.782820559312379,-12.387628946164021,-13.517048028260982,-10.679562526291686,-16.53198977545542,-18.013708764543633,-10.606263949134998,-13.809826989919229,-13.358547012891641,-11.177415018695179,1.457754984709107,-21.378915635613726,-11.070831450902666,-17.24423474247697,-13.143640187133073
-17.235921905307332,-5.811267840984229,-12.459671692453893,-16.925803936145655,-17.01729403158632,-12.255556004284827,5.437305527250586,-8.883226236411609,-7.360053437657315,-7.781572764623188,-12.484718369669523,-14.713097436280911,2.774166519335112,-20.613853673491946,2.622957431211881,3.6762273595846864,-11.681157792094014,-6.844897834919598,-22.749428260930223,-6.703860379445032,-17.026050430968077,-17.4566896043821
-22.759548327348085,-12.335217067146901,-14.188346506313867,1.4943996867044083,-17.8850313763041,-14.531558130954965,-11.610191947460937,-16.879147252422335,-9.326643566968254,-16.226128896529588,6.3485477503089065,-12.058613639802646,-16.04072136177172,-16.122365167272058,5.02602268748441,-16.20241639001634,-13.091314409749518,-2.7879277954053205,-11.819847562669677,-17.14895215734256,-17.004865400091326,4.006386301317389
-14.512709064144776,-17.629201803035787,-16.43439434211276,-19.087044634156264,-12.454321086288495,-7.005651699766631,5.802973835450412,-16.32459881434699,5.205941328570636,4.969487715754945,-16.461800127870966,2.424874438715031,-22.604758318279483,-2.697235263974197,-16.460264170388058,-11.737382679931926,-8.153588105605133,-20.56918038676097,-7.41947366850454,1.4295637908241172,-7.059439261320553,-19.748326184270823
-17.32898902169534,-16.238198645401372,-7.941496895725892,-15.331487182849026,-16.718763002397306,-16.877990020831895,-16.039029287069358,-12.014943354598602,-13.11805568870573,-14.447395568990231,-11.992680987800801,0.5449699203230357,-21.403172573739205,-16.905027063226914,-6.323108173210745,-22.982774234517226,-14.421348101978813,-15.05370040666201,-13.212191851258837,-13.895485151849305,-16.55903493085625,4.980353660675523
-26.311910034640075,-18.166012187898964,-16.4106262493963,-7.723741992781236,-13.946612338015306,-17.41967637854034,-14.598692031745673,-14.650699916623818,2.254547941347634,-13.95405666413627,-5.725921284029388,-8.992577378077874,-12.84528911006677,-2.4119014557059844,6.272120944403014,-12.130481978815611,-15.458100009535707,-13.60607819310624,-17.065950715156713,-13.776702022063406,-16.630910517635762,0.7693959775778433
-16.441362276210835,-17.126887082010327,-17.33893149286722,-18.4564603163257,-11.501469411037037,-11.45223791569073,-14.62852977302814,-17.56628429638184,-10.292920661356119,-16.279404988095372,-8.623062060442782,-14.579946854901646,-14.249374061641806,-16.940859553186037,-15.933669521541148,-14.834119805122159,-12.018693200179303,-15.53614818320542,-8.261250018900869,5.496191000863982,5.500287490285447,-16.972691656288657
-13.580147427562439,-15.560478278139664,-8.258158836052164,-6.126319900495324,-13.589509370278074,-15.028037592942066,-6.942018612457845,-15.12062219528621,-16.803514685738712,-14.01649777751169,-17.12612428726425,-16.558435131960493,3.177627096519259,-10.477716303245138,0.5776609348677464,1.5670697570164978,-15.418418037910453,3.8688620922058683,-15.302591707705309,5.103109384310382,-15.891316047217586,-18.574206269609025
-4.487607018530798,-16.90369037057499,4.693277675433096,-16.457367500367173,-24.557158945714598,-16.521481985437635,5.320070159312201,-12.757809512947858,-17.31436998087646,-3.235538916689709,-13.393844010197322,-12.950798894015554,-16.8560066331964,-14.533746791897164,-14.016502640697821,-10.839478005887035,-6.836975074167657,-13.120727272329196,3.027901399131819,-16.167148348503094,-7.916964865247658,-13.752078615492536
-13.618319353281773,-12.698168059904068,-8.373367192401188,-9.883155824617274,-14.176003804690035,5.665844170586521,-15.633478761531451,-12.194260203240706,-19.60819667329535,-12.617484966818552,-12.293439381868136,0.27241647789437995,6.199676780675976,4.901408929387407,-12.648155972941906,-17.367350401097532,-22.82296040878764,-11.731095585450548,-12.815058855581327,5.629186479069371,4.8568384021309425,-11.128777855105579
-11.607243221396958,3.1612040046535426,-12.639956956272135,-5.102503233049167,-18.172528825382834,-13.485223245141214,-22.23350211219955,-6.874465254133334,-12.780869678301796,-16.77048002080747,-7.242880208587744,-18.01085510893938,-14.406232496176248,4.542484004436941,-16.796233640892307,-12.827775061641056,-13.063686814450772,-13.60890418011429,-12.968050600065572,-26.45979494523047,5.095847018159168,-10.56090126053114
-11.445517866243483,-20.879135029282008,-16.793460562592053,5.560213358334947,-11.793886545807126,-14.538392370724631,4.987153387302568,-20.8326113268286,-14.995213465423577,-12.251551557615057,-21.00100687660716,-3.375120976869494,-26.15616541835566,-12.829266261911737,-15.371712460761902,-20.81089356808601,-13.969436618425904,-11.669153825184722,-16.66294329764174,-5.77045986098974,-22.327162108090405,-16.700007647122845
-10.326239660249312,-17.57396682138374,-6.902702467621687,-17.724985323604706,-16.072232208807996,-13.438282746121054,-17.08830213019279,-12.921609695885149,-17.255373506385624,-11.222144814873705,5.8338902238107835,-11.024472691338104,5.858777413084526,-15.66750129794653,-14.182860676647687,-22.27843182187048,-10.997436452861159,-16.92059276931625,-15.509970685641154,3.8979628942654037,-7.3224136140780995,2.688189654628922
-13.51096911190763,-2.9030272546046434,-7.740525398598554,-18.599366150635216,0.10493692922260697,-15.468367033856405,4.543849706058031,-14.933746303043046,-0.23510877077493902,-16.472373176888468,5.213263866916211,-16.464486681056794,-12.40034273103669,-3.876483655190745,-12.504709514614428,-23.786858448239926,-6.5836465523121985,-15.150851265015348,-15.28301709677045,-12.797940308715587,-14.275097457800703,-6.709190707588443
4.734119002450858,4.420855289867973,-16.429158160340783,-9.893464515141813,1.8801397815176932,-15.345150640823706,-15.522465080834763,-20.70802875730361,-14.661815530069836,-13.499301937540439,-19.499156721709884,-11.840768510470529,-17.366172816141066,-17.145384231552285,-20.021833362997377,-17.701056166570268,-18.642590708412424,-9.917446464862953,-10.658116993157055,-12.846570268196597,-1.8243637495137794,-13.50950176686719
-15.684445921118872,-18.665031488076654,-8.55508901968857,-12.849087967329403,-13.537298850035016,-14.453432024468466,-19.087834910241938,1.958628893862531,-8.751483897323514,3.8000520786714485,-16.719747052905166,-11.658387744348394,3.767952855087267,-12.069758944998592,-16.783616116615445,3.3881379464486576,-14.557663206622939,-13.512640259370933,4.282141272483006,-16.274240030841234,-13.649793772525536,-13.888217633132713
-15.97959234155694,-13.836212135682333,-16.144461298383266,-12.155960517699254,-25.414380095570316,-18.845114767528376,-13.751380138741451,-18.044469583855026,-14.233620795709575,5.90231893356962,-17.16811996360837,1.2615228325506023,-12.964507902917555,-19.67628827601889,-12.90637264086465,3.6541101013714754,-5.138578508535364,6.901929610174073,-12.295324277155322,-9.36015678745227,-7.824154735529733,-14.326806689095221
-17.386304954394205,-16.55725894072906,-18.46003828184594,-13.70409013208089,-10.151265150947642,-3.3653345947034263,-8.76859150154714,-31.51987599097184,-17.152524083421795,-3.1740991083588623,-15.957267786908048,-12.27526353832454,-10.189052150457794,-13.523927096814779,4.699579933906832,-16.78850347295023,-4.3011077007921665,-17.76992291860593,5.01862254528169,-11.123306140974279,-13.908949113441418,-11.564034685755736
0.8042690309901999,-3.6683156361939835,-14.267554270193171,-14.899558274749834,6.524203645189644,1.4915053948109853,-17.248947529597604,5.19341394720394,-19.410176022856763,-11.651347477501169,-13.59727412524399,-12.083530405205037,-13.758145398295074,-13.234316414631841,-16.86758220740328,-17.56885819455895,-16.53443649192296,-16.711323878171566,-4.99102669692571,-14.292917770637525,5.074906441053537,-5.632549067604641
