script/wind10m.json
{"header": {"parameterCategory": 2, "parameterNumber": 2, "lo1": 3.000054539987559, "la1": 64.9999836372058, "dx": 0.5, "dy": 0.25, "nx": 34, "ny": 52, "refTime": "2025-03-12T21:00:00.000Z"}, "data":
[rows 0 to 23 of 52, columns 0 to 33 of 34]
3.0832032416440556,3.57854777952884,1.9137618223019879,1.9157237359420694,0.7163551939240427,1.320111422150618,-0.5096614824973389,1.4885000499231553,1.6477358265467201,0.10519913643095934,-0.5936225930769444,-2.2553353501320985,-2.633889835615785,-3.013496629608285,-3.305794340959589,-3.613178337235094,-2.096902291401427,-2.9195506251229006,-2.0409931687037384,-4.242930277405863,-2.342200876743576,0.41298581124892686,-1.8387156941828737,-3.399577390878548,1.1013267966060796,-0.27254469535597464,0.003988462778221408,-0.951936695659226,0.2458940562484121,-0.42730833707768817,1.0037910380213497,-0.7737056708139232,-1.3744559059514925,-0.3028315602273914
3.181578151126323,3.265962591537309,2.6820294194085226,1.8299391505211724,1.6641811662330572,-0.029400815028996063,-0.19462155350938148,0.08778478876656355,-0.20953079795716667,-1.1790995094059713,-0.2831858217762392,-0.8172737886230365,-2.456163278552176,-2.20570260074006,-2.1113549234931113,-2.416899497260507,-3.771910539093272,-2.664611557052337,-3.1570732474235372,-1.091025410899055,-2.3667073663613376,-1.7724946475228793,0.09285997039055258,-1.9424851205332598,0.22904505033542735,-0.7071756132392839,0.34912417346506364,-0.2168978109692634,-0.91801996283183,1.0303458166568167,1.188748907110314,0.3662102803048201,-0.9450865907213046,-1.0856307145412467
3.506239249299333,3.9733969770144326,3.884006813775686,1.7296209906175053,1.7355282111043036,-0.6613862336196913,-1.5406328484060792,-0.7772689663724853,-1.09557057979716,-1.2184081635867918,-1.731383610030289,-0.12282590121228623,-1.9888521313419156,-2.831960541600155,-1.146326664836837,-1.5648066837576189,-1.7458534719562566,-2.4678735070590796,-1.834262210181649,-3.109529227941689,-2.4834966400167384,-0.7049509871614116,-1.5454743514613731,-0.8013130293860504,-1.014647789517883,0.14233200662303236,-1.0240821908298772,0.48170936085164984,-0.37968322626021783,-0.46765872447823953,0.687281291871631,-0.21502119687242682,0.0995047534739036,-1.181952215540176
3.7492960401278568,3.4621935890034345,1.6603239818208455,2.7983015385745755,1.5575013808792462,-0.7959512305305835,-1.344710826579086,-1.6654005931190576,-1.8912421590652302,-2.4020068181408325,-3.291422428849757,-1.9527960094653973,-0.3523705554807555,0.39404260019730447,-1.460408576876126,-0.2459851099358941,-0.08852075388330621,-1.9304722957266356,-3.4876823967279424,-0.8852441837057328,-4.355346915777098,-1.8486807927256164,-1.0399180088104287,-0.7060532813760689,-0.7764694030196524,-1.108380524993757,-0.26150004741252814,-0.5889558396568942,-0.8107536540024124,0.003510322532433504,0.15795309543486163,0.5245416246281,-0.1125807020103506,-1.2648972270657683
3.5152291098121173,3.517807207734514,0.012585953837443748,3.2684566685695775,2.503733909586656,0.17244019842476258,0.9555129603317077,-2.325237817034142,-1.4786075985689473,-3.58026249621412,-4.574379986839984,-2.3244169558758565,0.6125822960156311,1.0988427349722345,-2.3290852931032116,-0.6890215423354289,0.05023172566810177,-1.5023870339122463,-1.4075252938278116,-0.34993435063885003,-4.342116049649319,1.0122176815541033,-0.26371064583113957,-0.42503842499839006,-0.8049114216959833,-0.9225402332679621,-0.9144359163809009,-0.765335499700436,-0.9416950434515409,-0.6293563406943407,0.20166651381403294,-1.0895862663849598,0.27649003023785923,0.4192234343516306
3.3837925097129324,3.8245437207411412,4.285595522900401,1.3787297602177646,4.504761130519307,1.9752398932302788,1.5864987853426262,-0.6894239766130635,-2.3072425612416936,-1.6239635376026351,-1.0078290433213477,-3.236140746337691,-1.8079963236204337,-2.0580980224524796,-0.3913601740950311,-0.046518191571229384,-0.39626465943247885,-1.2627179579670083,-1.7544363989373648,-4.124917639475544,-1.6439432491795818,-1.9799070834218593,0.38392439276544144,-0.5521284952004375,-0.7548329810703401,-0.5142904114323534,-0.30586804537533213,-0.32448011604746974,-0.6219686508555117,-0.3243206968916332,0.13633040219375153,-0.31888673903834724,0.16220895954264974,-0.08306348218041673
2.8134173045451134,3.321686510172995,3.8161463629994374,3.550284102313187,3.8801333651689,3.897280770850737,2.149567746432837,2.4303847837381576,2.0289808861444083,3.8022107062768375,-0.9401580148614496,-1.0062071681067752,-2.323899525207391,-1.7331130122102079,-1.0638821643149114,-1.745819494950924,0.24070460414622308,-1.8310242174502531,-0.4745119656602087,-1.113438121058273,-0.005514395087087915,0.11155397552442076,-1.4181078305684482,-1.0660898796140141,-0.5136296468123249,-0.5187494497528862,0.3554207659820007,-0.7247760964355575,-0.7908965973154819,-0.1599706033616797,0.4394971115079494,-0.42972321018925824,-0.48499941115333833,-1.3526938106580169
2.1088698611760908,2.8263642561276536,2.805889778863792,2.3550835068273637,3.9317622842872746,3.92569668472365,3.3370064071270646,2.5702818580922755,3.073888587251819,4.578915425885225,1.5369077762052348,-1.4921130341166329,0.32906772770462905,1.3202567482881469,-0.7271933184648937,-0.240942801163607,-0.19540085711067212,-0.6563822127401485,2.852167734730036,0.8913032417021209,0.08110054459913904,0.9414179690512405,-1.3452085998182541,-1.4100588446231894,-0.5094426252668678,-0.00700958728822935,-0.8130909057530263,0.13489866981531912,0.2165237546484889,0.9460497017043253,-1.0707424566906234,-0.0014857026710304853,0.3737098670949694,-3.3833042089192977
1.69575416265033,2.2663694202429485,1.9112460280087316,2.064745324217713,1.925374451370658,2.208618531416207,2.758323699334423,3.1365321692921815,2.7786820581394363,1.9861390202708193,-1.9458803348721547,-0.45607565808610956,-0.5524071873717626,-1.7503905575341885,-1.0589219001227734,-0.887928794102655,-2.590826721928807,2.9294525335171184,-1.7546494273101645,-1.6430763137966897,2.3997124232422182,0.5691662910259134,1.2993138869392393,-1.0749211622449153,-0.40961227827703656,-0.8033041280272581,0.21830699256491043,0.37380018336379295,0.3752038440032941,0.8351306364865465,-0.8810056830708872,-1.308305652683102,-2.5680167450625904,-2.8239643985570395
1.3130839825171383,1.3671582513799692,1.2255685499492817,1.2547870160223522,1.0694084424791381,0.9396199664076226,2.6537915446507507,3.5060075813207923,-0.9987084523105965,0.4724408187971334,-0.5876782270773726,0.3357131988892984,0.9853004668221814,3.270498744099272,-2.0415512902796777,-0.9244596406040174,1.183822477905794,-1.5407052202143352,-1.513669910886581,-0.3791171045805596,1.9964907182559517,0.8083843440236395,-0.06178426263931521,-0.613802804678301,-0.5504403854084233,-0.9863551573100519,0.12833663872008663,0.09178728685027936,-0.4984703311666508,0.6921016106775577,0.5299252507349067,-2.8008620397700907,-3.055871382087575,-3.6870217416229076
0.5918060137448096,0.5738499672933504,-0.08481030533372882,0.26728927125079033,0.29672418289569136,1.9132370772053722,1.28191054368597,1.3700839145427859,3.1440415818781555,0.12794901831968647,3.5284133997490086,-1.6774538907793608,1.6194727240947213,3.6557018027600066,3.3911349223981784,-0.3996118387765286,1.1469738278959665,0.09506768294980338,-1.6270725730481725,1.4093368810539522,1.136288085376483,-0.030045893927079438,0.8297198733527889,-0.2762189516895711,-0.16345402517190522,0.11398467350856324,0.27244158627383513,-1.111486157457328,1.0630151065270634,-0.8798251360153798,-3.0109527384698254,-2.770527813052486,-2.991239422110328,-3.7418095948832413
-0.3600692446742926,-0.38225040600133126,-0.597964962825009,-0.4737604055699732,-2.9648288995966183,-0.06742251819731869,-0.04055746793695787,-1.1338338823193397,-1.1407384699483307,-1.3088615249138733,0.7827437318356715,1.4631898234178968,-2.8965093988776687,2.5530720767412554,1.8244976020461672,-0.8796375396661977,-2.333034563211387,-0.5291118985357248,-2.5736269284967155,-1.1497181776220444,-0.5789024036783199,0.0002779419206297555,0.5890683439120817,0.45207119131243156,0.34589490566948666,-1.0295840030145074,0.38177797037836897,0.4654715321591133,0.2404026747214218,-0.3097936073535438,-2.6896372983072565,-2.599363119686854,-2.168936615890787,-3.9276597646518097
-1.1451451182257781,-1.0843788815609539,-1.5766000284347965,-0.6192292695269147,-2.70372981340793,0.10174684545469756,1.776286401423108,1.3618650969798507,-0.07176427972486851,2.2885643987606437,0.07870562397956311,-1.9044879759967062,2.609516560105803,-0.25757220961484917,-1.9456877918504922,0.9689709776502423,0.21996566626953826,0.7719174829234001,-0.35806218788393274,-0.6585780289868982,-0.11185755668387909,0.39044929204653056,-1.099904272573286,-0.22164374863294536,0.3556669550642779,-1.3007413043178613,-1.285619555793082,-0.8244672598672949,0.6628263360206417,-2.904967992026261,-2.443286785289581,-2.70905809934045,-3.49281611893122,-3.657133794444078
-1.9917511922892683,-2.172861984121111,-2.206066089198607,-3.1530279644466273,-3.432167526572139,-4.8192101009272985,-0.8291339812685393,-0.7330202308674658,-0.26974046392402495,-1.773986316157026,-2.420972148061332,1.5187740635975613,1.9185153262786885,0.5473032984590775,-2.5651582638861847,0.24307729045745533,0.20407023751717854,-0.08843105660464683,-1.4514504340623755,0.9150133186692355,0.23333963532257457,-1.980375220879823,-0.6648617025630905,-0.5165300412956529,-0.06863050668792613,0.46601910293008303,0.892480040116565,0.6434222802458031,0.7178472315390981,-2.4361110601107185,-2.626236455412638,-2.7525401468999346,-3.169210274413025,-3.5182866784041344
-3.0627436578693454,-3.0002349243400492,-3.524093982222622,-3.639219301315666,-0.9805835295118152,-1.087768183071586,-0.421843115722164,2.297943383472114,-1.8332610579537005,0.10624305076740481,1.5016989440051203,-1.9665290454793278,1.2536498169167662,0.21928384802748607,-1.336185423355433,-0.21357584944096497,0.8403842927049655,0.33549943397236015,0.05189255117488673,-0.6268972335103391,1.156005993205091,-0.8086161894535076,-0.8818139785386271,-1.0617177643851619,-0.27823364484598073,-0.6954414187906841,0.03164912377418714,0.44128943336277143,0.3929096632737252,-2.2879248996147825,-2.581600469036124,-2.414802780061863,-2.6544926625515632,-3.251939056921195
-3.667922376594214,-3.9511021713682535,-4.644776220059432,-3.519923824228889,-0.4550912389601479,-1.233430800094185,-1.1226502067531197,1.4760086415484646,0.31996482623265693,0.6689729575308931,-0.2824424104889076,-2.3979716944969334,-1.4200407840714664,0.6323008480115534,0.9165862142372204,-1.535514870221494,1.0570965137285369,-2.0845483267137235,0.2508438191467224,0.8441204029581698,-0.32201407193251164,-0.2706927746150302,-0.10078777563684065,-0.6569567526440199,-0.07871824844006413,-0.12823177897347604,-0.7719555142553159,0.2387436330336081,0.16417971442759516,-2.5325240474398765,-2.680861377389919,-2.341341228031007,-1.905541668470087,-1.3185547227793941
-4.836579127913533,-4.53689800465479,-3.882475303879117,-2.914243276880735,-0.6798692311457799,-1.7291016731357507,-2.9786386372596283,-0.28666524288036377,0.31482570731391263,-1.3611595781065244,0.9309712607157401,-0.22302176343078833,1.2477131039920322,1.2258925831552332,0.7933918109343154,0.25202119199471784,-1.1124738825993201,-0.5516774018865289,0.44328229954423687,0.1739725516537518,0.6439163160730839,-0.2401981998466844,-1.212273358034296,-1.0213898174996674,-0.8734719078209254,-0.49691535698577505,-0.8701634345724623,-0.3554890541990576,0.002582098462197739,-2.8056125609610816,-2.7519560498978892,-2.2183505289229304,-1.671724902445748,-1.408663296299646
-4.456798914022151,-4.194679581452737,-3.4957432925805323,-3.2478544739539705,-0.036606312557756295,0.5057019817629556,-2.6191568201793305,-0.26531932212156756,-2.751011511800434,0.9120647510712963,2.206094671750388,0.5126743758516401,-0.2677910134180468,1.3393802311328469,0.6948399206582858,0.7341442484149092,-0.09171948100219003,0.24838095551660136,-0.7462837562584119,-0.888748640319073,-0.7980329162559567,-0.2791386372575958,-1.0683281767231185,-1.4551839632175199,-0.6422696106498048,-0.5115238755151246,-0.7141907385583979,-0.2145967711293587,-0.49049560728399777,-2.661811664131995,-2.3593189247664763,-2.5128470048269684,-2.1623196069556307,-1.7169715241394856
-3.9331272731490765,-3.4904178177094516,-2.778627914592388,-2.2459424128621013,-0.661733009140636,-0.9570940468206535,0.3579964090224098,0.06450006324794844,-2.7230478947579897,-0.7431745084194749,-0.028628039676675786,0.05654638176023949,-0.0755875022085484,-0.5367377261005045,1.6713941226274167,-0.9449270711932362,0.677169888466576,0.4401028387773871,0.6013767653906239,-0.47682293396994413,-0.12253200295077672,-1.2816606689249548,-1.301816360579766,-1.4075878829995634,-0.7166438538426314,-0.7226074029580963,-0.69400865207433,-0.48917088261412484,-0.37324483871922104,-0.2872818411012468,-1.177688861759037,-1.8249587825876266,-1.9542376681816396,-1.5038087954213348
-3.82444271232201,-3.2578154549537386,-2.797548024589813,-1.2371151896654724,-0.9362647261790561,-1.550746945906171,1.945219762773946,-2.0696328303195997,-3.135989562143036,0.21093710081883327,-1.0392408032866853,-0.761582887135769,-1.188348110215064,-0.18905000978472242,-0.16370165287754476,-1.3128740717591523,0.7742873053910426,0.17175206496436912,0.08786306420461963,-0.402126479449219,-0.25946687726432505,-0.8079096984582019,-1.4358719353263454,-1.0547271324855934,-0.5791912465789242,-0.5978888937118073,-0.2658852129814302,-0.4241211091427408,-0.34473136711426494,-0.18619747518702456,-0.14997238963945056,0.49946822353558107,-2.8407215954520137,-1.294322886139911
-4.45586445565012,-4.110375860029543,-2.8345543263813946,-2.448234878315555,-1.397300588663484,-1.824138357460806,-1.309106500572896,2.090116195280933,-3.291252115872415,0.5049932975263162,-1.8043707662213142,-0.5331496820027712,-0.17251094854305382,-0.0638225692476495,0.8530874218378446,-0.5554355660471958,-0.41899951277693914,-0.09072189150951453,-0.6385558938069512,-0.8038887315760986,-0.4251405516878301,-0.5274137836814942,-1.3024667325280757,-1.361060612063571,-1.2152806884445566,-0.8149459157091669,-0.7298456240961659,-0.53778636216506,-0.6127700968104423,-0.6060593727010068,-0.26151771624514913,-0.1657508303874623,-3.9064045334405377,-4.528601184032016
-4.604121057559542,-3.358609771128522,-1.9847134091538212,-3.4805418448921643,-4.4701855743819445,-3.2499665625187517,-3.894515103002869,-2.0817509210225147,-1.6131172900238104,0.4185669801546986,2.177610094944341,0.18118386775270268,0.3456097305352964,0.6174185198371431,0.6959668371728859,0.22953620508149403,-0.820688298567957,-0.49599758187530074,-0.5578620538912262,-0.6445855839739266,-0.7831920246954207,-0.4425045722320199,-1.1492327819956485,-0.9953869582796878,-0.8905930658943438,-1.2037975315148397,-0.7877711824991821,-0.8668660895325393,-1.253774559857098,-1.0564194172558012,-0.5555566794157549,-0.5870085019681842,-1.2289767574562454,-6.17021425590019
-3.3771317847499818,-2.8010068368455108,-2.9638547496628385,-2.483548833868072,-3.943317329292697,-1.6093649995984631,-2.578802530796174,-1.9232143308404925,-2.4789584124228328,-5.132172780655666,-1.04691231380371,-1.485912222429022,0.050178162665010434,-1.2941168853541234,-0.8870849996079803,-1.279594173482824,-1.0429620857772124,-0.8847297371365912,-0.9619462768244746,-1.0195768549253321,-0.7383771177775197,-0.5492577946910241,-1.048675142383031,-1.3001408686130398,-1.094331800358665,-0.8238072223258605,-1.206343355536415,-1.3636582217392195,-1.003518895928604,-0.9760486959757416,-0.5637551597856041,-1.4544721974400052,-6.618601722009363,-6.804138369427569
-3.22765904499963,-3.367917698906512,-2.853944000692654,-1.765117136042899,-4.105320216628942,-3.6033035390915993,-1.8120857115884252,-5.85192764343974,-2.9640084015697896,0.4933452480445403,0.2901268366012817,0.4337092509269033,-0.19158553297881856,-0.2785891617594514,-1.1176559046165413,-2.1790944166331756,-1.0708230646370918,-1.5613200710242434,-1.0451476735927732,-1.430666939924006,-0.8834035581349122,-2.210969975495337,-1.298009408741946,-0.8931735788474869,-1.354333266915376,-0.6274758836066888,-1.0917424195650856,-0.5168258809209544,-0.6139241797080701,-0.5323533298203584,-0.8542425325011304,-0.9738082000611064,-6.779825445698967,-6.5441205789642005
