script/wind350m.json
{"header": {"parameterCategory": 2, "parameterNumber": 3, "lo1": 3.000054539987559, "la1": 64.9999836372058, "dx": 0.5, "dy": 0.25, "nx": 34, "ny": 52, "refTime": "2025-12-02T02:00:00.000Z"}, "data":
[rows 25 to 49 of 52, columns 0 to 33 of 34]
22.71568885092112,24.161771088135712,23.261403910079828,23.869925121144394,23.10558007084601,22.89231681815723,19.535046468164886,17.306854491824026,17.961391170510666,14.282303556105704,13.320165310483292,11.855270561785527,13.531578220050513,17.28330349977448,17.40179037443181,17.904058733764085,20.609607314694443,14.822904066175894,13.488442839643115,14.195803922362426,15.679236658721797,14.624203123420449,15.044004499471784,15.069153964545446,14.965765052804638,13.665963350335378,14.430836147053268,13.823199800575347,14.467883799600166,15.088986194141436,14.196589440810731,13.235312205532821,12.47292038196019,10.692091580879536
22.712615886654792,23.344531920993855,24.01182444679049,23.51801927069597,24.010000154934875,23.487750156787424,20.30237578246312,16.355763696874806,14.470325693997284,14.091596460831678,14.573060862241864,14.813373608679935,17.680321481718412,19.217501441159637,17.954713309809755,18.60723581855977,20.512513194068763,16.08428402319044,13.362798833056578,13.866181908361822,15.759847114508803,15.55878306953402,14.771000057984905,16.122763899291982,13.50486645431924,12.302863438688764,13.959086163112682,14.323269587988705,16.12972573369594,15.660817477244594,14.961568876696266,13.97793660605168,12.950005577898263,11.204972607751861
22.510005837956392,23.340685473190426,24.168141054387178,24.260650651022107,24.119908590600527,23.81851602588263,22.90903745289317,19.988557289341358,16.31608063957065,15.350396079985291,16.01084066568691,19.857146405322208,20.28402420535209,19.80290160027168,18.32681815917283,18.663826701547876,20.152844733684166,18.125652021215263,14.656276425628588,14.979615759712644,16.439366370964986,16.676578908649304,13.75156644775396,15.668291424158195,12.515495351639565,12.957703920952437,13.603341428280997,14.57296805273468,15.339223600039071,15.286915834300316,15.705626777637262,13.986308529812906,12.392689292904109,11.648472264045235
22.853782521536182,23.619132956224217,24.373914413334585,24.779884197031198,24.846284361582903,24.434720496244022,23.533482709751716,22.448202798382873,20.29885440375399,19.40522295951849,21.54026306036681,20.822468934637616,20.355504219380258,19.773525496854294,17.65851015227198,18.879839587626577,19.9590889910619,20.001435448745983,15.821738639472692,17.231849151215037,17.463985359381994,15.943080370595073,14.569582183654072,14.032844194200015,12.845288610126184,13.339378243221738,14.278486392465423,14.538842459866677,15.68318893206859,17.04202524892999,14.876009270986149,13.41275801497595,12.349208463934954,12.505716821881666
23.7029159385373,24.266215967949133,24.72129928130392,25.273909593119335,25.408167745142503,25.539475399468706,23.58827416701035,22.633381560321062,22.096432726738765,21.251831680568735,21.701275923826334,20.31338356090618,19.812051209062375,18.767779805319478,17.54421433802753,18.832134618207803,19.782409832191572,21.450768112070666,16.80661403353728,16.73941600776351,17.993759111205726,17.538308257656922,14.717989350169049,13.873306122051138,14.146094874636171,13.872909155380139,13.484504101032343,15.70985133519372,15.426832299010806,16.605410285977015,15.01241311765558,11.264754026783855,13.3155093351923,12.67215028027773
25.124275298192753,25.083928866577857,25.172343932356647,25.255331212807828,25.56279700490435,25.199564369056677,23.836633748191318,22.35165469442347,22.14626696894454,22.031274325568194,22.45369960810273,20.241665774364677,20.11944376941187,18.134938921416058,17.51522406286276,18.218327364443585,19.849559648532654,21.24630125484523,17.610211883599277,14.803326359471589,14.901503021733546,14.10224641167054,14.043757844565118,14.109229113535564,12.599158166384603,12.240437729966835,12.858945999406517,16.314214494030743,16.721785061722123,15.319851866261935,14.96477505964733,11.757820526753319,13.38347726042006,11.816519200847367
24.398247824348505,24.58492703704514,25.253268521110144,25.471841181382906,25.405677227288937,24.892473868452484,23.85624918436412,22.72777535436331,22.331488549077335,22.332464271754674,22.854652927080682,18.994352566297174,19.650678819882394,17.571467797369934,15.642789647425042,18.67872061899748,18.93278745976563,19.680921450017944,20.321675243902405,17.156278860167163,14.188639208211434,12.382418095708832,13.098879066833703,12.60379034363702,13.143060693228469,11.766548294988736,12.970498508468784,16.887549874556893,16.55581843615416,15.293246366029228,14.34291999418391,11.69453564757057,12.504935321761169,11.17905527913339
24.767757787484005,23.60421608654148,24.763600591475193,25.07786706823522,24.727403731979166,24.94129163269458,24.09179176097645,23.076521617261008,22.657582327019348,22.44264467517821,23.439947955071354,18.46315804715826,19.041490436736236,17.667410595947604,16.900840342302732,19.028503865955503,20.000325011488687,19.041626847587295,18.98179440857656,17.244203525230756,14.382372856155138,12.630099907037232,13.596948405100715,12.257785296256047,12.446976907643416,11.443258015844695,13.665258552935178,13.349799335398925,15.08466808259198,14.570194751422001,14.224909183349641,13.117640537161574,12.133878756766485,11.062952461004128
24.217644340595687,23.940508782486454,24.335826748720528,24.60130055080394,24.699167677630523,24.60613206704381,23.303268187902578,22.746285296511346,22.27839777962804,22.271417617563962,23.904142585679395,18.863728687958073,18.134059062241633,16.767400676533388,16.270730919020032,19.289424707654142,19.706169524890804,18.347487770925422,19.355596158268895,18.369294390196988,14.293961328395552,13.100455292385867,13.507912380240585,12.187919920003205,12.158804610731439,10.736063444922495,12.842030991725322,13.68670273045783,14.01667648698144,13.76505471828619,13.03475783541226,12.626668758804954,11.979408640331975,10.908868998029847
23.790636445910163,23.75687472756924,24.188032166620186,24.403197481433306,24.907943366165856,24.074314696539627,23.029007618839387,22.399162403117728,21.673369780251193,22.482824873453506,23.43694303675176,18.302032006648787,18.923450372457097,18.242519018117218,16.489337546615943,18.167321386051366,19.67986802585617,18.29630082410862,19.62618225231235,19.516004775831167,12.976998238675057,12.008653964408404,15.657974763546086,12.636166282942883,12.068226704153219,11.29909305941768,11.461541882909437,12.39231437266933,12.733439092235047,11.898509970636615,12.100656747342779,11.922143346263608,11.339549147651981,10.479684888526805
24.371898351271835,24.00121748365612,24.624822616713807,24.481133156764205,24.12370993682212,23.967489090119233,22.825906820370534,22.556852889345052,21.820766229756302,22.099723443870523,22.55040302570662,18.93750262506567,17.59354352072268,17.295474554368514,17.181586081632798,17.593888300935983,19.209508489506955,19.271025337817886,19.06347085968933,17.420042661716444,14.308609396621517,12.737921640973896,13.723028865338705,12.729976287002824,11.945937480487212,11.346999293107679,11.043321472266255,12.18251718815293,10.998160909555395,11.326808899680172,11.462933000782625,10.993584735034975,10.32609250077607,10.350252018135249
24.17624760867011,24.431602849452133,24.464156794397,23.810635605543798,23.558869932427463,23.18483387791587,22.493115488775892,22.399561690126134,22.371389941389246,21.814683727340114,22.503476917741782,17.953701209043174,15.846753364805224,16.543103400795857,17.10004826587893,17.80409764326605,19.678231060022657,19.584126618239914,17.938026565163668,14.91737854417421,15.544436191603936,15.536118895998086,13.436528677815298,14.570962161981832,13.455224289556044,13.162358349687066,12.055436919458597,10.990545114081721,10.661830248286055,11.56583326765391,11.475831381742815,10.26747010512266,8.629516687864864,9.944516010308757
23.92613641730123,24.326760451212397,24.588581697163065,23.34305529460639,23.271059721514963,22.710276773708404,22.773387297195818,22.67602156515423,22.795908294563205,21.23112189942581,22.0212349206646,18.934863746516616,17.23226673202827,16.31382866353573,17.24275123942395,17.624935421175472,19.559190501770196,16.368523647017675,16.03538490661475,14.839732404069073,14.712265733223198,14.416932577623351,14.573074660703982,14.563673202418038,13.627311775216713,13.236723425050025,11.7652548911636,10.69395986206958,10.466290260343438,10.653766603811297,11.616349319420646,9.918457352934322,8.380327258304185,9.309512609166001
23.669968312871838,23.94395170477149,23.59027431011418,22.564532720972217,23.08859493527194,22.661970239222587,22.794449948773238,22.383024209920652,22.01357364916393,21.41891608705248,21.448755763787428,20.548944629558086,18.24944916568031,16.243724009495796,19.671683565454057,17.67003016998443,17.330767778304708,16.299604603189003,15.948721312052236,15.75072863564314,14.955903232940493,13.992277395156627,14.193342973054868,14.26887226774964,12.66223770772045,12.445810464842916,11.473230773472512,10.713558806512202,10.311805800548589,9.968557791627987,10.829882799605146,8.908897660833254,7.967441131498252,8.356547291834268
22.552303393143145,23.63044791046597,22.535752763620035,22.51162402588482,22.955280329629307,22.487013739144114,22.61112489505873,22.068857916924472,21.766112071762862,21.424010389966877,21.07858971989686,22.09711211614823,19.800785386473137,17.064940841944157,16.89589415938332,18.239027268718186,16.28891542633748,16.124232618328403,13.6841396583175,14.68413735489826,14.593472977310201,15.01411116602338,15.632437262672592,14.847492531289841,14.635574230607704,12.822641309610836,11.507578424021373,10.777292874336155,10.665409129046244,9.401513019761913,11.905625111911169,10.691153986107308,6.7978419709862,7.552438602221755
23.23445295945152,22.999121503292482,22.112863585674898,22.673666849403666,22.831482019014643,22.215402229052835,22.367647125521614,22.352313455693423,21.526093031917647,21.523405207491475,21.29846712783491,22.119597074743012,18.8205093038431,19.18873679077199,18.74255332871893,16.62953702104957,16.3276361047029,15.857186166462819,13.81484060160698,13.668524869869705,13.700399581466105,15.862849893611978,15.287195658395191,14.583639656480976,12.583601329943484,12.27203053358781,11.702345412213502,10.62091690038092,10.345131584567769,8.634924018078992,11.650669900146895,10.636895547136612,5.910960938392928,6.826939386261411
23.38416887178858,22.50833600657766,22.56864270125512,22.505169809565277,22.284410825913977,22.07487373421122,22.123252176551418,22.554761542710214,22.070657007258298,21.69353804558478,20.738914082650133,21.200450395893352,19.269864609710957,20.20141865062932,17.817870526890573,17.60407441631818,15.495186363032676,15.223164893732585,13.707532039173412,13.034313544938115,14.431594692412588,15.482142278591363,15.821352336220254,15.696405236911483,13.729366013549567,12.210879033544087,11.604086984281148,11.54658372048917,10.66568265827069,13.142664501994922,10.48295398429282,9.238232075537764,6.515430269840522,6.274098701309798
22.895057720104997,22.21687808967991,22.51640208669755,22.575972533851584,21.932413823462106,22.15347825164449,21.889222621974127,22.69639798166191,22.377923699949893,21.38310148220673,20.60864329316615,20.94952368899406,19.845059955278742,18.750238753217612,18.516672729576836,17.132468916688737,14.891256149937815,14.283356840958348,13.264287941918427,12.78458518776849,13.124763554531274,15.371849742353318,14.960137641142836,15.86345882428597,13.652487393638376,12.643369858171315,12.81996401970697,11.715046650585624,12.839327395684764,11.401753847483516,10.498592094786177,9.785126132428799,6.4852238997731675,4.839411586689386
22.62862759312101,21.844594692568624,22.294318497293418,22.53967444645014,21.72309522826641,22.48372461876055,22.85742532827257,22.51520453582299,22.200045049241595,21.37537427701137,20.531926404863437,20.04264148110957,18.728522031542045,17.432834887128774,17.791025548774243,16.93942946462612,14.55916196202191,13.88636765207515,11.985474313305408,13.93698640385471,12.31394127189157,14.474678512236398,14.2610594095318,15.741575163893023,13.665197231609781,13.432206192466797,13.22881215987384,12.070675830382951,11.093607563305914,11.694768401035219,10.27158524735842,8.154459684968346,7.8160076815949715,4.087443107584433
22.313325602609876,21.917633846015466,22.28904991194823,22.536616833844274,21.724474399976504,23.491615859966103,23.233397982923563,22.226072770304203,23.16275879296636,22.241787170974945,20.6476503571563,20.44984944701822,17.286521128357094,16.849245839474236,17.34136466511429,16.410535868934932,15.049649614348613,14.483724311135846,13.190575194779852,12.54007469892899,13.133437951919817,14.18911570318288,13.61063011014124,15.08264348345092,14.48390826065014,14.479012227187479,15.83212547011436,12.621554314030517,12.498258100549634,10.986584992385778,9.090524975139955,8.312939664078446,7.155905683840952,3.052685983541722
22.02737375075127,21.873421733306195,22.126528755057958,21.98199544378249,21.719265942336673,23.593303359741164,23.33569893629276,22.980358691997438,23.191141813494546,20.653563909136878,20.295155661470755,19.336098275789006,17.05607800258266,16.47312057536112,16.045685512317636,15.249535685894443,15.025014410752789,13.470553512397034,12.786940010720983,11.208204736629304,12.935305671014847,13.463416134914914,12.847709830454827,13.87978736279139,14.416155144667375,16.460050230635918,14.850467948063896,12.24040251579433,11.573756497190484,11.185765004126626,9.01723177078517,7.3529781305380695,4.636758337564013,3.461849217921519
21.48633543572898,22.048040428476252,21.79865762921774,21.73597980513548,22.35136059553078,23.854818119187023,21.982782377305675,21.73603115766353,22.079663973242514,19.898743539078176,18.955899077419375,18.01409142394872,17.51042451702858,18.356586511160778,14.307721242897037,15.04665179043886,14.5644085782026,13.30657215520105,11.862259032390199,9.3219344830415,12.296601642690215,12.987884671911841,12.466461277223216,12.275796507361976,12.83450717603541,14.146549635340204,13.286330560472353,12.337532951769322,10.57769825159446,10.18227151483167,8.266279372205402,5.867009869896876,2.955347713179491,2.5911757385129395
21.028078202876422,21.68690664725935,21.744890125682456,21.26797646428343,22.654122909562407,22.00795617062735,19.848400477883636,19.650769988548507,20.449880540227994,19.505131898872712,18.687529464592533,16.89189606528243,18.10774357570376,17.04464729135457,16.155122587024916,16.23522167049607,14.885446655272423,11.922980261552246,7.570257117187953,9.783270950218014,11.302652339846643,10.836399266525406,10.974190516835414,10.954067863109056,10.236880075203473,11.893951698962042,11.905522206719615,11.519190252991066,10.722090526870836,9.811713865421893,7.26028530686622,5.409652022818202,3.4496973423971777,1.9156482098186847
20.651192516738526,21.360796127728275,21.280076275751224,20.827107136878798,22.00792545286152,22.256604278602016,19.304860845724463,20.002801413193172,20.093696835624684,20.87101162806654,17.954240856540242,17.63468829339207,18.043104619179317,16.519302132618208,15.56645025246204,15.769053453277815,13.285401527639443,9.470874372357889,9.383014679651405,10.793353641405098,9.01466118422144,9.372411280856358,10.912777425435248,9.797165634853151,9.639970202383592,11.149672701108319,10.875779129835902,11.741707612714144,10.46925034108932,9.41772490359529,6.268759027595825,4.1971406972020056,3.0849175916999916,5.39831775497688
20.314262641936416,20.974271585536748,20.804702087774682,19.86512888532746,19.501107601965256,22.344400509967183,19.712683721119845,19.304825258660852,19.50795367207454,20.062364351741966,17.16372762255594,17.485240557690183,17.45669244377535,16.066114730539876,14.550106710296857,15.833478627933577,12.889512531337587,5.838965957758073,9.997977422633577,10.12344994167812,8.917125650152911,9.762818762729607,10.154170494820741,7.397221266434758,8.006700299692653,10.161706569358147,9.235256713799853,11.333600916520965,10.38276866594579,8.70735336419672,6.488473431183349,5.0554481430775144,4.575107967158368,5.173781515959688
