script/wind10m.json
{"header": {"parameterCategory": 2, "parameterNumber": 3, "lo1": 3.000054539987559, "la1": 64.9999836372058, "dx": 0.5, "dy": 0.25, "nx": 34, "ny": 52, "refTime": "2025-02-09T08:00:00.000Z"}, "data":
[rows 0 to 23 of 52, columns 0 to 33 of 34]
7.202903812410246,6.613220641889678,4.909058388391321,4.719569182687611,3.761959432670283,3.532506137054039,3.2548232731215467,3.172686608488363,2.964350115032527,2.35051484918282,1.7935571510605492,3.0418258091734796,5.702120793680483,6.852121007021888,7.2782325833469805,7.502485748368228,6.976528208144284,8.336268636994934,3.511218114894146,7.132427479618144,0.014218394302762304,1.0933260750007692,-1.153965133110853,2.1639144240498704,0.5891887658474076,1.8415128615691558,1.2748953433243382,1.9538415304281693,2.443558976239431,1.5516133185071916,1.6384447880500752,1.160448891483593,1.527378637304298,1.6207605100357119
5.8935434145516865,3.9066614848935033,4.683893059565378,3.975898346794686,3.95590138653175,3.658501722986437,3.105563458685429,3.6651038150642794,2.5179377382845662,2.3916323385213984,2.726099389963637,2.8903821434920514,4.61368859852852,5.941312992688816,8.202743950474401,10.407033516565928,10.887742771215459,4.966381528520368,5.181847771070177,5.141107387163704,0.8514617581893209,0.6361434774635157,0.8874574946285634,-0.30079538238572906,0.21243159928984365,-0.054682681123965356,1.0786481434304247,0.8258889683994585,2.410763175332979,2.0648198918495893,1.601580486843454,1.2295578343027513,1.6481797368266409,1.6457681177737944
5.983240686472939,6.101153101489662,4.711307807231816,3.906843718971038,3.818671025406832,3.5515151356215844,3.214797063636827,3.052183574291007,2.560425536589703,2.8673769243634455,2.2414724491672575,4.459193106506253,6.737094853638992,8.36134751093704,9.383568202142227,10.795273595091242,4.113426450475563,3.3711459619657753,-0.5256090578124973,1.5729875773329711,1.3825582541034396,1.470386607224234,0.317054106470059,0.3467765087604186,0.691794177545837,1.0225790273809772,0.7631232192918477,1.7583012305753816,1.7040376662022418,1.7091090172399657,2.0256358818789697,1.9066759963379738,1.454487198098106,1.8987989301585746
5.745243204894043,5.166064906388207,4.179104334407588,4.176221883583431,3.6390278320518776,2.928509200617069,3.2085233294271607,1.2743294694552072,3.7457711894260695,3.5107387965504477,4.742823041460899,3.651962523639982,8.064590010198781,9.303574917358015,9.736922096440951,5.994201646230395,0.983241408251349,3.248066812731176,3.755691107565806,0.009613772582221528,3.3238505925670307,1.88302706505306,-2.2052781175466056,0.14793882609742523,0.2129303891928767,-0.28837837754499945,0.37414158969650135,1.6984360594958614,1.388346487095788,1.226929315247212,1.399329827362087,1.507921213870397,1.5232543140070371,1.1765848970006008
5.074186519604136,4.940199361659715,4.405593633102679,4.31306501264342,3.526409164140356,3.3731273730607025,3.708906362688729,4.616914690095992,4.120395745960391,3.693604130044603,8.311031802393002,10.371729476527987,9.176799138671969,8.295763563802046,4.039666095009193,3.897375808736418,2.683189413447871,2.8677614389613244,0.40873173811436914,1.477091410455868,2.5640413815217835,-1.1201694267618958,-0.39519837354174575,0.3870010996729874,0.8934285944622372,1.292684504267306,1.2007589879108211,1.103978805912354,1.3554601532064203,1.1453490382476619,0.7667651938845442,1.331464816290834,1.0239157582702683,1.142597529870277
5.179206510007986,4.718993662599658,4.774919279629124,4.069509831335535,3.4893645366665247,3.9929205490282484,5.184348629526203,5.104444633827931,5.28089797218708,6.737988027098284,8.22395778666991,8.793384907223135,7.590114790105219,7.268103069636916,2.234546457413458,2.1981500202827116,2.909026702521098,3.133534761146613,1.829305979199576,-0.022682791557866698,-0.621355028479906,-0.5863063016854035,0.7118504060216034,1.291677171363451,0.7851752924230898,1.04272922642164,1.010026865781723,1.1220665503539613,0.36710378280502926,0.8635845929655245,1.230692355962237,0.9404851899513461,0.96229249095873,0.6150213995782341
5.057797750583332,4.191606682300982,3.986134940345203,4.141372482571779,4.348401763355829,5.091368268850812,5.182864937319942,7.045932715051879,10.373003796603477,8.060743426272929,7.444045462133126,5.450792623522543,4.63192953593815,2.1289475528363946,3.0303368447197236,4.3436120133344795,-0.15572641347951433,2.856740609915645,2.597610951514672,0.3833880912721056,1.5050018280117963,-0.048352021053965,-1.1108289169251795,0.8998391464861615,0.9427746278995746,1.097789629968245,1.5480716239082666,0.4997007137872741,1.188049960455669,1.5030164941670265,0.9169195162771607,0.941483752264125,0.5460624420518526,1.7294990337949876
4.372086108750091,3.5464141942719527,2.8255031382423614,2.029972161326127,5.4962776783546134,8.076901129847608,9.223343904007857,11.389561019970666,10.08791736205608,8.520346457596164,7.486832679023926,1.5681961897134353,2.4109919395403083,-0.027331668645184656,1.2994229317066823,2.4490718533680433,-1.0171148745791097,2.968609337412923,1.9401968376088348,1.423212996943918,-1.0842744045176187,0.2803273526479683,-0.5448579657721577,-0.11707627537119457,0.505811845952743,-0.2083591208533472,0.23577912576049678,1.3398544333352436,0.9651499206291665,0.35124408159684684,1.4188221184086283,1.2237679501849523,0.9287395604449148,2.747816182647119
4.078668222746792,2.988360132241466,5.877862360201147,5.6552511267241306,8.787150658391676,11.164451691897426,9.821263822780356,10.051766697527086,8.108719007227348,3.3702953501369652,2.4983616099181476,-1.4473975012445377,2.5296917328315156,1.726343923677605,3.687153645511827,-1.3163751326775333,2.937427054290297,0.09683160847130831,1.117994148435785,-1.6292500499303153,0.9413945532786121,-2.16694391191508,-1.5424716954052762,0.3190277024682262,1.3780401935654634,0.8394156143751077,1.0113751410884975,0.507229841716715,1.1737629634241304,-0.11577289262596241,0.7086026377979675,1.151555575686487,2.3494438355457,3.2173914180962027
4.163152178167323,4.5840392081089885,5.602058117696524,10.94609810990927,13.397608661038108,12.449033458394206,11.048327885808254,6.479170128991706,3.0715431369131148,0.17242059589207331,0.8740006989879253,2.399108458045916,0.4898640897145257,4.870651146982483,2.652168546930256,4.248011881751579,0.9485970971399191,-0.8929699025652116,-0.014100214291148775,-3.0931350984715658,-1.4161545365218178,0.22957282652068248,-0.45997916022909674,2.0932100310388027,-0.10774285051347676,-0.41683609367185886,1.3393873948029702,-0.016143768743034366,0.11840850627200493,-0.882154703328168,1.7888602396573539,2.577036383136552,2.579839624793128,3.2409319065067645
4.934497931378704,7.715429257916236,10.241142301665562,11.901484468528984,13.293414261268222,10.670273215388296,5.896486604147183,-0.34276980053934764,3.835609621598649,2.911506451277288,4.598302130811101,2.1710737785701624,0.9319574362474381,-0.9645587308138959,0.6044318360631251,-1.0438307589254279,-0.21085347800188123,0.47287005863301196,-5.585127525878077,-0.2444871693385304,-0.9224221360723769,-0.9899249010899988,-0.8358859439129778,-1.090148081324326,0.07153783884713028,-0.7491476349139631,-0.23065594254487423,-0.5406602128049682,-0.534480786252471,-0.5422543222021656,1.6072433155490502,1.7163733638287302,2.555796280476643,3.3298927416781217
6.996037153180239,6.426179549104624,10.000212526874643,13.32638827844615,12.195219367731555,3.607385494626872,5.194392824956995,0.7779903269160181,2.8178279611478825,3.5034694780129225,-0.9316261837469374,-1.929567904515819,1.1387909073849083,1.2068428088684053,-2.819959315422114,-0.07547651905914061,0.12834049020947094,-4.529890641144724,-0.3962440217475487,-1.8344357410855636,0.9029223134769261,-2.781056232067142,0.03792628393925501,0.5422077232466522,1.3361229026259984,-0.7296748356211362,0.18072506480633027,0.28238748848318684,0.7623044637465171,1.1959999207808603,1.6065423997261674,1.669612886313595,1.911662697700593,3.760340690115267
8.63979289001295,7.933872308936186,9.477639462510018,12.507068558982562,6.371985101233607,3.7670419233131986,1.5155063976261576,-1.6968949563654243,2.963286676434353,2.9792601893619715,-3.5832452304868876,-0.3119629809044203,-1.535368655646471,1.2333961914359834,-1.55487404480583,2.428638693826478,0.14682384401931983,-0.26934235352237995,-1.4629707119826185,-0.49644005794080126,-0.8203538389512155,-0.1973279664182085,-1.323725395848222,-0.32066094978500304,-0.01564841564017266,-0.9133688888745973,0.4066607215429233,0.36021286939220293,0.07223382229677101,2.0505530139102324,1.0456812509489424,1.3894043043707764,1.9930786691477504,3.202857669100068
7.402104850031051,8.040086705155357,9.29966930017604,11.51368842995582,4.719925605676801,4.790057496105663,3.657678194160254,-1.0077661169130785,2.8186064380585596,2.4616971498540816,1.2402781393855242,2.4146910791024183,-0.8403324134936173,-0.16534946479507265,-2.7772833062208306,0.560641731256546,-0.5361880506590966,0.16501384340135947,-3.6399717495520454,0.054591511836563245,-0.03386184972979209,1.446610385247602,-0.21429881679018653,0.7418213572576159,0.22918492081701913,1.3092687592771222,0.7122468749659473,1.3207818374319256,0.014744325478678679,1.4200650704815103,1.0075498687605264,1.6217610978276904,1.9733975370440924,2.6056797176069284
7.823990099588835,9.006032956403299,9.900584458440497,10.108494424143649,1.861230130789867,0.019992680614444088,-0.033806025866713524,2.2769396693885096,-1.459046996511251,-0.9563747986176874,-2.9087942221952834,-5.153225336142683,-4.097125257318412,0.9312753760555006,-1.4196247913601157,-2.4001610021537867,-0.3173980352442492,0.24716406125396861,0.25747015715849414,-0.7476208470509013,-0.2796100155929959,-0.19211548963034492,-1.6262812922282557,0.5991602927319474,0.5872780894027396,-0.9515028049620626,-1.1616372547886937,1.1394160832475198,0.4042258200792171,0.7349547727676391,1.0587596029480808,1.4885935553629897,1.6327338725561464,2.1265219276133958
8.36022485657218,8.984963452796089,9.347626437058103,9.616977160075479,1.1588897632877058,-1.0893737332960771,-1.5343679500093133,0.9070730109061744,-1.0662188328128255,-1.254009853382793,0.5992988837113296,-0.8273152000054748,-3.627754949379311,-3.415801640960831,-0.3597417936779677,-2.1373414642789057,-2.5096927433844516,-0.6292619792247014,-0.8941789645756696,-0.3088521358729805,0.33682592245025583,-1.323189193830709,-0.2231961986683792,-0.2228297848098366,0.6176260450093235,-0.665182062099623,1.0224236766384713,-0.46580303595432543,0.6337961479722275,1.6371453781081844,1.3178341330389975,1.3054973361301214,1.2827083623834958,1.9899443663931098
7.8211148533248815,8.400251166132133,8.07860013223861,7.440482153240208,1.4520112937847234,1.076134227205778,-0.7943413554370993,-0.22564715493476617,-1.167032255741562,0.7301670248993113,-1.3648351145996613,-7.764655762094922,0.9538063801587444,-1.0325570805115571,0.5484107881082486,0.5202281700505521,-1.3675305431157136,-0.34478451704741486,-0.6749291933650358,-0.3577854192947309,-0.8235646208380069,-0.9054032714595597,-0.4606055008171366,-0.5857472465526596,-0.024638956517804133,0.9302435775357306,-0.07561170494178346,-0.20471292579921627,0.6681239544505255,1.6847114211233074,1.6237150463659102,1.2086736346537368,0.9316258340430604,1.4951273314193612
7.367531800266643,7.385664883045201,7.092029310162831,5.600267957305427,0.479416525222436,-0.02327208503347554,0.8031993274865049,0.538467201287454,-3.488520868780732,-3.465470872648874,-0.5903034433165864,-5.765274027310435,-1.3574091575605318,-0.2449001475203676,1.5731281698351096,-0.21530165390700137,-0.6619034047833938,0.45508876813986643,-0.47773034203259646,-1.0993936465022123,-1.466579130389514,-0.39778163502895664,-0.16389986579420143,-0.39874039140294115,0.005782033842790585,-1.159455525602188,0.09325883567981731,-0.10262875913752761,0.5459217102816885,1.5807340173757587,1.5918029828668785,0.3421263524065763,0.8381414763470213,0.5922960757499719
6.518267073741718,6.84812025307003,6.456596509513926,5.273900592566475,0.2366852389242287,0.7306921538954496,-1.8402863131635803,1.205492882512065,-1.0472845333438052,-9.144779811009506,1.7411401233970456,-1.518406506541424,0.9568613024012662,0.3958026674489345,-1.3338142577819834,-0.6711593750923025,-1.7026654013844167,-1.582676871263946,-0.8481862038208294,-0.5362650363544369,-1.0785119676282233,-1.4332975109119508,-0.17862757823718345,-1.281988553301689,0.4009469914225818,-0.951393988880386,-0.8178768456927429,0.5266882322746144,0.42841392867349354,0.5300458109227035,0.37127687541980137,1.1263060031619332,0.5884197799449022,1.3543444005814196
6.355803853736016,5.9402517809452435,5.446456671742062,3.6634729243158333,-0.32747192251852564,-0.10960348953618419,-1.639192895878903,-1.9524383603783115,-0.6529179847328238,-0.3254446118522373,1.5359136663644366,-3.4584879368430608,-2.481809525807203,-4.892972115607442,-0.3690360829209643,-0.2187137525741964,-0.6311536770791447,-0.8134696255798686,0.1081023276561359,0.3895612828969058,-1.672773221337442,-1.5031926374850353,-1.7608242941954495,0.4148495583855533,0.13876004469164063,-0.7691897674486482,-0.39522640146812027,-0.22601226059989188,0.11639742093026068,0.10464102884570675,-0.04859658192717204,0.04849087796670089,0.05960425323066998,0.2748673720191254
5.770571797301014,5.637918930124191,5.006386388159608,3.1380412661966557,0.5557875442747964,-0.2493109776177063,-0.3304851287138271,-0.7213615879248629,-3.616683610028814,1.1136181545446782,-0.59459060168628,-3.2044394090685606,0.5922846746674988,0.08598884058841713,-0.1557609931271236,0.315082663020913,-1.0983710698944862,-0.8602124353419046,-1.5026071590468382,-1.5765740984211774,-1.4104624184228418,-1.247196736199861,-1.580643364249278,-1.1088284780678501,-1.5301678249066641,-0.6462865400470335,-0.29910911955893094,-0.48428398286335095,-0.800415065849073,-0.15966518299476845,0.5728641258565472,-0.5859835926881013,-1.6702670889679418,3.5500209178445457
5.745872119558654,5.647741856979219,4.674581216247529,3.0345082906175187,0.8448175893758848,-3.1364593716853912,-1.133871640541611,-3.418859353994243,-5.20331117841983,-1.3907604201295931,-3.778555483139839,-2.995378131320064,-1.0125087286525503,-1.1609440091415482,0.38294706992585437,-1.6050025776785526,-1.5766001459462222,-1.4794580238254393,-1.61475457775708,-1.4087017771986698,-1.817202756293694,-1.2253115430784722,-1.5954373951884566,-1.474505904652094,-0.37541360982943084,-0.5010758809604835,-0.7154482903065555,-0.6758819203094459,-0.6971652265545892,-0.5823680717440204,-0.6395232707255921,-0.7431150366395223,-0.2247983897535705,3.4641240575323673
5.78831381539874,5.000638989156638,4.1287715199995105,2.3816677444700503,-0.25580772071515057,0.7856719149056773,0.7463501962087947,-3.400589803338542,-3.3103889894266487,-4.048592495835173,0.4666066127557148,-2.123508405104406,-3.2574091300954833,0.3940126331537183,-2.243255274927159,-1.795864012376829,-1.1849016623131996,-1.08177253515934,-1.1019986844605856,-1.3206864286599278,-1.370143692003879,-1.0582523346049229,-1.4745982775901147,-0.44498440638104,-0.7228877512865098,-1.177300718485011,-0.909683253097221,-0.7077163730747531,-0.49438405325941476,-0.8003843267856189,-0.318425980498767,-0.5070542321067487,3.0319410436404963,3.3209745930788426
4.8575710134928185,4.693844153937155,3.641844986708146,1.7702879004828929,0.31112380492915276,-0.35920021045765677,-1.3332064203983367,-0.5004663398735829,-4.003970226686901,-1.8124023194309964,-1.067469229075552,0.2714373503822901,-0.07618342660820888,-1.6248964826630148,-1.8921168435580737,-5.679339301339407,-1.9823822506921294,-1.1042202243347516,-0.6801216093367325,-1.1982911189379015,-1.072722676001175,-2.2131341998919094,-1.6437157006736953,-0.858848514761245,-1.9535218913332133,-0.7831912393397888,-0.7165013820105842,-0.2581873523203553,-0.48533926011431455,-0.4028233736803115,-0.5372160587282567,-0.6641461763990955,1.5169159033597048,2.8551235691708956
