script/wind100m.json
{"header": {"parameterCategory": 2, "parameterNumber": 2, "lo1": 6.000198445256149, "la1": 58.999992894266676, "dx": 0.5, "dy": 0.25, "nx": 22, "ny": 24, "refTime": "2024-02-05T14:00:00.000Z"}, "data":
[rows 0 to 23 of 24, columns 0 to 21 of 22]
2.7871051662089776,5.8860162790458235,2.180144527279643,20.068971231157423,21.33286581131991,5.447777410308554,-2.5550827904537043,3.06986495861,14.561906147019636,6.890045286199107,5.188082728594726,13.885885251626032,5.344690782593694,13.31847207747656,5.492320966596148,6.769509002585333,6.576464610087109,12.786365795791701,14.702272510909367,9.509205553447488,10.146130746650474,16.997187341749065
1.9568489398894022,4.881738147201948,6.490937473022706,17.853537649663878,17.427032528229297,17.78517198274987,20.93571339585149,17.889796241106126,16.435195164927453,-1.848495305976316,14.787214032456367,-1.6530339318892746,2.9830212590909526,17.38736884210353,3.886197086293614,20.268324294984193,18.226675964298334,4.884364418677647,3.745568037034894,6.809496799003214,-2.4696395041976293,3.619030128921183
5.060150986484642,4.300399706290815,20.010837021443074,16.064712357666988,14.20871742195296,2.0865728822093326,14.79366920627579,5.033382280627146,9.938451858860901,16.060804612757014,7.668928577719426,4.809710584600906,8.660286176845435,6.530544601020445,3.5704420072946568,6.014709004389137,12.208183108834206,4.577138840222871,7.754153718317598,8.856560181319267,4.063020317771332,13.189538270435758
5.205825118014939,3.5893629749193785,3.0335125614826355,7.50972084707006,4.180351580916518,-0.9849329692516192,3.3002575986849485,0.9591936607768746,8.598406611482648,-1.4145953499157713,-3.0852181235138603,15.533304916384235,20.8840210750804,-1.1877658182780737,15.92187783580051,6.12969948944522,16.918779535490927,4.465570128363743,6.1464582082074095,14.140772572029016,11.486468589392786,-1.734681761033761
3.397117227809197,1.631101485021974,7.162162542219039,3.522893699307776,-3.238902451426326,2.7996550775890703,9.821583973363925,6.889140862049275,17.690106474223004,10.18287836916357,16.640174926736503,8.742681409090958,-3.8253392078620627,1.9912957748353246,12.963622028857129,20.48772163517178,14.391466560756994,4.43706427614292,10.302537139008203,3.457830941186288,17.215896199372114,16.697310361385785
4.58126369063686,16.948904710583165,19.261430990900227,-0.5729185587852066,2.7790404727556144,19.105362779371347,3.8388048878057415,3.9410325981000076,5.929955462516473,6.2242105416377,4.7375268912032835,5.715085958205099,5.5249335561067205,14.908843893548639,12.514191081987224,-3.302032223460785,3.006900846349975,10.766126022804762,1.6545881495151853,8.058995980392321,16.50183779320864,2.801679204516332
3.716088465594512,5.479634498523753,9.387619859414665,-3.8108153036361547,16.367499771438858,3.0239332729841646,0.6562652408026736,18.881069472801688,16.42130286074851,9.295596582886224,1.5306973857594057,13.72734996308348,14.888786131467867,16.08983253772042,8.058776988253333,10.344564735151891,5.6134834267305935,16.7071430123937,1.485042523516958,10.455802927126992,-0.7076420378649366,18.91500774517272
3.848448332813619,3.336818799043234,2.7377604191633944,1.284515234252214,14.840688710085054,5.4536265179037215,21.0202197392186,8.964636550552207,8.518813962270205,7.291255912158157,9.638580042000655,18.21557509181229,15.400660293230827,13.15960970967493,7.214208668958057,5.542907962866227,5.019264620150424,15.561654384622077,20.53274054652806,3.6370864104146796,20.34047001393636,7.45148938119043
5.374214849270062,4.215236433578106,8.773640759724387,19.99381798214237,3.051786306968801,14.753490054099373,6.428083993848269,6.775199432375306,17.345042172634134,1.8387651670413774,1.3226043969717431,6.252510906090469,4.728675170113584,2.753668909598126,9.598435561487339,6.530066455352574,6.156478197125915,15.13416223262431,12.665021767543802,7.111373456624386,14.179127589841064,17.855016452966424
3.8044092289918017,21.032390591133108,19.885908042147467,7.561113933142842,4.422153482653255,14.062947183141036,6.174987189510081,16.370389825864827,3.806705477263477,19.970316089894904,16.399802611980274,4.535347545986887,4.6131262796853205,5.722355349699956,15.24410843521844,20.76754420455939,5.75804066399973,6.252222068656184,14.673158544882824,11.036375510645367,5.367573291259954,15.186086965334784
1.1200467865181039,6.156041447160707,1.958086299342317,12.62870942273114,5.950256435301376,4.289551288752926,21.188645276502744,5.261647285086134,17.96558973286324,-2.2799141306722097,7.12166292323965,12.739768452374706,2.3088952942038334,-0.9259613673998031,5.047006376791486,2.165278710504987,21.761451276636876,2.024267973349338,4.335829425438404,7.428942279256656,10.815173085473733,8.053184535506091
3.595580497893548,5.5859924367826395,16.925669347835427,18.96560127165796,21.11332440111909,9.075385417143835,15.244007369252923,16.873442455403723,4.1026452426467,8.806549742298635,5.971226524322819,6.733109110322961,15.17180008660439,3.3736821086138296,5.587578158900224,7.107961316515884,10.150775960257,4.945679752833945,0.47169763907604667,6.002634599266194,4.058497294862404,20.09166976531342
2.480479934514035,19.608696618582936,19.16789781958558,15.653917402421055,19.89411333707177,12.778649170359477,7.317375927146823,14.455124883788844,11.511480069399761,4.895097082374696,16.863487385737113,4.495282948313488,18.54209281897854,15.310557952497444,4.946963407943053,14.01832387728691,13.81840750709092,13.02637996446637,8.311058046474718,8.966057453104765,19.55587620008328,8.042221113481258
3.5521770899421368,9.037281912895452,13.421965065095227,13.629289291255118,14.420264895769693,18.95443000438688,21.125987140255663,10.018499192492815,4.7838271811931135,12.192410989908954,6.972367159384136,14.253667543777189,-2.269560649941468,15.386485383723626,5.934030804506844,17.9987953563788,12.229282404292427,10.404970218457594,14.84437491178978,8.482249989268924,21.191488560474028,18.32045300080774
4.689098095690801,7.0565985898221975,19.624929920534942,4.997144318644785,6.528409868729527,3.888530710933043,14.654636376855283,15.721196322157564,20.531145977801863,6.184680300964214,5.83783202374861,13.347056981458703,4.688655629103993,15.752357004682576,5.529522734386637,6.611535550601294,9.694071627321826,2.462449904524069,4.342295511255597,6.783975088104697,4.264635826315214,20.26408962633064
4.316334843389616,20.659871836859963,18.31937120268509,5.854666356264583,6.602975331969996,-2.1356737752517,6.730825660368855,5.841227255881744,4.809601666786073,14.645969243949631,20.080487284370882,0.2110052323361657,13.369828266664644,12.365286505517261,4.86760017489633,19.4679500653499,14.907288431440488,6.250461082926962,20.99092921023899,7.707598844087326,17.425950936867935,14.650573628908763
4.87304618323928,17.79339499632768,19.90160734722836,7.178204668990591,6.068238917835558,13.357119578578754,16.789970851614722,17.057516815306517,20.81398834566821,1.6931221867407413,5.472900313541448,4.603078447951642,19.99588002251906,19.529289763436978,1.3481748979658417,7.612701632734765,1.1733120329457027,4.722755200122556,20.17483429938383,9.793719739476513,3.893785028591208,20.500295501603265
2.5728502085352254,16.46361980568805,16.295867457510074,20.156791905442713,18.40708592051987,5.0459239986209745,14.95114028638792,3.953094032201695,6.131241859755402,3.342001535706724,15.18231858559632,14.423932023504875,8.005469491867274,10.389505976044017,0.9780071146646607,5.76840862059277,12.249182601435269,7.2362848250055345,16.517644474808122,4.946354473178823,15.728397465281718,11.987203724239967
-0.6426976459705412,19.795870935886757,0.4180461064395336,16.900107227442188,2.8795095838392526,-1.3374256118395675,4.392194705560429,21.390122266545667,13.725316282580371,16.745354689216533,9.883931093180612,17.68733709373298,5.868079012798112,4.011207721403504,14.444293827694834,13.51854824959842,5.416803168454325,17.391171279962496,7.234020977525716,20.056032052553114,16.638809881041865,0.9747634503885876
5.596828376349525,3.2852620941802844,5.429843128564089,20.995439138276527,6.152283872938422,7.022391961914332,14.271998263647951,14.38066117019937,4.023566112123144,-1.2222149044838453,-2.2030615851945528,6.9389126605395015,5.602405019818642,2.9092817784774687,14.804722497863,9.82576878095354,5.117804922022156,4.7300264167953845,20.794994936127914,13.967813023389596,-1.0075393159101185,9.618387445428874
3.015092324888128,8.184767005315392,5.134931576019877,14.698857430627976,5.8494814841760805,7.728067909256833,15.652989291249924,4.8459569139240095,18.083489070878187,6.363102901002211,13.876551625477164,7.199895229324274,16.034773732688787,15.386646676195355,20.127567017022844,12.16128372888518,7.121133202197844,4.247691371786724,19.4788404246275,5.449569539853763,20.200351224956574,-2.270037805292823
4.40416989407626,19.590297903029285,3.761428389820554,7.417773346806072,16.711246884254393,5.867535107171847,10.243239533903113,21.87498754520534,3.233791050027951,6.664639254176758,12.039399452532756,8.458116446778558,14.544320911500053,16.43667337356579,13.955276535599847,18.104202269885203,4.646994954509743,6.453743534652545,15.226657675427477,7.138289374474548,14.58257545739863,20.23965437122179
3.483007122344268,6.356356419132344,8.069280945405762,0.3305968662879866,7.595212652241673,7.175593865664849,10.788556088932324,4.366527264259738,16.36122947926296,7.166734155890976,8.777009474144245,9.34817297636499,8.506644394410444,16.45065247698536,10.994289331384833,18.764447435431975,20.44324390819937,1.5220697721877143,6.076443484355946,16.114839203464978,6.345588345784872,5.49161180382243
-0.44581240752076184,0.15872189163001887,4.915827721713104,8.124266538276418,4.82458769357338,8.930527753465793,3.973429191193037,11.91246831814356,4.753073726022712,0.1417652874576705,2.733951245539519,5.183137712673469,6.017273591491651,9.497803610826491,17.710403569994575,10.742653698642544,20.68888564073191,7.768447317530218,20.824321106008558,-1.956183277751364,14.587275067643247,17.418719875752494
