script/wind10m.json
{"header": {"parameterCategory": 2, "parameterNumber": 2, "lo1": 3.000054539987559, "la1": 64.9999836372058, "dx": 0.5, "dy": 0.25, "nx": 34, "ny": 52, "refTime": "2026-01-18T18:00:00.000Z"}, "data":
[rows 0 to 23 of 52, columns 0 to 33 of 34]
-6.8566269425643585,-6.533618050542454,-6.822354727589521,-7.097884038080258,-7.207445888165749,-7.225813443593162,-7.364336648376291,-7.271685878735157,-7.073703406071342,-7.140302881032184,-7.083379510190858,-7.189838703401026,-7.061253470175413,-6.9858721988940315,-6.789483449149252,-5.143035394017409,-2.2530294473519286,-2.040900756134183,-2.542587361522847,-6.425689059321691,-3.400693050776693,1.028927290244995,-3.2084999076705336,-4.516288305914995,0.5944988990598171,-0.07468025568732894,0.02954632923212699,-0.7420268770329266,1.2093454200561349,-0.7800694253141807,0.8262502626271571,-0.1626136976999197,-0.2298356098984232,1.2405860123612897
-7.167418128178077,-7.014029161325503,-6.832945430197868,-7.22149684743134,-7.161056331635556,-7.206715559294041,-7.316265930670492,-7.278549982941292,-6.944248894318309,-6.490974424040249,-6.233648698016382,-6.03730353299655,-4.986006257940752,-5.171736021851115,-5.959403027172662,-6.787434537634816,-4.310917732287475,-1.9169602840629723,-5.658975931551785,-3.771367557248905,-2.4531773300786255,-1.882171683679247,-0.8799584182660857,-2.633102338836295,0.5262627753740985,0.5016382340166199,0.8562857018150616,0.42798490539229395,-1.7059154694841023,1.9732385535737709,0.5638087972688863,-0.37426403587287493,-0.1214664470091984,1.5261132550980316
-7.082467146389406,-7.045767673842126,-6.8843347524324345,-6.780865284513792,-7.02420291482765,-7.053634351486683,-6.6072469255109745,-6.453099963527282,-5.593514980303864,-4.929345102244202,-4.252014398012261,-3.973300010869475,-4.277743458644852,-4.329285984644559,-3.927713968126992,-4.35348556075347,-3.89794912852318,-2.9383276073584583,-3.5452105063218093,-2.9633806999357923,-5.180901161056295,-1.8045183520730619,-4.09186908910565,0.5375017697596316,-1.600540924705185,0.7108519924377124,-1.2132990706766746,0.19346175838708118,0.07647147216769512,-0.4138117813043641,0.8939800136901251,-0.07915069903564384,0.08862732039033963,-0.05643577521357461
-6.62645975981169,-7.012093533180177,-7.166916021270215,-6.547081316204482,-6.794153015386322,-6.4287700966598145,-6.21131247783042,-6.150592170682326,-5.998901247058538,-5.88833900449148,-5.376821073046381,-4.930899017386544,-4.649718487930052,-3.7683260303744985,-3.3964961954429334,-3.0837101427401885,-1.1955389148651878,-3.106173989524409,-5.87387344403232,-1.3528782320762978,-5.911046290373301,-4.029782039447038,-5.073406232106597,-0.8930262933870421,0.05651744049306826,-0.4460390364877875,-0.13612872117526048,0.2598469293743725,-1.212136649455184,-0.0133473471826878,-0.25094516252998267,1.1556776357949539,0.5419000519277108,-0.4763899503496373
-5.419286701815394,-6.072618439998159,-6.717234817978991,-6.424880501811455,-6.469611751957371,-6.466650133786528,-6.035972031796031,-6.11433761670864,-6.069073568716145,-5.9762186195698135,-6.1704323961513765,-6.3255922057715015,-4.410385178870673,-4.363566411067796,-4.022494207676071,-5.503126260829714,-2.276634238201412,-2.3315092235023593,-1.8406083857023798,-1.7576180271142388,-3.108592413238399,-1.9138847628265105,-0.8396895568389723,-2.2889869276438155,0.2359364873573806,-1.8139828515704521,-1.9357008750011002,-1.4250451995682234,-1.3108521213405981,-0.6364134258695086,-0.6496115369333415,-0.5914053803925367,0.4534559997982009,0.21098669065208536
-4.205094409913058,-4.9793927544880106,-5.610011366501513,-5.926058750552821,-5.842577043208003,-6.148833296231114,-6.001368484040508,-5.7746158345571335,-5.451711151826411,-5.105610397251921,-5.012524596835135,-3.98743967095465,-4.6537231281189175,-5.087094478946578,-2.001693113177675,-1.465173502482482,0.49716039010217516,-2.3573323342819212,-4.3110199755089145,-2.4390088816996798,0.6082033104294428,-3.0398121793260127,0.4515688415292734,-0.6734656298246819,-1.1430053659901283,0.3298247274074822,-1.3526697642724512,-1.5639393802834134,0.21290044508970576,-1.18992126169241,-0.8396645303683566,0.10696625214214796,0.12243827011662622,0.02408846673583875
-3.9696991497569063,-4.2474748141194585,-4.3321778362921295,-4.754170657101824,-5.088264259390624,-5.329163461666997,-4.973683471919998,-4.605009827020044,-4.454336072502426,-4.186427276549833,-4.025878937532018,-2.749721997159229,-0.8824425906093937,-2.2686043228485664,-3.521279473786983,-3.427322918288244,1.243148590447561,-3.1755822573559516,-3.600166583516112,-1.7341582162183236,0.307386929719659,0.4727794019079459,-1.996744899601978,-2.268810772060155,-1.5537486984060467,-1.106318084173082,-0.7190796679752984,-0.747110423478875,-0.7915049495151601,-1.1784618676158998,-0.12559619526186783,-0.27524008613178147,-0.1025897490070477,-0.05788337157115084
-4.143484905343582,-3.1408836585554947,-3.1662606556835726,-3.6231980938308594,-4.496733184085387,-5.557853952617927,-4.5028682340345005,-5.011605299744728,-4.694855891590801,-4.230855529749556,-3.5873601298280082,-0.7217014568141935,1.8003862524024874,-0.49265042242865575,0.6777747825402474,-0.7447605456409521,0.05791348451120979,0.5494167003672009,2.2903184031937203,0.2634774080838126,-1.1621723296255366,0.45009283350951934,0.43265121857427213,-1.856807279818321,-1.0434673216723138,-1.519175806472987,-1.3319777085344446,-0.9433166678023002,-0.9416673771948658,0.8105793560760505,-1.0633685357084393,0.16045115366976,-0.21482002201723008,1.048280397080224
-4.171009554781344,-3.9119848988341754,-2.297955395918826,-2.775492616751366,-3.2873525990086105,-3.7373925953505136,-3.731391109271435,-4.29376082153375,-3.581785413327321,0.2742851787994736,-0.9331569864224427,-1.8240056250753054,-2.9346100982435,-3.971836737636136,-1.1043376263202818,-1.7373019039071458,-5.1026059912469135,2.9210507498600897,-2.1053647431458167,-3.252519041361986,4.308464729447417,1.2610356619080096,-0.4059477890068499,-1.2558089435948132,-1.0016405008105538,-1.3243826981604983,-0.622957770917773,-0.8841970042077177,-0.4298223151321349,-0.8400646541510899,-1.2926237038051862,-0.4622419014553176,0.5207247128520719,2.013482977952694
-1.3645901683248065,-4.390526871545848,-2.388408597378424,-1.3724678155710286,-1.744964604873328,-2.204928710684698,-2.4098953574044155,-1.6268768823366182,-2.4559076410335106,-1.4071903576713836,-0.312524395686901,0.3654106476279247,-1.992331163360034,1.5973171252629899,-3.5390414687758023,-1.7638634001148656,1.9808494724752,-3.8717140580375458,-3.121613388596672,-0.7253526207847794,1.3302184729037387,0.07051048167742593,1.8233165326059813,0.2484912709354253,-0.8832853194241066,-1.0249802361752314,-0.44500761348661877,-1.0566003783705944,-1.4339777657765849,-0.6824549485450454,-0.2403308973578718,0.2558334543589947,-0.14267205951851622,-0.33806408726809456
-2.4987188980139603,-1.5242039301970256,-2.3193334232704395,-0.5564428304698058,-0.6362920871107733,-1.3870820703310338,-0.865326617912075,-0.005963518973462592,0.04894229523214631,1.880565004512867,-0.9427232222038756,-2.590913198230243,-0.09076920971638852,5.573119314746698,2.844986277253087,-2.80332614326551,0.6340110174321105,-0.969677317599038,-2.336224455854282,-0.7540035386472234,-0.5978452497365372,-0.061302665650928796,2.93184226621359,-1.751851801776664,-0.922078345028724,0.3911379422664469,0.09782607104418654,-1.7042606276388608,0.2551763507546922,-1.6193671591449537,-0.30879889536488536,0.10443340920193553,-0.374708221014373,-0.07982167443029296
-1.8726368672663398,-0.6743351259850734,-1.0844299851365071,0.4007431747019499,0.24693649791101638,-0.801259514540341,-1.1994620461482715,-2.5487971091477424,0.5949894358398817,-6.850621651677066,-3.2052284798901782,-2.8648143284465983,-3.595164979288599,0.4173374133075877,-1.3566399708293173,-0.7015980680837571,-2.2260930785540114,-0.9262905424493768,-0.7077304039935137,-1.3856547418588683,0.5897180626036189,0.71692152477265,0.217543452958788,0.28495757838094843,0.1811099930310765,-1.0673450101657171,-0.7931733751106803,-0.26614255621639477,0.049646077903420384,-0.4921533352490362,0.835548957423097,0.46767162971688947,0.4737954785690922,1.0389668759716386
-1.817892072744313,-0.5700256636115439,-0.30078215052271207,0.04406741889961869,0.5699609251963509,-0.1434105339121464,1.9199163725328372,-0.20458545129326405,-3.714264419561379,-4.397142705608728,-4.715092772268402,-4.514253596256515,0.05850516160458684,-1.1435564689475257,-1.5989858665394197,2.5844279619791433,-0.7877412065611273,-0.692496688037315,-1.8361548317936125,-0.1812850618770107,-0.2792390447612857,0.2184694345065853,1.048624827484187,-1.2002682430509448,-0.3665909749250624,-1.2344134959868915,-0.03973393951397955,-1.0259837357257722,-0.4314825541759848,0.8352574197928815,1.338831010158171,0.704777244938687,0.07277619520067102,0.9867243664265208
-2.12541447234705,-0.5072866800239219,1.188873957805278,0.7133666461039132,1.6632085813998683,-2.486443769950917,-2.2750912658588054,-0.35156816810011005,-6.646955253111975,-3.0446653583864554,-3.492215135935374,-0.26103499979353667,-2.2970816451639484,-0.9715857286399271,-1.0946306400799222,-0.3986922060397396,-0.4589454546832999,-1.2463105983630793,-0.948871269651861,-0.7680966363834238,-0.5477743065486039,0.16572023415069342,0.6915643902042825,-0.4530066489570851,-0.16754612704599514,0.898133235705749,0.37425367164362916,0.21518745933266387,-0.47828135246563264,0.5494772913401634,1.754002039250846,0.6402756832939307,0.2327950277251411,0.5616892818277383
-2.177113966913299,-0.5852708039946694,0.661134845012277,1.0949929681937873,0.1911802682849439,-0.23698759048717846,-0.47914975938120985,-5.822258046642537,-3.971030966465415,-2.048866651633242,0.4649739779506804,-0.2328245156966489,-1.1109587799955787,0.20982180158082478,-1.0253573510895246,-0.3302436670152557,0.9449388171134276,-1.0749102865416553,0.23995808849501907,-0.6649683070890111,0.5821868904016724,-0.3643608459227311,-0.9742393322895322,0.13347856673206854,-0.4306624624554976,-0.8763965417547874,-0.4241040221303497,-0.04272540059664979,0.06288963371663654,1.6425955709412348,1.5994964232379763,1.2365495767809336,0.6892703196049355,0.29599085537610287
-3.067046358691335,-0.20616137529426998,0.5635234781233001,0.6769578250258126,-0.5959176699422442,0.6086273976845354,-4.408385833028781,1.959974750348784,0.06840113362611804,-2.830919952312027,-3.7303378467233186,-3.724908113802398,-2.160169891617092,-0.46851073564418994,0.31601927957119347,-1.3591757206279125,0.46261913727507376,-1.2834908362178898,-0.7745687436245731,0.2792083008999155,0.2684186932942602,-0.9068580240496047,0.06043580705302973,-0.019663248716923206,-0.11529373456961389,-0.458976636587307,0.042816545472614806,0.08132185967758644,-0.05710119116517984,1.120133221521629,0.7891891684774858,0.6111709542251521,1.112472684607074,0.4870688528550071
-2.8914907996357213,-0.4580952576438304,0.8920935952426132,1.1349971441721123,-1.1880534711810669,-0.6261579884384195,-5.7194659579095735,-2.385770190334048,1.5008715101536698,-4.887771484613648,-4.331764066224465,-1.1909065094924975,0.1954847791008358,0.8293830592699376,0.688485062840914,-0.2624847272114332,-0.7903391927364161,-0.1785791326862525,-0.010146793998715315,-0.1933149928535884,-0.5216561932625741,-0.5890744898054555,-0.8696311172399999,0.1420748492515191,-0.7993419290051869,-0.495173863250195,-0.03978476830532985,-0.06893686969709445,-0.27879393097753524,-0.4524492818737782,-0.37838141316867574,0.22321530347270122,0.9443119616413362,1.107475182300821
-2.7661645294264234,-1.6634304675324099,0.2577785098746578,0.14243209926895237,-1.042894172180481,0.0315616822706633,-3.067443772194921,0.11394634778441994,-6.512776395417518,-3.2489323762086513,-0.018574730762577797,-2.1953349509668714,-0.05703105315537093,0.5663277241988117,0.15765667048920495,0.15583366147514235,0.06443450938203635,-0.055867279772589,-0.9727216559244695,-1.1926184320696342,-1.2989440042382847,-0.05666702473792049,-0.6628931713842284,-0.6314190670356281,-1.0805396841539614,-0.8839315774619595,-0.8746934908437595,-0.43181957899564494,-0.5382319557163004,-1.6567005899575118,-1.4279519669893939,-0.7104988231693463,0.2517430949754433,0.8909298797505569
-4.163901322608261,-2.6701683126805706,-0.627117302042035,0.256189389015139,-1.4857013121858744,-0.22937927020364632,-2.5124919020716847,-1.9147024275706743,-9.7943683056311,-4.806701743872419,-2.967075865834074,-1.4286734927445233,-1.4424127898251213,0.36907005003983256,0.4939829374503038,-0.4700450856939069,-0.6790744289025777,-0.3754873310527305,-0.24567884350703284,-0.9664480322806259,-0.717122276103625,-1.043000883150249,-0.9786872669929383,-0.9831434456473258,-0.7118650324546553,-1.0407068321229653,-0.67705889742333,-0.7713354274344272,-0.6306811666019423,-0.8218305547990452,-0.8178750436162693,-2.316634269144388,-1.376442686886205,-1.4258718958831489
-5.827676257297588,-3.019583129362993,-1.8905962518546133,-0.07768858029021714,-1.0930385193548806,1.0022546543322286,1.228869788811659,-1.3850110079328555,-7.422234362269553,-5.237384331300466,-3.7186870378789845,-3.708383646212348,-0.808412068892827,-0.799018208195978,-0.8931089520637139,-1.6447347493064584,-0.9750975833596032,-1.0892694102444371,0.1559273378845197,-0.911765783834617,0.21636404518045338,-0.9077985951711611,-0.8386150451262916,-0.523504359675178,-0.85508505243695,-0.6004237445998655,-0.7722601710420092,-0.43630876011707187,-0.7866889079529581,-0.7146441798340837,-0.7367198639569921,-0.5042872186805469,-0.4434008479965145,-0.6004053613610983
-6.867059215635448,-5.466697590772265,-2.9187037399503386,-1.2652710181430615,-0.4761506949658459,-1.166448769215442,-0.01008839902892442,1.9667642214310008,-10.201391587717238,-2.882546119778881,-3.8956553570397507,-2.6801214605640205,-1.4265836613279526,0.21378728910981593,-0.004800229891726551,-1.1354274503591155,-1.1502165822811283,-1.2092337233603654,-1.399258343727082,-1.027428446900039,-0.9786527987072989,-0.5039770435664498,-1.0560971797330585,-0.773184295433281,-0.2666758696220609,-0.4650162392086126,-0.6094954361175632,-0.5014049946367948,-0.7944393445380025,-0.9557388979049078,-1.1102886661254883,-0.5974596946213439,-0.8211418250690536,-0.4376462074810596
-6.109552249520301,-6.577313471355086,-4.982049973788692,-2.5364301982259936,-0.32550324346732296,1.2937153961150512,-1.1299781969927443,-4.7471703640235345,-7.584032090206631,-2.0118788456764176,-0.5624220104713076,-2.4173858579427456,0.986785975763733,0.20360969770709472,-2.071792865159943,0.30417250767843956,-1.6738806900197905,-1.4163098783424826,-1.4403360280464363,-1.1910771921239962,-1.0167103682951455,-0.9589829433245494,-0.8566008736660073,-0.9422953526797793,-0.9729976934502513,-0.7603305614115579,-0.6202826678188619,-1.0207853761512522,-0.9012241594604438,-0.6906099427880377,-0.6588100440778162,-0.5607555429107163,-0.17949615172689604,-0.362490123183018
-6.044591297008536,-6.971252945525029,-6.652347842487363,-4.3725478945445575,-1.8810916104507036,-0.20825871450606168,-2.25482328546426,-4.180439053615912,-6.49497876368533,-9.865134231075793,-0.32785855263382635,-2.663172759854393,-0.6780031518534428,-1.3098749979869098,-1.531117405268674,-3.195786944630295,-1.9105419681862805,-1.9528389501229075,-1.3376843561005942,-1.7296844814818313,-1.2264257170073547,-1.2633870502569244,-1.298737147003437,-1.130573309231814,-1.0311957312677846,-1.0626757285260284,-1.4652067553765893,-1.259005380305775,-0.6640724070724082,-0.9853446253193637,-0.7621065152685652,-0.08063832902270382,-0.30114091012006716,0.4609111731136092
-6.050586679687478,-7.8578090852978395,-8.017361123944305,-6.708301360456655,-3.1151149595693015,0.011671465711481002,0.14659435721469447,-11.547557279898763,-10.680497876619476,-4.215483330020806,0.014330819816540946,0.9055462541410895,-1.9220725968763295,-1.4051720406932087,-1.8201761592525407,-4.232746086728404,-1.7280490384622043,-2.3661957317020015,-1.7369625361777181,-1.9376937673538537,-1.4359291473921854,-3.1069978423303026,-2.0735042457681385,-1.2150509041940927,-1.7177570699780969,-1.090121097070279,-1.0232621645327755,-0.5459331136917001,-0.2713421020177277,-0.13009787685105587,-0.19987226480012285,-0.18228181820607386,0.18083270989871006,0.7605807123541526
