script/wind450m.json
{"header": {"parameterCategory": 2, "parameterNumber": 2, "lo1": 3.000054539987559, "la1": 64.9999836372058, "dx": 0.5, "dy": 0.25, "nx": 34, "ny": 52, "refTime": "2026-06-30T02:00:00.000Z"}, "data":
[rows 0 to 24 of 52, columns 0 to 33 of 34]
13.632082728491078,13.341367716338588,12.882928249555155,12.8816291549422,13.020744861179022,12.920582794407082,12.878665892458246,12.777122390602296,13.09886633752159,13.789297468608238,14.227576116182872,13.740883599052845,14.109037578045688,13.84072125314865,13.09510807719751,12.274127781025994,12.593916292253887,11.864809634548035,12.623884051342458,12.075970114994151,13.335042705260264,14.829427983245665,15.464789217849532,15.178848324488131,14.56277257582701,11.597739315757222,12.74255956676072,12.995313752566217,13.835896906060887,13.38682680001819,11.434548283234468,12.071935854193146,12.564888378835704,13.230351340981441
12.973340999382595,13.022668175199383,12.978000899152152,13.120816487287435,13.49415374629936,12.895605075251645,13.068537323737877,13.732312499682237,13.103178544260286,13.656295549410629,12.736118070847665,13.226733650848946,13.833824478619688,13.34932973629518,12.590469010580655,12.448564826409612,13.336906048829732,12.238075723614598,12.24614398795252,13.244489006354184,12.092036647384292,12.906553759822602,10.503427286807527,14.612954702020229,14.539638103946318,9.769949804151691,12.263027088238461,10.633509917300046,12.97895476376944,14.935404651608547,12.700646077993419,11.90189443557106,12.654925316668438,13.148931070868143
12.810105918599183,13.348744371070891,12.8396552479972,12.53599206366738,13.004987534910565,12.875877963311646,13.159914387064932,12.933783517885303,13.200667082886849,13.81699283625482,13.43539602507196,13.416642570283594,13.376559886941914,12.610585538735817,12.770554222458083,13.39156784488517,14.58579541858967,10.635934409384662,11.219045914924118,12.298284086432577,14.140987586907398,13.221430304245013,12.855893961659172,15.110248529334523,13.028862923436337,10.457978722393564,10.888590932866338,10.559946560921587,12.667086330562695,13.404371894566403,13.501743401036686,12.36075490869824,12.193695584105814,11.93297872107214
12.712563952285075,12.646571439469152,12.690116225452613,12.105374657438164,12.662394054268756,13.030536816309349,13.67520410871405,13.642311859683524,13.84086335630467,14.019016236029636,14.933349135643848,14.666227869739707,14.386120912876319,14.542033072873979,13.51131531311786,13.917921902996458,12.467586708525314,11.55589392729496,13.475263869945735,9.276322318861286,13.920948577179248,15.98204262809167,13.843337886153693,13.566355270009224,10.272291558066007,13.468306697713011,13.972214832227651,9.25049080682407,11.031766194832104,12.04025816551887,11.454838689086634,11.981153681318213,11.980343306804818,11.518017695350618
12.276843274766962,11.956175342459531,12.014452161330114,11.679809343494018,11.760234059474863,13.120230516733667,13.899305073389055,14.441797216719205,14.613076826791591,13.824253420857831,14.736312306214776,14.85759910626576,15.434829924041727,14.882771188433559,13.270566799035947,13.641334877585829,10.192780944092506,8.868250793725915,10.577954544059468,11.90824647421111,12.443714218492012,18.904258461578113,9.860634890144295,11.561643041062771,10.386456335169276,8.6780688865512,10.858480314920248,10.583077454415207,11.67190566109402,10.833722149537897,10.925625923329816,11.069752181734938,12.028057962809068,11.329212848390156
11.61710881070443,11.117326281559365,11.125682076472007,11.495713190191028,11.330562102452104,13.995371770782372,13.934443377431812,14.806056910123461,14.394208857362159,13.94631779159771,15.487023245995129,16.169054022058628,16.24526448531328,14.784173424052563,12.274246729749652,13.487183118942214,10.625575952277542,9.664511243457971,14.265264911777027,11.32968668323456,11.377871584407213,14.989478544732108,12.393689921247232,11.322842077457446,10.78721992425623,8.91841206911042,10.15533712823588,9.98699506003218,9.110164482794447,10.200564447965556,10.77535392059253,10.089357481571435,10.219391337485774,10.837452863317218
11.031522278731373,11.43033080895731,11.141333586678858,11.19511912335022,12.002436645666881,13.185540950115781,14.203890811497878,14.459534682229103,14.664635462155124,15.474923954343863,15.657045896852555,11.525355102077024,12.382862500211214,13.789789849230392,10.865813126722193,10.506346937829878,8.217259660285263,10.721641496641888,15.453513769227664,14.412178077112497,12.592045225053694,12.009157369955785,11.495149751640922,12.091175258946404,11.432079157890335,9.58965728378055,10.492977357128254,10.792171355577276,8.939654684852828,10.131219439187603,9.653883430988644,9.898664606101748,10.672264733250044,10.069451291900366
11.016963938603839,10.71263644455665,10.178387744780448,11.212577230471199,11.67955564799067,11.960015981052454,13.892629677448308,14.693879727578134,13.439497354329282,14.124385309102754,15.212738534796303,10.080068987046904,12.396456192093298,14.39812315484829,10.891906792290351,10.768893277344384,5.9895628843384054,11.974208862602035,12.027404528558774,8.339614904502582,10.877820604010353,9.633299491093622,10.167221045247132,8.816382645891245,9.329263590648603,9.636927346477318,11.273212384654844,10.353326769957379,10.087051105352723,9.242981400519879,10.088440480737322,9.763917999701942,10.144812643350944,8.915092478462244
10.174164536647883,10.606828807224094,11.167198266160375,10.170849925720386,8.829435988708742,12.434978985803564,14.430142150025636,12.912607126001694,13.536632617912854,12.883717341862656,10.10429089882607,7.373546798672707,11.13764606003849,11.810298227123813,8.224977529297316,4.679860655954755,5.548609037155832,9.273748893969504,7.844457948704724,8.407962401580882,8.376560408640396,6.227856776972351,6.012403804759019,6.947737273884865,7.6827084206995995,9.873170426924634,11.851833603868254,9.611351577711602,8.091171900705282,9.580658270559633,9.388092149179187,9.666852430424061,9.500846665236683,6.718650357874326
9.802883493258062,10.508540495733902,10.738195640165896,9.026097922565933,10.316116172066902,10.516261991448097,12.267141633526132,12.514015441424784,10.091079950955164,8.058667635542227,8.64910499748784,4.556190192982572,11.279873706326736,8.657540289970932,3.8846683433006373,6.3709393125701475,6.845228057466407,6.236265403799141,7.761058730014716,9.414380248209241,8.441819704884466,5.004825152046838,6.344817338063491,4.96780410878953,6.109627374927836,8.129665246597426,8.438803140938138,10.504663372343979,8.439447360477901,8.486169838821974,8.319038034916364,8.78932312727217,7.250444702225562,5.453371464803648
8.612155242277414,10.137986396969657,7.845030151313198,8.557514729116953,9.070669228197799,10.031642565299274,10.276581026841978,6.389042839631683,10.68500125293768,7.113140413854127,12.196926349009443,8.981067995629765,8.254027442058193,11.432355188142319,8.754355871531047,6.078409941565562,4.404852259131003,2.9917541711317237,5.881717465536991,6.309494529391542,7.750093968766917,3.8871171936862257,6.528832947735993,2.723808193856439,5.354948544412205,4.065439620859704,5.295020226295291,7.211081030185927,7.8963188772276816,7.0297944459457495,5.811404523589718,6.330904265642945,6.180530135474821,4.50512668805251
8.755367477342842,10.148710346941957,7.896068179516708,7.477356104275463,8.147141616958958,7.435083178787887,6.08964953090291,4.11423674447178,2.9985896524545446,9.45005491258505,11.970009033935593,12.678234731347542,7.9885387417114755,9.14023573915579,7.332629833769879,2.5089971154154824,3.966425084844122,4.764246283755408,2.7554096824940757,2.153240368285165,4.465750314014014,4.4894062578883105,3.6945584552482447,3.4400189406474926,2.079802423934465,4.725801304765892,4.943716331830799,5.397349184656716,6.70798013110854,6.068156990864606,4.8132946492541455,4.6786344474646056,4.162256995489806,3.2949616671434794
9.681408311160986,6.481585116979473,7.605820989432571,7.088422924846674,7.7823609692814095,7.492145980612828,8.489162038031582,4.891423172262502,7.331039580085662,8.303333270426709,9.232732313094939,10.925085611885207,9.546658718062885,10.53865412741056,6.259257614712073,6.451843703649806,3.8759589741553357,1.8251905298627695,3.7108035846890957,2.2337627609306345,-1.4873089305487168,1.159412656411296,2.7901600185804307,2.1005018338156916,2.648154714075178,3.976706556935619,3.145917494144336,3.3303786335188703,4.076855759565742,3.3771509357558234,3.0286980557446666,2.584726031961195,1.991880148974268,2.1170056025442987
7.932341950157286,7.321893365229682,7.440913314425915,7.833197830012675,6.3168377090906045,7.2097351238217176,11.249185436098909,3.5641737435216165,7.7782022357615785,9.919370041628476,11.091448209209968,12.225847036593006,7.341400840689837,5.0622473229936515,8.890938581981949,2.302026619149196,1.375412780949611,0.8921653356047088,0.31229628728185127,-1.0260296344620912,-1.1822202967469317,-2.657913889578479,-0.8758797648800939,-0.5876639314016993,1.7542187835056584,2.11975497705689,2.302403298361807,2.451461826508835,3.2332282148143885,2.6202752690475934,1.4531492714686198,0.7659158844824108,1.1543010310826856,1.4626570701798105
8.196946793534051,7.318298716981886,7.342358787752304,7.335988237033265,5.19850295342002,5.339479556108496,5.083841833312288,6.579264492492372,6.177241166840791,4.932533293581218,7.767664818334702,11.418346985424078,7.543933251154104,3.072918732310109,4.229551513291013,1.6569484494022801,0.7647476113066741,0.2596102136322068,-2.9777865607762024,-2.1354576508887115,-1.7833730484936243,-1.0937587477769088,-2.1437066303340697,-0.18099590859018352,-0.8784784588170017,-0.4103333802754994,-0.867824438158478,0.15750339496796076,0.9103424592540005,0.10015110833528482,0.09008200229395913,-0.2816568938055262,0.82264368852261,0.8592521188689338
7.013056408762428,7.695488090493629,8.868720970871264,4.819793161135127,4.168716030666467,5.023899660822464,6.477647666872066,4.516829730534126,7.121007983771353,6.830104873042036,9.28755622300215,13.558388666079617,11.029451152286398,0.06244061519472846,2.2891073758944787,-0.3642575505308126,-0.41711416606654855,-1.9367644616097652,-3.367312554527174,-5.3326343216406,-4.729797787533243,-1.6493422420535904,-2.86198354043063,-3.286608426787503,-1.6470149927961033,-2.711137336710032,-2.4202995029957917,1.2846360001088712,0.7866932005229473,-0.804729955974764,-0.8318384255869535,-0.08002551580724965,0.5498732963501877,0.0856417799797861
7.346529053412444,9.377807226203862,6.561538221809424,4.456545962959154,3.809781425710357,3.957636318230481,6.262861840494327,5.899278056273894,3.502370026243446,5.785130958588528,10.25587569495414,8.14902723029914,9.308820699646162,6.557255299273552,2.9401167397302763,4.380709499024629,-1.5016720026296728,-1.7947178804001596,-3.4457969845085237,-5.095052326999684,-5.828923183752415,-3.668308592342318,-3.829210065418246,-2.109525004258287,-4.929462497801179,-4.898433804907399,-4.162995654828654,-3.298667555725931,-0.36793536282153755,-1.5199951053266854,-0.8246129640880071,0.41726310030123825,0.23835126422250774,-0.47540376436671183
9.113315492351884,6.636924095762062,5.310229314761009,4.954257435787261,2.956305666642457,2.4302650663716614,4.091428129297323,4.868205853817741,9.638040139645074,10.437572598163332,9.613114078349232,8.429997374831261,6.431134951763897,6.712008076130046,5.44716949383359,2.903670504917124,4.439976831902181,-0.32766202583272397,-1.5830988219634594,-4.7535525033140384,-3.1106942724944893,-6.762345515642767,-5.591916095482085,-6.779900263570734,-6.099713657888484,-5.983363724598804,-4.007091572721709,-1.631386116323947,-2.18539305789607,-0.7678977379982781,-0.8261132570674631,-0.018892886881293442,-0.04021049836778049,0.1080004152696616
4.884118840224308,4.6998109553559555,3.9767996432240973,5.001173324364609,2.735939130520011,3.106578759356173,4.801874149533186,4.735512210953085,6.598613074205379,11.468497010242206,10.175207661008452,6.554027036812371,9.736377616655314,5.324689299404211,6.176099253309169,5.071461853690079,4.35459687411797,3.5746647358985255,3.3922433826228966,-2.0194235903939615,-5.847121032428407,-5.235027744364993,-8.045531929271329,-8.158508330390816,-4.839256565003633,-3.2783810085736236,-3.674980583176488,-2.2477060093215333,-2.300928005945475,-1.1952974602933326,-0.330855270464562,-0.12491840954971194,-0.6561491620682309,0.7618740553807055
4.946499119076587,3.895818062421457,3.4755513805538247,4.139689592347233,1.983651159787496,3.0480294772032104,2.4653096428822807,6.004621541154268,7.337350249973704,8.976552062868128,8.59699633331695,7.121185510007084,7.401427017499984,1.9220854852435303,2.2665563707795084,3.9127605422006453,4.91926206301645,3.605714690734469,2.709257420864078,2.316829419951225,0.6010663208993018,-1.8904336032382658,-2.9218496740760442,-2.8747204815017,-2.6264774464964646,-3.4641353724514112,-3.4927088446535293,-2.9309318153188264,-3.7490674416993732,-1.5384084974219283,-0.4197637903109575,-0.4238324415908322,1.0765403342275048,-1.1326231678364116
1.9635926933598036,2.263127217278186,3.12848310617736,2.8680353671148415,2.368785039616553,2.9704349176171383,2.643588251373245,3.986512232651386,8.543423643290485,7.419421608027354,7.865207632130317,8.926896946231908,5.103306271408372,4.716653031962621,3.8128588701960595,3.2552013066345467,3.36586794811097,3.550219385549855,1.5673424017061022,4.141804526719187,3.069126102428594,2.4945090462566912,4.36779464795538,3.800405919982054,3.4265146545964655,2.4780627203377477,4.2362292582062855,5.242401217318377,0.06213605675077358,-1.5032788112780857,-0.8937641147290023,-0.11146850194866205,2.6670247849727384,1.551744445524251
1.0598469223212488,2.5396705562861825,2.367900061230164,2.6128919424780506,2.770619736836317,2.5844308512433045,2.6437517090885416,3.0876849996612257,6.859926655331113,6.361441608064068,5.482311247243631,5.961849589373529,3.265038800914962,3.077291512938747,5.1661951317620005,3.8111248178318715,2.7604161240131924,3.3526970935644758,3.1922693719572517,3.694090665835099,3.3519171478451972,4.357507598303039,4.619145220454335,5.596689501943342,6.078659691908653,8.715190796051605,9.627548268335154,8.539613672689875,8.986525648755077,9.211353670436951,9.314316055227744,6.274260324484381,4.1926535456949505,4.350755842969997
2.36641625892288,3.0103156533266238,4.767015638711479,2.3043596986662043,1.7211595872732355,2.0868840739047827,2.3379687422016793,3.6057565472784567,6.894038135837125,8.191087410845903,3.9883296259513705,3.7853708692533043,3.0733187695144455,0.24218244745241224,3.38344327988948,3.5537701010355476,1.6697407162183158,1.4290759839066958,2.1426190491118624,3.0292912772332827,3.1655925427898306,4.974707469183669,6.553862920224256,7.974817117822827,8.616022316022466,12.28622093725778,13.488606083102802,13.635772881394878,12.32410450820088,12.385305413952791,12.991257488018984,13.260687131788503,13.241313563460706,12.14733066736514
3.012300979445021,3.394821271387485,3.8261837573198965,2.142692920126107,1.9957152908755758,1.9532350596254486,3.345449599254566,4.917731657267524,7.9552337920360765,6.207956024624978,2.805487967481751,3.692747261302484,3.1609300864360317,3.7914882279781805,1.042762400694573,1.261256684221069,1.7037827810521986,2.696651152594164,3.988127879614915,4.452182388709688,4.912574847041704,6.874143211641301,7.807755123383023,9.384937460045943,11.22349523300572,13.082141892066621,13.569704064411239,13.683182534599293,13.723454288350723,13.151148043233105,12.411285804735861,12.479452694802971,12.67057282934098,12.929046532355995
2.6650985750694214,4.89527399980065,1.6882168029657132,1.3011189953577673,1.7091212588868134,1.4906018507552015,2.2886138830064655,5.1999165267375185,7.405407243615157,4.341327276161145,5.66260504054769,3.347942763306042,4.4819103041783555,3.212459105275303,3.7598780802307457,1.9807789581160933,2.66996061630056,4.242190550429901,5.946531160267233,6.433887756442946,6.969162939307083,7.381505943379041,10.950818131128267,12.204041347042395,11.637940503864474,12.521510324647252,13.433019926666612,13.710079444436376,14.116082997132992,13.736779168413523,13.562683012858775,13.22023060611255,13.037340761087988,12.776824204153487
