script/wind10m.json
{"header": {"parameterCategory": 2, "parameterNumber": 2, "lo1": 3.000054539987559, "la1": 64.9999836372058, "dx": 0.5, "dy": 0.25, "nx": 34, "ny": 52, "refTime": "2025-03-04T09:00:00.000Z"}, "data":
[rows 0 to 24 of 52, columns 0 to 33 of 34]
1.2035047509405044,2.7339438733822994,3.8286564798653977,2.9251737218783664,3.5990589239863673,4.6079061787867435,5.25751185881276,5.56680080197582,6.33974627987552,7.265858213931601,7.674083374361433,7.911587551957044,8.083260108102541,8.611516141104204,9.273242287994192,8.872405430894194,7.054759642471472,6.994255446322544,2.210942522116657,4.194471109657836,6.106309255429874,7.321663041389034,6.4969275821613675,-0.9007420180292975,6.712352110184311,2.7026606335679886,2.4837210536402754,2.7664979110465397,2.893731781751724,2.99397429822653,3.479409025950455,2.853372414602882,3.269283261190784,3.57757027070404
-0.9256705418377605,0.6674259491593159,2.67880468740436,3.9793158841062577,5.123381788132065,5.697357020486162,5.02582662513132,5.5395414319129745,5.978867296415224,6.348718009338167,6.878015268654618,7.302893891027256,7.393869507462969,7.767233871951172,8.329381961054617,8.780320496751358,8.38818797588343,5.092926840243376,4.314560496913588,6.759471854186176,1.5111620499555367,3.299227755507528,4.521176280313764,5.986086220317729,4.0702705467513995,4.110168038637921,3.1441399042190166,3.6590225406599104,2.531251270108653,3.63460603918286,2.7142828395831518,3.0977877552441178,3.2084744691616187,3.397696068261993
-3.522275609480052,-1.305780137049334,0.25200175441115336,2.1133169350636445,3.611477716634693,4.957990055910216,6.08969204657101,6.784368444297651,6.474214373940905,5.748669821137293,6.484266540182282,6.522786294564465,6.70831707346215,6.886888903669217,7.185981031576538,7.8495275797987984,4.495530323681855,2.5206787071443593,2.1956411824644246,3.7399233722313405,6.032051136123506,4.037893887219172,3.7714497467424355,7.304186759038463,3.548698941626239,2.768807622435345,2.3613135252335415,3.0088575763168017,2.703915948171056,2.847196426999899,3.256775762948615,2.9572601841265933,3.3694704019391284,3.0944337873846597
-4.295596042170741,-2.984640352389468,-1.5365760576449992,-0.19931514267588585,1.2065300713452844,2.518779606394582,4.079598105410931,5.8238528452442955,6.942795960262744,8.192484591356703,8.060544821079672,7.826421559978538,7.071684788205138,6.006206683235098,6.0471925307915955,4.483870894145843,2.1434818442136647,2.37776056890685,3.9517698996638613,1.4928391623653738,5.114014575825519,7.515166026339566,7.71527510461868,4.6872564478408005,4.690067219635746,3.420912306010263,4.2198847496294425,2.5728413216898263,2.632015599594272,2.6997628517850076,3.3814599681588335,3.651122121418776,3.2521386513409785,3.033044312376318
-5.449841441678397,-4.835101944122258,-3.026096302843867,-1.2811327900797544,0.09159085228100337,1.0786384599494525,2.467706911319677,3.5819977595315406,4.636543345003255,5.969311700182416,7.502969355384788,8.546093207960249,9.254505914321372,8.675168550901551,5.393060210743413,3.215513535406215,2.5417568462714057,1.4782996797590509,2.9277702236008283,7.1157632911156155,6.132427092108998,10.227344611192605,4.226405878248693,6.0954903036269386,5.633172042430481,3.0883963413551614,3.566263592223242,3.1441993877292713,4.367606183965489,3.2483297621930673,3.6222142184363855,3.5818005244288282,3.7102454387189523,3.602124045133948
-4.233923772093065,-4.646246841073787,-4.6687092867650515,-3.027974780871068,-1.0732898760194043,-0.31365731990771234,1.3446928261789433,2.780384850928186,3.979637837365068,3.7490165569507687,5.197878039959301,6.676060998383825,6.676466719273278,8.23380851535063,3.8034184275906378,2.789205784136695,2.382960422554483,2.9056595345047125,5.505997736321721,4.833090158499338,2.546411492203185,4.965143877112321,4.8125988444073435,4.193954038361182,4.250348290296177,4.448860052013905,4.402009633528119,4.389248455390996,3.3694628883977966,4.112965597918978,3.666546120470359,3.106696477228063,3.2422038051191566,3.4195035190579737
0.42107957904209303,-2.9893956874920176,-3.3176908385559143,-2.2364175874464083,-0.7831390252841951,-1.1145512569358496,0.21164087089911868,1.6008636360485575,2.6206147683653858,3.648958609204174,3.561774761560068,2.1816048269885475,3.998002661340096,2.909851846058694,2.481088265665948,6.665143852764187,2.5907885100531076,3.6219527053646186,7.788939951993051,4.033864524148696,2.97117783754953,3.1623786935029288,3.6214120564933774,4.1479948234227715,4.199622591189663,4.540717243471197,4.757585354918962,4.641811158602675,4.2596698358801035,4.508683058407723,3.777694187343324,4.077725944448045,3.947659741675247,5.428280734700865
7.902062725849655,8.500485693819458,9.421405756727358,6.834861381910434,-1.971014973241649,-2.524592390171407,-0.1275828560870918,1.278161177420815,1.7887441467742928,2.371493027687898,3.6859493997199575,-1.1077217042874887,-0.1921042132971522,2.727902779190185,-0.9888005365956597,1.1708067533066706,2.7813349456304315,5.255773868730821,7.809026831758184,5.094259442101501,4.426373654229417,2.5443053261857065,3.1756737064045177,4.4154242952919995,3.6640581611461633,4.146161504678856,4.2963197515297225,5.5610563782494475,3.9707854579091033,3.8270343053629534,3.7820144086698066,3.4314876832852117,4.422251492943561,7.226551600291573
9.308984236760528,9.309773185545115,9.18958266673343,10.115307453922593,9.521870715776869,10.125226455735842,7.5080621895259805,0.7466129648211781,-1.2436612169193193,-0.028494226062416087,-1.4571706872442405,-0.2564251792103955,1.2499206804600402,2.1435023476351978,0.9733930524358786,-0.20511186315073518,2.6161819844978704,5.544472040203136,4.0859637633285715,6.372394730124007,10.296793664149563,6.919993797461003,2.6574736427273513,3.711670170344502,3.806422074954438,4.93663511191863,4.316849814323768,3.6736588007961384,4.7309881277607815,5.101813576218073,4.785230467422409,6.2783207933039,9.074681689466065,8.700816481487204
10.252510083343763,9.13469710077473,8.368391516220665,7.5081608699910625,8.670734287795879,8.993798672118668,10.140007004856598,9.328783072017464,4.160835526857916,0.2012704535898028,-3.079229379779529,-0.8570441109424699,5.21445680640615,1.4150185279046275,-0.7167089879216176,4.299927034132383,1.7451623291635499,2.7356065920278043,3.8442654187775096,3.030245302843408,6.796420873873941,4.263241302319044,4.244388761649345,2.7088306542633145,3.7500441253765464,3.767838234978635,4.451347743738104,4.965081102755272,4.782788663037262,4.297345063999996,6.555476925890381,9.928381543718332,8.949992240560881,7.597637628777198
8.341723116003484,7.429674219051621,8.342338372261738,9.04239708875326,7.761904318038029,8.460136637577156,8.230377804000652,4.424258538858616,9.185871649386266,-2.3173543867077444,12.742538963301078,-0.1716015008378037,1.2879621608915177,5.249691143029777,0.3704447850050833,2.3454741806574604,0.047967055130595994,1.4506506162514512,4.018210664052092,1.8043781473816425,3.9532865437953917,3.6253108282776267,5.055985711198022,2.8771503195304513,3.1345427535873993,3.3015859578274154,5.403644029804198,4.1198785929626816,4.416394866271774,6.140534375449328,10.100512919876937,10.356453602189816,9.517609060925912,9.786751964202754
9.209997560540415,9.449635076732832,8.71404198546582,7.808227420875079,7.969009253891671,4.761799498474203,3.122470328085972,0.13295641406242814,-1.532647337734359,6.127758216785075,8.696545405327772,13.829719858168435,13.957734154346417,6.577142576490333,1.7259149450472318,-0.01695285682905923,1.6788198714618072,4.677596735423579,1.9448843048328537,2.8295772553739615,2.6540110368635585,2.848428615624784,2.036718198859277,4.149268692465161,2.7426066429440885,3.7700743832803205,4.653445737147876,5.064622234997464,5.010281842347366,6.198604466638587,11.281426903372099,11.214362500461599,11.399724910350779,10.135527280846365
8.641987332173194,7.557358057455564,7.943853238025322,7.155330847397263,5.427180746496928,4.07978887266412,1.8160916342658122,3.2896887010064173,3.806642767008783,13.941604201990055,11.384970458991617,10.591873574346861,13.478937581483189,8.745358820549795,4.305501354836332,0.7799833881245352,-0.1353842612314297,1.8577486310926479,3.145323154612784,0.3733659410500132,1.7730954202238416,2.484449440012016,3.574425092633561,2.4936570818886703,3.6538463122971723,2.5237294153594156,3.529074404555377,4.681732339692755,5.296893444225364,8.779658372569008,9.342217688600536,9.807697279191332,9.934077684893731,9.99043765330275
7.189113351243701,8.78893892345093,8.530162743553085,6.474424604985127,5.71880274665195,10.969625304450451,13.268320002113205,-0.5584072895362859,4.473761848534119,9.45368332020133,15.37870634436341,10.824799670546929,5.912328581181029,-0.5478886604034549,8.288787956337474,1.569024280167373,2.0176716099561225,-0.8526619093376915,1.8013313482390743,2.075981772153154,-0.12295733122322812,2.206796359404985,2.789926863576467,2.412850425874062,2.6265581264982294,3.0002954996492157,3.350899153890222,3.3277064003246855,4.388881420999201,8.598723538323569,9.46858590992556,9.342429477522098,10.295131629455465,9.449941306372946
8.003308495035576,7.609307621773604,7.74041052548176,7.568871382948877,5.640665990636874,4.603235822441441,2.6947729501150635,10.450568942275341,5.1283729314871955,8.222024397853469,7.466061790875782,13.984016434512498,12.805460389686203,2.353292697091274,0.28164125022952735,4.356116155058357,0.6172414221643882,2.8690960838976602,2.681728039512567,2.7795125434668435,1.3570165237303726,1.1463141413657527,2.066863498660147,2.6649648351949953,1.4920469792820243,2.167353334774857,2.0536980276165804,3.0052326158280644,3.2103928982642844,7.674396455666266,10.216817935482059,10.439841582679717,9.208784123604325,9.794001328497352
7.8582018962036635,8.076026387650078,7.692592061439823,7.218618062387529,4.193992379239285,3.9545066553270543,7.7004886213597965,1.48544279415397,6.127100994638864,10.272145559162198,11.5351053940324,18.999850509668498,10.366773402845519,10.367948999639506,3.6218922532478968,2.5618843865512195,5.725835202922566,-0.20281154122966863,3.9040163240335914,3.1666199962725634,5.768004987591127,1.8064108991585663,1.5271593948288995,1.190710565518296,-0.7235305513900671,1.5417397556276737,3.0646697180803346,3.3353538722326803,3.0728166481890566,7.498544938112789,9.384259850818637,10.123623300091856,9.839938953517624,9.772745293817835
8.365906888435289,8.197717298105445,7.926660348204179,6.937178871374331,2.928866945684926,4.548604652538188,11.184640854882245,4.092137381014171,-3.388003680273451,6.654980539931999,13.895804971053934,23.749558061930642,1.5107709907727147,1.5159550636529795,0.641318119162458,-1.756966701949361,1.9676694898087568,-0.7997345331408081,5.983960919093195,2.4240014518094095,5.808589305630958,7.2676677639928595,2.2844804414747237,1.2981675867261375,1.9686762121210872,1.3719369172307918,1.7606559528076913,2.5155119387173968,2.46349057924761,6.689298104851092,7.286061749398328,9.398007211176104,10.01674834911156,9.951155298416909
8.176801188212364,7.842869891173023,7.205799611947641,7.730509061999756,4.396475643526338,4.747721281876239,8.220960708337156,-0.4805102993634913,14.539710831310774,15.828802788446232,14.648644356265352,14.383945219779722,-0.20862092636297008,3.6567183842241384,0.7269564713409995,2.7276556453465473,4.43332294540981,2.2807869070683005,3.8290812903003504,2.430819649866282,3.758383777158728,3.4485745385715716,2.995511253251215,2.8719008494574734,0.7921013805442828,0.8959726314799968,1.9892581213807736,2.78426774443688,2.1757710676410382,7.268693800110062,6.182668828283117,7.031254303124913,10.067477324733881,10.703727006622312
8.578681123990956,8.467794152515935,8.756848576343527,7.056106225284752,5.744608055256805,3.0700146554409775,12.45542221735491,5.505727471313942,5.804226087415517,18.27613778616446,13.090190150972951,5.477760972556002,3.2368741375819936,0.30356725904595183,0.7546034261030223,1.0227615474780454,1.7517618090984737,1.2257252279617834,4.5098512825051085,4.819867759723905,3.899561483243087,4.438819827159476,3.6175467499080254,2.7298987693765975,2.053881727968912,0.9629926830935265,2.4265409685198684,1.2064507682168724,3.540238044249963,2.659021754523143,4.541660593527435,3.1269217477682205,9.490094524372264,9.471558069491003
8.429816451124244,9.250342883424432,8.862848045230233,6.2657114314146005,4.248385072197049,4.066292318130356,-0.01845755132861776,15.190047583713651,17.75698283145689,18.98890752799399,13.709020366935004,13.195995559236188,1.674723430839105,9.624325853318327,-0.7695994361094581,3.1639666374134428,-1.099070238812291,2.188370817360752,3.817484092267419,2.1085270835401673,3.0808112301828765,1.4745478642745218,4.326393981169086,3.690859656383071,2.602234937046145,2.4099839330595305,4.184037621205907,3.0617275568377087,1.851748733998635,3.860545322071483,3.0870533232378823,1.2685923928432798,2.846485538322967,5.542566907043755
9.937265867466941,9.09764431638198,9.11667973947616,6.947992549872855,4.475133657637971,3.0507563510911226,1.6987819924233274,2.277576916932108,19.350994230637767,11.575879544699236,10.141396862112469,6.151905322138269,5.896921244781589,1.4491046676516837,3.174579215538106,0.7775125405260037,2.859801029996803,3.062457734222729,5.092238252379882,3.2000364362303686,4.945320536817634,3.1479605961786508,4.036564583888036,2.488262105215128,3.005046386782185,3.8571741523472385,3.5729560983755766,3.876350652512195,3.0839042869665163,1.932440796052569,4.573814469222944,3.2884837359022474,5.404001091242502,6.404316212594357
10.255762913467812,10.548271870259901,8.048091868130221,7.83909761236892,3.768809636576925,5.161475177833499,3.886698118376985,3.3463216546656938,13.687247791710524,3.6150517792819663,11.689080809510736,8.11150555644025,-0.6396502510231348,3.2618616542000307,4.147050563448845,2.9886762772589544,2.682268650143047,4.209191506010795,4.581858504725966,4.507012918778393,4.510174930949541,1.8338714171597525,2.8875033686647376,3.5339928577761297,3.6990139084295124,3.5825818853257587,3.841342187419625,5.671054117894573,6.404934700378086,5.403169139876282,2.771639917322532,4.517279255432683,3.839019548310063,7.124199628556356
10.1187880459653,10.897718357906763,8.84851501970866,6.270870304877345,4.28962286145669,2.2877938186803344,2.526114727591577,5.952768919429862,19.238851671397903,11.047206530216066,0.4657764803620445,4.548657096413993,2.0835551561013093,2.2146839314759146,2.933676101872842,5.823017582184159,3.4076689898460324,5.264250629684167,4.809146981578867,6.107404510231374,3.0891121750690234,3.94216258345153,3.4220416003057488,3.2007955205750442,4.406276363200451,4.223543842773671,6.9827009368828845,9.004364140711173,6.212617176522675,6.723485045247363,5.382041806148163,4.918962764287257,6.765444722402901,6.548307644385069
10.10111903148409,9.639759240629923,8.219750132669214,6.520469811568685,3.383109602380942,3.130477147349613,2.387928820012601,7.431370542475284,15.083285002214836,5.968792977509862,6.02101160902166,1.345400611596187,3.401460523156343,0.42515653472499054,2.9497932986412807,7.660345632258753,5.926327089175021,6.099638082678222,5.670331573561392,5.8677125025221395,6.013619271659966,5.985070229359172,4.662135012339269,4.015777510097873,6.173667501321762,5.468384640393579,8.613954264385647,7.608800093212733,5.539818806396841,5.50725464992652,5.344349655290961,3.9456840991648505,5.615566975750251,8.7332293141009
10.11242981814686,9.215710216116921,7.739635366402614,5.2346804631428645,1.542409402172934,2.568611618695881,1.594475521378611,10.486534399356616,10.715036314575988,3.108818753060166,3.98122423524746,-2.436010879840756,3.141826523910056,3.872036403124861,5.1752495471540305,11.807606788370565,11.53201980896417,5.095300534353631,5.886276004941722,5.463442869604183,7.4096603249661435,7.198546291481734,3.7141158706027757,4.193055931161194,4.444269771702397,5.300017389549815,7.48051904504131,6.180224037668213,4.656221175582077,5.316720762389903,5.346074909308506,6.65993151476935,7.7757225036456,9.959022578166067
