script/wind10m.json
{"header": {"parameterCategory": 2, "parameterNumber": 3, "lo1": 6.000027932988019, "la1": 58.9999434238085, "dx": 0.5, "dy": 0.25, "nx": 22, "ny": 24, "refTime": "2024-07-15T18:00:00.000Z"}, "data":
[rows 0 to 23 of 24, columns 0 to 21 of 22]
-1.028221271241225,-0.40798012763901037,2.459702295165775,0.4792798187853355,0.6869235479533384,0.680064764060502,0.5355674082259819,0.51182653823275,-0.055228901666974715,3.471984838446321,4.6317877491492805,1.4114450164355246,1.4217828829150594,1.005746596872628,3.7960910552192018,4.736362900416203,1.7751089564246492,1.3080280429860407,1.0024487197312855,1.7600060288721031,1.87905241288743,2.8103699117570633
1.1902591206795383,1.2997898819890248,1.110394647776963,1.03719675434108,0.2640847942788184,0.33743839790520275,-0.10474930470738807,1.5778687824179907,-0.28966488571016,4.946863925167489,8.285978878282195,1.7024452122419347,1.6256109925642128,1.6257395988497776,5.339123599485619,4.370209515529219,1.9254511058643595,1.609321060205997,1.0997197532603875,1.4193336167313568,2.2962702411893448,1.7451264261255355
2.159472923050293,1.5279374530321186,1.0878467134354075,1.2786017592352799,0.38155247208500365,0.9906197701571529,2.8697525354553126,1.8319111275095796,2.7322238452055236,5.651340452799216,7.5484856132241545,2.0569955555951385,0.8801299681998385,5.92427455294896,2.004968747759524,2.2395796784676905,2.459398961702048,4.996205937353213,2.3139830841978104,1.6872271092888316,0.9018410806640901,1.444713009019592
3.1279393616294207,1.271688863124146,1.2527289330461138,1.542720352201808,1.3110982044757695,1.536818883819901,2.5418849280153233,0.9059845760101546,3.4996380495253874,3.2488226623451792,7.392010183104141,3.7526696470541823,2.330866220439659,1.8375447572752706,1.7874292606659332,1.8465798489688257,2.0285685145910635,5.769979346245828,1.719474417047001,1.4702076492249172,0.6097723094991424,-0.4048044857067648
2.2570588309998656,2.151375698100741,1.0667441981321915,1.029414523591911,3.3302518720773415,3.100893377834426,2.1907433818476667,2.2120264544983432,2.986623253952116,3.8017447752306306,6.295969343331134,3.5507448003466315,2.451953322262906,1.8907000369020175,2.3603718221734256,2.6878739327389884,1.9639662630491008,2.037094122090999,1.9015846720823313,0.9724195823867997,0.6969055657672278,0.09118039885690941
2.6017231357418367,2.6935090320936625,1.901596810747077,3.0257026625098695,2.6732130430967365,2.990287369590367,2.5862584172269187,3.1629980504012054,3.09750950019187,4.985118461330111,4.0947222526000795,3.805895995255994,3.1914631238145814,2.337383955199661,2.133342611839682,2.213842232749787,2.0565651114356607,2.6529470637226003,2.2260750934964446,1.546377005464306,0.9755108497346126,1.0738640250363911
2.6173536825718466,2.0947219331578295,2.0335659502466177,1.5318890961729907,2.026209204985109,2.2998904208198785,2.030628116114308,2.4404244806691437,1.431413013897701,1.4802303394579215,1.962431181656666,3.2635904451346605,2.1641641796955984,2.223541673515929,2.1145061418803976,1.8665571211987209,2.210716301508329,1.9666774986683335,1.956829945632002,1.3479419174328202,-0.3558727546082338,1.2516378002405806
3.392503140597103,3.002192078617931,3.356796835718428,2.72516545497219,1.9526583638172441,3.305655791387016,3.5246831901036897,0.3718895258762388,1.1840159527514096,2.181797142013713,1.9783766142418902,4.080035001901376,5.694418853000296,2.4472998956311107,2.0878677448737593,1.9068198545963617,1.758855722821087,1.4396289532534547,1.1601611077866898,0.9285076127945827,-0.4683851606345097,3.153315264422434
4.00493514116103,3.5102873980890807,2.851956850447561,3.414778564641065,3.0651651095955468,1.3699125873369171,3.056809438188933,1.6481408880632569,1.663055078974585,2.1386120803279733,2.6995457963571012,3.087457839119178,4.1420787985534515,2.01577012119769,1.9078230858909944,1.6977831512614694,1.831574257305567,1.0324264526478677,0.45629610408653104,0.010880838074076674,1.271533893623621,4.955734291115184
3.980613130012686,4.109269399345675,4.071186972293846,3.2647442067041825,2.621545201685107,2.0817176488924094,1.0591702799803748,0.05852624980858705,0.2900409304697284,1.2265277827186705,2.976605258209406,4.92665254535408,6.002197981036322,5.562648392559368,2.08924732405454,1.7675668928959893,1.3775581710189004,-0.15785235855974555,0.015512157407646627,0.8626251641765893,1.6828399994794858,3.678206427949046
3.4769577604395576,3.469287075036809,3.8625472725836887,4.099495789552607,3.9125568947406903,1.7839253067657228,1.205086771665177,1.2074987525730825,1.714905216102322,2.046696873729007,1.6869842478251371,5.958887021372506,4.978268510626078,3.7973191623995453,1.5707054490477717,0.4651472078723,0.4813419654606889,1.7007552800726375,1.535984187761332,1.3394770130590588,1.4741178344045767,2.434175975262646
3.3633185136631614,3.6761852995454998,3.2705045420458054,2.975337977197406,2.763370188472323,1.5578724294762123,1.6634641168258029,1.515017639078729,1.0240561668268513,2.010399527906333,4.824148389384835,5.164805035737693,3.636302748206465,0.8596201822730911,1.244217670385041,0.34651301484066915,-0.9784129783335526,0.5849320127471839,1.5764794846880523,1.5000643751313516,1.426659208946275,4.895321944637674
2.704955903067328,2.722217961593201,3.0491334772660617,3.503052834149288,3.603461123971598,2.041213519815893,1.6192302767881943,1.1195087787104894,1.6629190828448528,4.490856292588874,3.2720556313886964,2.8039398278773806,0.7988223251696357,0.6949757807555547,0.12113926535152994,1.1409214863242316,1.0317124676013543,4.353840458628775,4.891681901681212,4.001779658350114,4.174411008176935,4.503017435764495
2.640396693571129,2.486133723835039,2.0546221007853465,2.8036111666881234,2.423242830081322,1.1391306954142333,1.4939903006761701,1.2969729178866625,1.6060968197566472,2.408100019113396,1.9477881011990745,1.2813803543466067,0.8583011597278023,-0.37679944526667974,2.2506120998148105,1.0261309920721324,0.47653146164352106,3.3419969096692417,3.8670720563675127,2.5669745262823844,2.5786886903581774,-2.1581433395628693
1.9629410868569868,1.7682533148901873,2.087195993198193,1.4862060250319198,1.3450994239431189,1.0721635852590827,1.2355792195023425,1.045456433162405,1.3315105034518644,0.6757633275355387,-0.8838566677140417,0.31725256144245456,0.977588213647706,1.0337432318489919,1.6402987504312019,1.7243814120202503,1.6731100071295406,3.8601501814173176,1.6819172784500112,0.5125268153857833,-0.5417327759147157,-2.969981678875422
2.157388182630813,1.3067473369509877,0.400716106177615,0.3638434847362116,0.4483096850939589,1.0734376862807662,0.7374260137234083,0.9074399085070791,0.9808667471955195,0.8853456643821846,-0.01999286535232389,1.0033416702313103,0.20275081406884155,1.8366264802807477,2.943727604752127,2.232975314765609,0.9171190928414811,1.5030682201597478,-0.6815196611646346,-0.9145325374128374,-2.738597586902701,-6.975257867395818
0.8869892561558518,0.6535918419706542,0.36740036604140447,0.2947374445341342,0.9348026842948367,0.9860674792173728,0.25529386567549867,0.5359576827885865,-0.3788144553537275,0.2585915281806676,0.5352590302647117,-1.0829264791908613,-0.9230330240366128,-0.4589872408016364,1.00551607644335,0.5335949217691518,1.5509065658665817,-0.70536159340615,-1.3298078971591611,-2.374217679657293,-4.4951661073692,-7.219693514116733
-0.345693923546633,-0.1407734548663011,-0.4191784446813331,-0.47049943283121265,-0.8382975517691184,-1.5727121786362648,0.18942506895034017,0.2444963409711931,-1.089278691714485,-1.4368373173113727,-1.3187198474432194,-1.6951484563939525,-1.5097460146422341,1.804467183479315,1.397567097568472,1.1320617240677855,-0.038022693714877036,-2.7713869069988646,-2.174502896212459,-3.4049500109610658,-5.370578056363413,-5.872883183206063
0.7921219015026938,0.5714008331048805,-0.3599367572137807,-1.2504374583514435,-0.9953290357414896,-1.7138060558777135,-1.3574304866425921,-1.1546228385824135,-1.924090787935813,-3.101352250118362,-2.6238039716454598,-2.6168314899259753,-1.5867975636821279,1.6536337922422983,-0.011008157270921965,-0.44408866968072114,-2.3889033066092202,-4.615700066222746,-2.386480702266547,-4.643898973379443,-7.2101397206909885,-1.1472887177527697
-0.6788803696278357,-1.550562099623647,-2.1546744316254585,-1.0690166545118611,-2.0292719242233654,-2.9597989727906695,-1.9496708809796732,-2.0896580858751466,-1.6143476773437302,-3.0298343662684815,-3.036999883477669,-4.670459623815258,-1.670173132394662,-1.9297635464769185,-1.1809712513723658,-2.3451129460573794,-4.920926046797452,-1.5239930088736267,-3.4896089749197508,-5.679130282547594,-5.2903241757557575,-0.7177532758109179
0.011575457967701385,-1.8669046982382627,-1.7870632488915341,-1.5490376400991697,-2.446634180984707,-2.8129654618000606,-2.421965241639998,-2.1711472817453266,-2.052165003327336,-1.0788957708018907,-1.9476491459890508,-3.6998674897122754,-3.309207762351958,-2.271977237091866,-2.356286289868622,-2.173495985495503,-1.054970543621331,-3.410521305905341,-1.415169307179064,-3.226404881501402,-2.356288135799518,0.9189833370745529
-2.4805241941470317,-1.8061834795855207,-2.1599394934986114,-2.2587703643935706,-2.4713041206391537,-2.5772351745598434,-2.0294799668118952,-2.5094279536321498,-1.5590802481249635,-1.487674740208946,-4.221869667188954,-2.1965848736991247,-3.063479896448547,-2.5142596405460313,-3.81737949780599,-2.3921311707170605,-3.3402048598731517,-2.930049062375761,-2.3560950931083022,-2.1172546515175954,0.3132762152998236,1.4312759011698757
-2.7504267359205654,-3.9738002773526784,-3.1592375226428806,-1.3955270317134594,-2.9187024048380312,-2.315962692140561,-1.5854758009469634,-0.16521967255411302,0.5182691914535754,-0.9750264653468982,-1.4329370407454305,-1.2026434622523983,-2.589389874968908,-1.7401802957526313,-2.805211674281382,-1.86802947973687,-1.44305212737276,-1.437586296467876,-3.511191007614211,1.2951842201472743,0.8846852671839226,1.240935637531598
-2.3607191460681243,-2.9544088800979424,-1.278152380051589,-2.0435494806045953,-2.0719938323356364,-2.3999281182679835,-1.2511299400390135,-0.7032676582407533,-0.9429342652941368,-1.3211352263093052,-0.352826409403724,-0.9675435092198985,-1.8165593853402364,-1.2586451710576034,-1.6424877484650653,-0.6454493170851873,-2.6773660725417265,-2.1212155987487185,0.5636801076898563,1.363373883596743,1.0128442740791803,1.3524862683250924
