script/wind450m.json
{"header": {"parameterCategory": 2, "parameterNumber": 2, "lo1": 3.000054539987559, "la1": 64.9999836372058, "dx": 0.5, "dy": 0.25, "nx": 34, "ny": 52, "refTime": "2026-05-03T16:00:00.000Z"}, "data":
[rows 0 to 24 of 52, columns 0 to 33 of 34]
7.588120150141144,7.07167317692347,6.378586739645608,6.121179914015974,5.766319461380951,6.2434479056454215,7.5874505418293445,9.005632531354854,11.40291444225597,17.147967154278465,12.349990649467504,10.72190441183544,10.136344079475855,9.623032776668811,9.001865953838669,8.081958073104472,7.074014316509255,8.151283636827875,6.782156495965949,5.3201803319947505,5.499995421647772,4.41238341313012,5.073876458177329,5.637731721572787,6.498043949724046,5.523720870374639,4.8554297000408475,5.618506475938103,5.221767712827371,5.206357832645019,5.056298564932935,4.631095785604178,4.634125276456009,4.898863063574844
6.949506999148665,6.7870628378522095,7.081519839587381,7.384221615814995,5.5086651366690225,6.609074856116491,8.506478934920988,10.786049320504718,12.180283480247663,12.205664603159198,11.901603112034076,10.734363465849192,9.53915988760852,9.317823027091135,8.35932579443964,7.744197583380289,7.595342137033783,8.140659501801446,5.28574767678871,6.326058258269635,5.521408317371536,5.659804046065116,4.2990091587680395,5.672839341866999,5.139579931705739,5.3625002780016,4.394572530192647,4.317201414447184,4.729681956752709,5.399170056484908,4.862552405121104,4.860827572041951,4.258808014273612,4.860932944871793
6.467911590938744,7.547610027494758,6.765577436461949,6.970658160822218,8.508583967912925,8.15449881583986,11.27135678596179,13.536428844701648,13.136302941974005,12.274079471906335,11.397098524740189,10.846473794473003,9.693845396674245,8.630957370062468,7.575021325365985,7.663095587431755,8.125594849462562,6.046786934260135,4.649235825428981,4.996470279924445,7.787780734818389,5.796611279799855,4.6437643788764404,4.735105709695732,4.8481646690209645,4.517312022376051,4.5841402546693715,4.504465684651768,4.5463797800645285,5.24162036611,5.032120544936567,5.102832033254885,4.590797164220374,4.58802938415509
5.302454066779943,7.6687512749843805,7.7356454411405515,11.246608822418706,13.558023630418797,13.232378674901689,16.071066397488813,12.68371580746677,12.46424914053562,11.768150453732675,11.362481266602822,10.599726219787348,9.478409698007066,8.27019871564052,7.959591542955139,6.6140027347281,5.686782445156988,4.93240914156867,5.344107786445681,5.037469621717937,5.57781290092762,4.082269586871899,5.929166513287864,6.191694946624,3.786164646664244,4.652318403738741,4.787958870808998,4.006334948368478,4.8756441112585245,5.06831610260954,5.3646380864502525,5.806075371497459,5.55402439361084,5.024447364218321
11.217492712963105,14.367259126975583,12.268045613900602,11.764763662696845,14.763131548352987,13.825206528756084,13.278835740534694,12.607798019241018,12.083651776751855,11.558793090704768,11.274165748598941,10.369457284701737,9.174425762583041,7.468906073827761,6.79794553862827,6.497365197378378,8.16471000415095,4.967039921669831,6.24078118902892,6.768702895239502,4.733452093306696,6.528238238036725,3.8734927248278526,4.442847043950398,3.3771460186001776,3.2521305759541606,3.528646574914743,4.700693010622322,5.255688408348763,4.911244852076952,4.775312517812835,5.763874778283573,5.22462450645573,5.628189033807167
12.84152519994954,13.652873581404696,14.53158377416846,14.1531644679501,13.655217370116828,13.010116222890169,12.4482938124716,12.056111577778506,11.791540074338902,11.45497554376223,10.939374799562401,9.799722480307333,8.568439790575113,7.1632768877547335,6.6662663893333685,8.258735816205949,4.638504846367126,5.421735570802912,5.586599989022033,5.199142246836276,3.2757735268492496,4.280307655727455,3.7472991382963303,3.6562681823250824,2.746822101368278,3.204644542333251,3.3315340034161682,3.327946602630782,4.442020196618197,4.6546835318181,5.351449358389973,4.84148513340051,4.75259418514596,5.279394667681656
11.837714740958944,13.04386911409533,14.57791916384331,12.999182448847355,12.639268651272573,12.078692062111331,11.799914297817113,11.801444747945386,11.539733309808438,11.27586258043096,10.539963961171198,9.26694023753105,9.425195106680706,7.628961029053597,5.774625560880998,4.86655387884729,5.378595406934506,4.924268457632552,5.882201018699372,3.958818751218505,3.921238035176752,3.8834723993630247,3.416637082202814,2.6398997013970704,4.253311074685105,3.981652296288136,4.900142290117552,3.598993579564458,3.798259164770469,4.161914759145016,4.451807969192732,4.977768954274249,5.965029431303322,5.472164430850238
14.600535556107886,13.352875925969368,12.776610283388488,12.141049428127058,11.796309673350795,11.403151750591809,11.439502129434857,11.333221880478176,11.327428506749081,11.135336785119689,10.409393524639066,4.852824606567203,5.527856719863618,8.157216442563863,5.614956334115693,4.91239675534087,4.655531756022218,6.531545317617757,5.14462413004863,2.9777600463584033,3.651314672003273,4.0825459340665216,1.8103807057900163,1.0855396574222513,2.006153328811978,3.156009575525649,3.3617639502241325,4.856790789755102,4.481350963430633,4.368707955789467,4.669623614480742,4.787384363154834,4.637322142816576,6.15451288624464
14.047454806875237,12.951664480393074,12.112153711282344,11.445781139005238,10.884897822572526,10.952498498588783,11.239579433607224,10.84469207927111,10.719437629053393,8.498570539489346,7.613438421310536,5.780974696636069,5.401748384255315,4.778479238112375,5.068910219602492,4.337214870395575,3.8408623345172614,3.70988398063778,5.8123742384385375,4.2124091463636555,5.997229768886221,4.526078206665101,2.4650045555058253,0.22511840334300062,1.5068458731985022,2.271484747859713,3.2633110189270456,3.192144650521933,3.1436585198600375,3.0879211071496004,4.42620098087205,3.4357053871560557,5.538690522194322,5.378223258901849
13.14431762596586,11.83060903652629,11.408860734983465,10.776423005769951,10.300554088434055,10.31594285961284,10.90044066004304,9.703523753148819,8.204308614654284,8.603702267709325,6.72378147829218,5.722683044107139,4.11630930582185,5.385883549602474,2.7342364772035537,2.6830736904938446,3.9943371610871483,7.455310622665915,4.299803145661801,3.621881269036114,3.1137375122892847,3.4330802676819765,3.8139214517032607,3.1034904361413127,1.9404943941553843,1.5440797721439838,1.2414572538682767,1.197311028784969,3.1036689902374834,3.695604815237223,1.00129844592671,1.8222716333419577,4.016068632461284,4.9984655644720695
11.937974408100025,11.375332157268481,10.77341972966074,9.868371745030432,9.363878048818371,9.318903668927492,9.875144210742475,7.643717354736164,8.457292328044842,0.5425976791313982,7.638802927361772,2.0498278149299023,7.013734898893959,7.106189256999652,6.824736667269478,9.577466237123618,10.575311629297815,4.71249854063254,6.1286472497983295,3.313233076363081,2.5861713231820977,2.4306897594690455,3.6575317067763207,2.197368700480702,2.6223995290277693,1.8923450437358948,1.6635993447825073,1.7268417517145176,2.6616843607673584,-0.15277485382092676,3.391540302886646,3.12164828724639,2.297505057388255,3.85033657763545
11.33880687950444,10.84769572652238,9.831044301842793,8.723203159005005,7.932508537025434,6.388992687599029,8.126010256955864,2.8376391294368397,3.1288536538116087,6.329544741848923,8.411363357393773,10.327026016683682,10.97369580948483,8.10886697521668,7.3804429130142175,4.911513443648821,6.674861187297944,6.772274482312609,4.098684802898107,4.307378352436523,3.48614991417937,3.253381530314458,2.789966030428929,4.212705881565029,3.511117501305252,2.3946349978471986,2.6422058069128966,3.0251076315175,-1.6647880524209004,0.5700307029598908,1.0118928552528894,2.5199474562449486,0.59224925014994,2.8353012177512844
10.834166713134406,9.851631707236923,8.778229753208286,7.459819705593957,7.144415570285937,4.910568667245219,8.606278265692033,6.9540503589182245,5.6218975323262,10.32853660517949,10.788784471567794,7.2169901346512875,8.166343194672665,9.01631865876411,6.487213375320265,7.603736904306217,8.257434381165098,5.3671704024621105,4.199419405832247,3.0358306624513576,4.02726486606429,3.403310146565686,4.01460163018798,3.3091364219705026,2.501662829922711,1.283635722681816,1.2296580864615625,-0.3914218974793263,-0.019633876481006188,0.7041245959592005,0.593925883557912,0.4850003357932063,0.9143163245986204,1.1317004766516479
10.123890425550613,9.186556652087368,8.049537384795276,6.251378397462589,5.4471206757706545,7.1303359518885445,8.051663639714324,4.369117359157277,11.476156250394402,12.28204359618845,11.785383543787379,10.417300947041035,6.45901654392624,6.92479863562363,8.770173164212709,7.225626418112529,4.162925770081443,5.6281806439867665,4.1037521457844015,4.211410845607733,3.0772344123747275,2.065191721751741,3.313456927128207,3.2078710437929585,1.8750905370548774,0.8482240587835596,1.6388131630720726,-0.9453388649250428,-0.9960065025080821,1.534152545645507,-0.02648775500852856,-0.9798630140283293,0.31960541238058743,0.11833667333185548
9.625750382964096,8.643706192742497,7.184105191897793,5.376740038502438,4.112922994198471,5.630067503139343,4.604792865226859,6.76879573016049,5.219775082646882,5.381836135405514,7.483610702498926,12.160563552261113,12.257451578042032,10.970595471763895,6.743763560869147,4.922809577039324,1.870049284561643,4.789453207376022,3.3555202760993765,3.346066247458319,3.2150813157562173,2.886013651328044,1.617868975821063,3.1568455281026435,1.7013143839682254,1.021944724496787,1.1331235436198361,-2.9423819028756246,0.9757641867442346,0.7829121963972232,1.169414073202018,-1.4580550488271216,-0.8178124742225378,-0.13599522347086446
8.767468959410179,7.771302100424634,6.667612725276284,5.047146919018996,4.403329574821242,5.02779541351906,4.285912459880437,8.254577092196788,8.116737773091845,8.087132821283221,11.109010917184191,11.206576483262355,7.266725901194604,7.9361139860086105,4.92999971536356,2.246498233068705,2.3789734596848167,2.1569746645953773,3.516317074309821,3.552155283000059,3.8115343199780254,2.8739875821557854,0.3810640742136865,2.7245863674435022,1.7159023710999404,1.8210412990010316,3.0400091148447563,-1.6881502131590187,1.7680983468834361,1.6286304063154549,0.27825002176819386,-1.113935544852515,-1.3242512525014953,-0.21476018749422968
7.827717328471401,7.169688629736041,6.121864424262397,4.68375935589393,3.8218496508809734,4.056227815735723,5.826326632019249,5.7701386460276645,2.0902518570872424,7.784505611192101,8.82117750010563,11.373191196984052,6.1442842450945845,6.196202457364232,-1.3977100168307044,-5.716418004985825,0.10583390637317988,1.4624788025367526,1.6750027085698547,2.1094366201673616,2.82876369808467,2.0342580992827077,0.5775750860308063,0.07465578932827324,1.6651999581325225,1.9136158853833667,1.9144038986226515,-0.16060331481340137,2.427874243555136,-0.0012655385148951336,-0.3929914779736456,-1.5372604712708402,-1.6126326958442057,0.0017087496877416113
7.052741234639938,6.587912348012104,5.609038626714572,4.570334452912944,4.199012873253001,3.5735960836736473,4.77317671146805,5.212168959199197,7.192341843882336,10.684583142506925,8.575243367277778,8.2595609843679,6.646722923064105,7.205723525782299,2.2606775898273725,3.5667437510200504,-0.5044912605408195,1.630597202571657,0.8653059409110205,2.090260711050548,0.9805856920225173,2.2013472002460435,-0.6272250013543583,0.3970382396121341,-0.38094567820768144,0.24481928753161178,2.1977681794102986,-0.5916414338169041,-0.845258762044556,-1.0345928675296516,-2.4233381663664915,-2.114936492938762,-1.8080775928527766,-0.935423774580115
6.725975441124467,6.268236333958453,5.22877162678709,4.148025071054518,3.588130167697464,3.513217644404073,3.51644329554091,4.82188499286155,7.320699364260613,8.903961961544272,8.30109551687152,5.600861325795686,6.648749858269182,5.617832890712842,3.8479719879498173,1.8582577380066638,-0.5734965550426763,0.09625886723963288,-0.19108778274556562,1.196951933582177,0.2691573904926578,-0.3470181684020919,0.06866358756973795,-0.7831993985001592,-1.1513820871460392,0.02754334804789908,0.3756668767816238,-0.27361140601501704,-1.1890895141531506,-1.3332957415622424,-2.922862587264843,-2.8300362360340605,-2.4988335037540215,-2.266036852014861
6.486167129571281,5.586621461336288,4.615238690446666,3.9369177817732237,3.507782991240852,4.141757330957944,3.810295451757745,4.421928547131137,4.414461159831789,6.032388986811055,8.080440001173738,8.304779582149418,5.654400877732049,4.809128473575932,-0.4707339376330663,0.6843739001325762,-0.23204108276663543,-0.3480192434053134,-0.7003944481494333,-0.480010699212854,-0.8841376626393358,-0.7910081964531956,-1.5633763131604832,-1.8605452083135305,-2.13640717832178,-2.042115270627348,-2.734262355765029,-1.8857010156482572,-1.6934290792005888,-2.2838048731087426,-1.8009353674814839,-2.892197486180806,-2.4534099709755997,-2.7299815871014386
5.5864519305001545,4.852543458763852,4.132740112147697,3.703903808731891,3.8767243207257533,3.8071962067801666,1.1223451611835575,0.9454525111674479,4.097926502248299,5.1167906145011495,6.302414838418956,8.018273712343479,3.122182771806795,2.145221505483718,0.5454146830022212,-0.37469270455639114,-0.39841240586886256,-1.1563472217198714,-0.8893197134384692,-0.7623693414392004,0.11597079036359935,-1.1764264753009683,-1.5183143614056194,-2.193143101401461,-1.1447030198381238,-1.9327468654937272,-1.832160764523896,-1.2326062893985152,-2.18072174650993,-3.2839738078968503,-3.1503520754742995,-3.54776943443908,-3.234436031148089,-3.0926408299700694
4.993830217440617,4.299658034006481,3.6982686434245706,3.1898624637941824,2.9835370009625213,1.7177013030721608,2.750197608292168,1.1902638594340944,4.489434098199861,5.393444971512911,4.577100377748432,5.305607011230378,0.10296994630038335,1.1785908360827055,-3.5842536664652025,-1.0540029796291703,-0.6686197429446503,-0.651056590905497,-0.5341408741936722,-1.7754072275906019,0.18965739054786598,-1.7540376647413913,-0.05412897955343195,-3.1166497945071794,-3.1064020888546224,-2.720589405423101,-2.636019775021796,-3.6479467215764907,-3.937472571971656,-3.1638901519970815,-4.456639797627477,-4.496493182387597,-4.070519028547594,-2.55978501815239
4.3639429768822,3.8612922043999216,3.170554640979797,2.7821600564071005,2.6185111047933076,2.557874387954326,-0.07784487235164572,4.7778840589736395,4.793476264774005,3.736706927376261,4.035313655231843,1.826575338436212,-0.8549427444060018,1.1283933775856507,-1.7252782824023352,-1.267156205116833,-1.3530003998364404,-1.6123782146827015,-0.913637069304207,-1.2450483467938172,-2.4320711356891254,-4.521941940023746,-4.137144112828737,-2.469485096141957,-3.541187873732927,-3.819165491138558,-4.098633930706593,-4.55380164633045,-4.24391728907321,-2.782920032512004,-5.476370957568799,-5.636626589788248,-4.123762370675279,-3.96910108284012
3.8562984986488478,3.3911411739120387,2.759631819193356,2.497626920137177,2.8450620566004936,3.2636923801614826,2.0989693544063783,1.7322310368921268,3.25748554585142,3.8174989883695907,3.8499669873058675,-0.2771577089909246,-0.297542835587519,-2.1811040626888656,-2.809338651715799,-3.2301984924252585,-3.4448815901742234,-1.307725354353119,-0.27496717854383596,-1.708154123768758,-3.3142846663174104,-4.07763631397715,-4.566191223138181,-3.942985139611993,-4.278059329914017,-4.126324289644967,-4.006046639943855,-3.305349322881437,-3.515569140468568,-3.5452870071396982,-6.40254099169095,-5.872827813712932,-4.687864336801845,-4.974029813399736
3.0665205846255725,2.838335987627056,3.004024559600862,2.9484436097944857,3.0303380064290995,2.0007631852073904,2.0451773917816496,1.3905248096937017,2.7186855604750373,2.092891412650656,0.5913871877090132,-1.7291853504251145,-2.0993749411298896,-1.8791316257632733,-3.274435827879808,-1.4130980618231106,-1.4392213640214055,0.4060190049862622,-0.8535566478672217,-3.1964421381779005,-1.0710993973381477,0.5867516051855018,1.6845978603568843,-0.5872340445694191,-3.733572483876689,-3.6156413978834263,-3.3184949287206296,-3.00990363038045,-3.405616524851885,-4.357869790015173,-6.551978119622918,-6.340128791991117,-5.5408313238555,-3.6597798153603973
