script/wind150m.json
{"header": {"parameterCategory": 2, "parameterNumber": 3, "lo1": 3.000054539987559, "la1": 64.9999836372058, "dx": 0.5, "dy": 0.25, "nx": 34, "ny": 52, "refTime": "2026-06-23T13:00:00.000Z"}, "data":
[rows 24 to 47 of 52, columns 0 to 33 of 34]
12.358658439873379,12.268200838254353,11.963808250807425,12.334484367227377,11.492831064632583,9.578133745633078,4.63600522316847,4.668699922246353,2.6449172160576997,0.46768940742386783,1.0994236959966555,-1.1577555948856761,1.227480021363897,6.989811570427197,5.917178834174223,8.654435483309745,8.104449841316173,4.37089579633848,2.5420374339763177,2.086298841583097,7.648824006797922,5.361980436138772,0.5736009656907819,-0.09204837964401043,0.5381149615068409,0.9272322536444932,3.507410876041538,2.4894847163908955,6.863497759216639,7.628749381993097,7.391252151377382,11.075811224378667,10.619135305892584,9.28765375442663
13.275286276526348,12.920897728623808,12.891287753626678,11.84557176019545,10.818614771984155,9.535232539556645,7.287948035372298,1.982517767640804,1.8863370825508867,0.8940301811221126,-0.47505743535878603,2.045808322537354,4.453905261729357,9.648813123394646,6.743539300242933,7.683021767280106,7.917839822391619,4.052351931600177,2.703286280439749,1.9077951443470393,5.312769837159462,-0.12761341375776394,-0.718323257251369,-1.4723252911618367,1.0301488954768296,1.731587716077829,1.1020942133178484,1.977313915283858,9.642000161073446,9.110521069966538,8.830991752412807,11.412830334766518,10.065490252959513,9.36116760632276
13.01597080882801,13.77912906839666,12.263076915684154,11.208369163045294,10.280134551134553,7.261437624124093,2.9641292809252904,0.048447252470835374,0.47815336826037963,0.8226193880362398,0.3993020151878572,-0.5071809758682414,3.9198773851090594,7.700929180046923,5.275107573731645,6.232499880322479,7.00520838619871,4.120327433552451,1.972990356009344,3.8310682229936965,0.6205476736434382,1.3151613723278854,-0.5191898356734623,3.2138071455238455,-1.5648514744688968,-0.8278712529028974,-0.7914789597648928,3.9144571212922714,13.801058771825339,12.75114171546275,7.588644055767305,9.622628234456691,9.807986218985079,8.755166012315662
12.962649428431414,12.582129091155053,11.918061921721694,11.653938647967317,10.214309321929075,8.094527668474946,3.842452718375313,-0.009707821647777257,-1.7394531031167573,-0.33851785906620857,0.06784201993587707,4.457750399455193,4.326501101576313,3.6275156995208877,3.9198786602500477,4.162914926105007,5.564774910231412,3.344071402732051,2.2823011484042373,1.3870464421906845,1.3119108476163446,0.05847071097937763,0.32096837091113806,2.0938940759306974,0.12322534926475023,-4.208747254401614,0.5200578757864721,5.029423509280681,12.815094761924014,11.582124355541332,5.378316615969951,1.914641718859605,9.04786593714784,8.832220474491502
12.797918094385768,12.370601742847883,12.430190900674774,10.84225218726904,10.872486016529862,8.648450074269908,6.23358132837662,1.9963888861396037,-2.685476148970279,-1.3266228740887103,0.24330684331859914,1.5459328080790529,1.2368978967622952,1.509901290863616,2.805386713278401,2.097343177404518,4.703158229370306,3.258315100800724,1.1930642622357557,0.1525176800626774,0.25208301565228103,0.0821231298032947,0.9461488206116143,0.33927998266587034,-0.690741669921906,0.7335293543155297,3.433962662058008,8.118752283773341,10.812244366952557,10.688703912422849,4.636367370237187,1.852454797543396,8.780349343079445,8.90150422324852
12.884046381342955,12.498781626027103,11.622292951828335,11.022169664106523,10.035102094874382,8.04499043416963,6.3798757729434845,3.2636225270804826,0.13592043781331384,-2.0105319160159425,-2.952948462775421,-2.97764946795583,-1.6791203400493484,-0.8590747467341071,-0.669236233504219,0.5255385831890611,3.1348268205524374,3.0003058761551005,1.4240006138778096,0.6747811145093949,-0.006255897386879732,0.7394143934174908,-0.07015901236614414,1.655862230024619,1.065410105173812,2.233358609086514,4.17555945284199,7.0944364554108805,9.07737550182097,9.766704175116894,10.018844299904897,-1.4132166481369677,8.369185479556679,7.115956967728657
12.574769769594385,11.815827844299081,11.287399935037026,11.006799128681834,9.645343799422816,7.5974917763093295,5.670442165034117,3.0496497170513006,1.100338047453999,-0.7663581358363358,-2.6120261787959764,-3.1704086371087343,-3.49045137785399,-2.4317520035294193,-1.2624601927508148,-4.579132946215913,2.481947979705463,2.588037557983392,0.8384026894318058,0.18994538885740095,-0.8212261457295054,-0.17964624395047468,0.775899352219609,1.2464460380767195,1.3228487812123697,2.6728491925792217,3.3155131996339064,6.1995530817976,8.91186941904422,8.905455745269295,10.32831257629273,6.18826484520673,6.874733121651282,5.793672425650621
12.616887898222226,11.796785030569465,10.771849547211767,10.390719094898277,9.454808139476945,7.742712710492442,5.343460128711077,2.9946983552426754,1.0376014044614337,-0.866053970475925,-2.9435671301840087,-3.7270810360897397,-4.503011224410787,-2.7586702610811242,-3.3265418387340997,-1.5181267798874942,3.0294420829142883,1.6335731376154632,1.925392262811974,1.0322339347535052,0.17346867348150088,0.0810641888981709,0.2157944346753287,0.44836065779975187,2.0007623549620237,2.057585909603406,1.9616487437423298,5.208024808989889,6.410858721957869,8.477761944973022,9.153935439125675,5.8835385738794965,6.109877234912624,4.7793207680371985
12.07632474856143,11.071205408554848,10.431323693003868,9.978183658862577,8.755096614271725,6.890876380169668,5.3265590575084,3.4219598102287567,1.7453131834089055,-1.0069416067118857,-2.608970248458234,-2.2132185188602604,-2.8961974951703846,-3.8849398035916973,-4.294280809395605,0.850584816845539,1.359586031088807,1.2339806023138962,1.0160166030087288,0.19045844656829192,0.8344650807634616,-0.4477221847159253,-0.12142361696000153,0.1564344079979245,0.4888703863839176,1.0990346898011587,0.9808879904999567,3.871586418188392,8.467229448944448,9.488319154081088,8.33422654847095,6.548010254100216,5.356095129194694,4.553612394709146
11.30527836104249,10.277157929310524,9.575520043266774,8.47201984479697,7.635707124685188,6.374730857621107,4.752589625195635,3.569194036919285,2.508209051713413,-0.16971274545158269,-3.4853218663116174,-3.0132490875719413,-3.5722287668093746,-4.306212810540642,-4.882522036177982,-1.3259745972939132,0.5413836730823026,1.2942722763304413,0.9787810997281046,0.24796135596724614,0.8776946623201279,0.3357193556816969,-0.8981432111471694,0.30133850220902175,0.5194683414454094,0.4214063018589739,3.410495557611116,4.417526332927542,8.847439532586499,8.601709308328584,8.861241609816823,6.7762593678317495,4.641918743548837,3.674855761290866
10.95357245510161,9.694886566648842,9.03207817536193,7.959207552546835,7.517378211270593,5.932224612397796,4.7166550922054515,3.3650371803824344,1.9070947190382694,-0.6317573195018092,-2.019448668051956,-3.2768168870731533,-3.832629488599678,-4.85855537063985,-5.257267279978988,-2.9523795965356303,1.9443275085918452,1.9432811166073132,0.9913889035946792,0.007595261583124624,-2.0312698395664737,-0.6446281553956612,-1.135801683784607,-0.9721966550952136,-1.6505398244729994,1.7985718717896166,7.275785342342376,6.729002163029975,7.862639871286411,7.365006345268007,7.366299209645643,6.735872970525297,4.589376142991599,2.2752664384670873
10.41480608918021,9.287021976490578,8.238831244602398,7.564259833899578,6.932016750844361,5.780726760724121,4.229596212932904,3.035883656340486,1.2484326858565353,-0.5619705304834924,-2.632187532078678,-2.968071209714265,-5.407472479960848,-4.671427472540644,-5.177782480445844,-2.753586924097681,3.8923192405651825,2.1103789357476592,0.6032228317430943,-0.8080103112663405,-1.3529155360013452,-0.7613370809439481,-0.8744668516059314,-0.3969864788325211,6.066706232313018,5.725369525308757,7.322760421594345,7.131324764285331,6.9823637592515215,6.077980588692274,5.819654623464472,6.397686563571942,4.427662142788052,2.554570045680737
9.561024401501475,8.429190156180008,7.946178177069346,7.054927395270314,6.759728069513979,5.536187511018481,3.7536791253061126,2.5560361474762265,1.4896229297503432,-0.5476321184678554,-2.8380621890972724,-3.8057818061029636,-3.871336205852505,-4.434159707048572,-4.503231267299364,-2.801390443695324,3.1697592675101878,1.0375918106060016,-1.7382717767267402,-2.432477279766295,-2.07598485530673,-1.1290906126932232,-0.8252942010637713,2.0625580986327106,3.1786629218051843,3.3857203170242474,3.475453567429822,3.843895351062306,5.889454624421076,5.3498210355093745,4.531310157055156,4.125286045834129,3.9009817295535734,1.9719042297051943
9.33069444684605,8.174535155697486,7.2734933559820645,6.619082334306765,5.9146158034720875,5.150036452832705,3.834936944405069,2.4018138963257205,0.9264970273262896,-0.915750539814888,-2.9500726014312706,-3.902899686162487,-3.5874399641203025,-4.331873994652163,-4.165586503910502,0.7227191488052104,1.339084869007822,-2.792869305013042,-2.6844719903282375,-1.6084036748375683,-2.5247585122199045,-1.565879090387583,-0.8928033974865371,1.0512687776628389,2.799959774222228,4.76597210978815,3.4199980161883463,1.9039806938658745,4.609205045431432,4.97299332654464,2.945525601735032,1.7785465333376105,2.732867616370325,0.8778912180748044
9.429067510308998,7.738127597793419,7.0886672193157905,6.352841443607721,5.269430374129667,3.9688480062901226,2.967138279401155,2.089228959629387,0.4576275219341887,-1.4018563340068104,-3.0761523114901324,-4.078179412944537,-2.855618945275672,-3.4958044921014038,-2.9897324134670766,-2.8269929393173556,-2.7011040694605026,-1.2340751352317667,-0.5346369579466541,1.081770017115641,-0.24494327573330357,-2.762943740136474,1.9949578007804352,4.433275795351899,4.342068819468603,2.7959211845859833,2.583483463540431,2.435540742547882,3.0408415883993216,3.3697071731627615,1.3201470588206594,-0.2191784113786706,1.0426347345692968,0.02374947299637533
8.707055114508782,7.128600827451179,6.419122198401974,5.878550893040125,4.878220204324891,3.23458677171246,2.232318588171741,1.638115080079193,0.6083158569488094,-1.4535681253478532,-2.7704021867619533,-2.161106543422731,-1.7905906321137874,-2.884360526156007,-2.525927410603655,-3.2068235916707124,-0.6198546553866731,-3.0227100011842967,-1.6553153393952245,2.4506962781841173,-0.6074105174743841,-0.9795529229433464,1.6224370462847224,3.07013680381494,0.8636128751359443,0.7692330472072201,0.018495491354674237,3.6964811551873167,2.398812946679885,1.5563187168253676,0.10299721419750776,-1.700996154536751,-0.012575073589990774,-1.0607442089560473
8.012350177194117,6.341502675784969,5.846668837434118,5.553783022096794,4.7748215905264155,3.403882469086958,2.0226364534888774,1.854732318783926,-0.2590362985024451,-2.3163915449392656,-2.818613161925408,-2.372561407672799,-2.148615869561596,-2.26083145348331,-2.389222047901327,-1.7198705540351646,0.6817434987699906,-0.9670566405030285,-0.7222016749249023,0.7409873774816221,2.5849304005193874,-1.2809247603981286,-0.735381456710836,0.2207026151824303,0.9074673296700019,1.2443082447770373,0.45494555931105374,0.8098259219653002,2.373419620598163,-0.2511300226288275,-0.9774263025957981,-3.199667145008783,-1.5109384585241297,-2.4291718443923855
7.5074968073475485,6.737410622155794,5.64581253895129,5.150231169972719,4.385425622388687,3.477244371773343,2.044916854876071,0.9174302258596788,0.27952142288127196,-2.2109903070685424,-3.631732695818185,-2.3433288367753344,-2.1628889221526397,-2.2931173179415856,-1.0904043190520074,-3.829850016814237,0.009041225095533671,-2.461891160131711,-3.9733819093296945,2.8263956248691753,2.0384490748920787,-0.027969635677665947,-2.7022917727632536,-1.5968732150575347,-0.036247594318130565,-0.12448167074899977,-0.5439982175055682,-0.7729988323243472,0.822814325540695,-1.9769595582030228,-3.285543903908,-5.200338624722339,-2.518954259008618,-4.192263233300028
7.702461729832654,6.194257278685769,5.064724501872592,4.009775548762897,3.4138587648241594,3.068291470595035,2.1214415736465155,0.11435788245096822,-0.672787818213184,-1.7519029017133607,-3.6267713301665023,-3.002664783427384,-1.993564905528773,-2.584791950800476,-1.7876215599911758,-3.2870341045650213,-1.795496700345881,-1.4950658959295944,1.1965365787813433,0.8107667434170179,-1.6965028079761064,-3.7254966726898533,-2.934685501180266,-0.638600935352387,-0.772984219285038,-0.4472828244716427,-0.3259151429671882,-0.4559369665002681,-1.2996846623528442,0.27831469667171854,-3.4755552159503376,-2.8667137263850733,-2.2260496752510166,-4.813441484084015
7.217149040686572,6.189783299055585,4.882067968057778,3.6888084382195543,2.9002630933550604,2.4129496976284956,1.4368954455282494,0.18038461691211605,-1.3460109200017525,-2.5880811858977415,-2.9724329892880665,-4.499188269814759,-2.2700681400253857,-2.271960061266446,-1.9751540719193141,-3.9586524692846123,-4.97991485337611,-0.6778393801568594,-0.5182369252175101,-1.806504350266925,-1.402195562690058,-0.41960277257267775,-2.7242206076222737,-1.10016391017181,-0.7891809418801499,-0.8163273149115206,-1.5379065714881393,-1.7481412471765707,-1.5063662870987238,0.029347717997902353,-0.8025268165728976,-0.515304573318532,-4.785699430315407,-4.468836001292211
7.807306128769766,6.2818575919935435,5.019841629828519,3.5533792924165875,2.361809036378766,1.4769738998302924,0.825583507087613,-0.22361691430655778,-0.9420294847384475,-2.9868448757771455,-3.6115229724942615,-2.780002817874953,-3.031525459216391,-2.3592918557357856,-1.8367659691977345,-2.5670608133683563,-3.062762545346278,-4.027112479928807,-3.3456488136929825,-3.0231291038534818,-2.103318498764139,-2.918644340146789,-2.0900908073220483,-0.7225144147410959,-3.077470753289651,-4.032879169442549,-4.186630550315652,-2.9276622333714473,-2.0297688924676187,-0.2957341559342047,0.15487117961350538,-0.30189607935775087,-1.9527111243019861,-2.3448260848855607
7.949828676792713,6.85526685048051,5.052391972141542,3.472976206818302,1.6830100227436458,0.6448608226359782,-0.2220080126283321,-1.62456360531367,-2.0103802822068686,-1.714789844412592,-3.0277718298754173,-3.2266308698688686,-3.5800039002486987,-2.3405502692572675,-3.3470608624455216,-2.5629750807967553,-0.804556123242877,-2.3949277544119085,-2.9052677515705576,-2.1989432252250842,-0.5200845025564036,-1.4370508570527172,-2.190920235837712,-1.7000583676965493,-3.78309284158184,-3.0353712363519807,-1.3591484588193483,-2.6017702533109492,-1.7172182463307246,-1.308858648211686,-1.5512735785862932,-0.7427231976321617,-1.7542359596348291,-3.405189972034323
7.051234363390486,6.232786307805107,5.0991272340604334,3.1043877591708124,1.1011799367471664,0.15119895876148667,-0.7366448791788,-1.9957342126583362,-4.135146481067538,-2.0525864481704,-2.514504397104148,-3.7969766266117753,-1.9351473167734576,-2.939650687329072,-2.4645259742454675,-1.233554284330743,-3.2965393462008583,-1.796231987120915,-2.3446253301329247,-1.2897487857568055,-1.8805139473570154,-2.0579016866612934,-1.9816490857601363,-1.7644858093361473,-1.0681344032340407,-0.6183339970875015,-2.7027765356142064,-1.0610275792099177,-1.7530173561676263,-0.3998227213908631,1.068177063470831,-1.3839994389168147,-2.0665708615243115,-3.658944091525046
6.729773519726786,5.236484245255241,3.871892545710608,2.6349287028068984,0.27984810459889453,-1.7804862200579163,-1.0251172362784462,-1.3510323723297173,-0.48766341247324774,-1.0805104275637463,-3.0339541691992684,-2.9872351693359174,-2.560725161664571,-1.982787949383939,-1.7882320534458827,-2.312616349326366,-1.1697271092591968,-1.58816404779251,-1.228161362827204,-2.1370731911371252,-1.4353244078072496,-2.4104533851783208,-1.421262669995919,-2.272378629727467,-1.518259143255642,-1.3553737276971263,-0.26206342653201586,-2.597543903626123,-2.9810939018501204,-0.4622552799816941,-0.16672083584453978,-1.5074309694212706,-0.2040305135829196,-0.5447036342869921
