script/wind350m.json
{"header": {"parameterCategory": 2, "parameterNumber": 3, "lo1": 3.000054539987559, "la1": 64.9999836372058, "dx": 0.5, "dy": 0.25, "nx": 34, "ny": 52, "refTime": "2026-01-06T08:00:00.000Z"}, "data":
[rows 24 to 47 of 52, columns 0 to 33 of 34]
0.6492277067188441,0.4432990920645419,0.08873835137406347,0.48619911626491946,1.7325280951805195,-0.13919873988085868,1.7171180407593947,2.5827230437653133,2.2753733801267764,-2.144910671026325,-2.2897179338746803,-2.895212410294524,-4.464667252532445,-5.039169725751231,-7.431510717507359,-6.48840846500626,-3.5836228666968433,-1.030330406427259,-0.9878369150191278,-2.1589905543059977,-3.179836002453609,-3.6174477209572817,-3.5779206404551034,-3.6482638937267833,-3.415788924851802,-1.8017725068281754,-2.7330339917260362,-5.9673707691265045,-3.2384703294985586,-1.7977645887048863,5.888769501204231,5.83167568001602,5.706791968570231,6.153066815846908
-0.032223267021835846,-0.17455065622456392,-0.8304546318654397,0.20851709152428025,1.4889399595535247,0.7659529171418997,2.3841884460474625,2.5061728378195274,0.8459448852224909,-3.692754117328049,-2.8508711098211212,-4.662826980835872,-6.494220490218489,-6.9098875729355385,-6.845403571004623,-5.573242097217579,-3.2782935842850605,-2.0167679065602107,0.24758107960437087,-0.9853777713103947,-2.9261710883689553,-3.4948657351847596,-5.796046977273864,-4.119758961650167,-3.2354601558409075,-1.5330416173172323,-3.3410422367005475,-5.613069831725555,-4.599142002950393,-1.306963668921998,5.041469525484299,8.38265559011001,7.674146188727614,8.639887149101755
-0.8438134754437636,-0.9812619343888621,-1.6210821761969405,-0.8526358374557004,0.15442882378095918,0.31860117971711266,-1.0195136135532328,0.4501204319283979,-2.489184576152367,-5.1772664120497645,-5.5912583462129195,-6.411854520110894,-7.476368251362691,-7.5468630900769025,-6.506870786387185,-4.407236579876058,-1.441915496535757,0.41523963455866786,-0.09574568840090668,-1.592017052632849,-3.804778429385509,-4.710916499156287,-5.2053572990245165,-3.4503551634871505,-2.9580293209861717,-2.593901113596822,-3.8396017798140987,-5.771328708734808,-2.6050865180483265,3.5946664822314913,6.51794988959709,6.753432654052113,4.313028011989611,11.703677401609921
-1.5381926879932395,-1.1538962822278702,-2.8331160843866727,-2.1086834323011283,-1.2277486510899505,-0.9496541269125022,0.6394875181280788,-0.18114934391700702,-2.5677927527128492,-5.648238511476678,-6.593811065275227,-8.442896646869453,-7.485970946645469,-6.672698384695797,-3.919712020797863,-1.738811104064764,-0.4073220344336653,0.7958301815045099,-0.858354098823706,-2.3332676026171475,-3.0289942622083115,-4.921785407941762,-3.110143997771988,-2.523272688364006,-3.5542659649937987,-4.701567307463812,-5.47735162068435,-6.928817422096043,-5.9641060204274305,4.388088353645382,7.042737831485962,7.75842737062719,5.011085042145571,8.271466234190187
-2.1203550033648813,-2.311288235818318,-4.126794995061099,-5.153699808347713,-4.759231403410115,-3.9588006818624804,3.1832760444670836,-0.5600333806718725,-3.508850709165351,-6.482899147074313,-6.958404331837509,-5.2598191637358465,-2.714604081353174,-3.307607150208434,-0.10898043012385092,1.5087405326049756,0.6613821939297946,1.0120764447377877,0.020681536232259625,-0.5343384010107064,-1.9340750747187465,-2.82499494837193,-3.7932247733110196,-2.9978553248421367,-3.517176345207577,-3.5965488149218574,-6.523713670915497,-6.880064997958023,-7.950919702929899,4.038842243556422,8.097655368809837,8.557537561286228,5.970961176628758,8.624672839200727
-3.7818940778892047,-5.061783778997386,-5.915847626869323,-8.265059427628024,-11.932603491148456,-3.8642221834260755,3.8359350192907593,-0.3602228447203761,3.6613343197917336,3.185699942001258,4.606416051928344,4.34092317013346,1.9314951803027465,3.108608639823122,1.2643814358492174,3.1511732569084856,1.7526746047271025,-0.6158889338085078,-0.18357592257897115,-1.293372383702375,-3.495078678035456,-4.716218416046,-3.2575249324209956,-4.208489556465001,-3.3300574690160976,-3.3508954228851415,-5.433214350542493,-6.511996664341835,-6.437373734897106,-5.291185072925759,6.294807206070924,6.968876202496368,6.130252210013146,7.342538087548474
-6.123084814056952,-5.996180208771141,-7.761676455789967,-10.622556698631692,-13.51431499969425,3.5829003404114355,9.237367771590495,6.636850637878622,6.824314705794276,6.162086399661493,5.749369876315459,5.181284720875684,3.752428878165711,3.2825607261217598,2.631816610039964,2.598881894138228,1.239953816044724,-0.7673468180133305,-2.242077187672387,-2.730927261475309,-3.558923053814239,-4.091615102995054,-4.814490237785138,-2.7915552907369925,-2.1111987659779072,-3.2280543604411314,-4.562641361515887,-5.531684269704557,-5.149361659449991,-5.3345128827953125,0.4340634797016558,5.4349213609501295,10.251120395508229,7.746358549368523
-8.12586040244394,-7.763370602690265,-7.986139624259757,-9.36002482448824,-10.71076037774102,-2.99120119347382,9.4978829952786,9.537405732110695,8.595445894777656,7.126949574649221,5.739072832568263,4.761194604519896,4.626413624825182,5.267640477141864,2.993285524441829,1.975381378245655,1.882899819129572,0.4711150816265744,-0.3599558402307618,-0.8168215117681727,-1.9891048592188032,-3.39777844705137,-3.410788696191859,-3.069791225271833,-2.8194875362466703,-3.505118308014652,-4.219394628408525,-4.105876068647759,-4.680999118068642,-3.781856058873421,-1.155823454149292,3.7981353248097443,10.45689246038642,9.398832420627148
-8.467676735952333,-8.040793134179564,-7.573695089349109,-9.83132775329371,-8.596834060677555,-6.215754089931804,-6.819190128036386,11.492375633077467,10.71718900292113,8.190045013876414,5.773886355016029,5.615730620507768,4.654588186600529,4.080081107785347,2.613541268470677,1.587392739842513,0.5371915564509573,0.8288360831259464,0.8920226866876577,0.17644342008190353,-0.6037166775868773,-1.8201075375607634,-1.734725975201059,-2.4550527708042513,-3.118986962330054,-3.616870757835301,-4.106642600186056,-4.205771765135954,-4.611129373451051,-2.1184319684409414,-1.2882047298355614,2.2677194383553063,9.063573894078269,8.660361520613503
-8.059314888797397,-8.020773370838095,-7.408248353891119,-8.564664476872126,-8.819755651149583,-7.242376738823599,-10.833518441844523,2.92938000573855,11.886108554200693,9.988662245489373,7.560673935992882,5.019005343337833,4.112811053575983,4.126603363108559,2.9199975826297226,1.3660482704647312,0.4084422661458692,-0.14749159745760398,0.5476272591086555,2.1444113232598316,1.1540210695239748,1.6372776325157405,-0.3473679087110406,-1.8824467312664375,-3.0158572408695554,-3.1052020259960056,-4.155591427086695,-3.7180331440247705,-3.2702667308147526,-1.0420106536026665,0.7977733135278507,5.361052679531839,12.363956182676416,8.848056623050999
-6.633080658195889,-7.604678255936802,-7.298998888494862,-7.908978435342248,-7.416675342650216,-5.826903574264648,-4.471726165305347,0.8255950225087595,11.876914114784013,10.383269047225811,8.028993234364158,5.399192713583747,3.5108574293068946,3.8156288978751065,2.4712224270128607,1.692384318298823,-0.769196149948025,-1.1508020884926953,2.1503892518587264,2.1043403570151202,1.4526462015906696,1.0270678550795278,-0.3134245279370058,-1.9875230506112973,-2.902370282855719,-3.739554635148,-1.9917102355887888,-3.39398828087112,-2.591162877886004,-0.5948218432454072,0.7614069809129643,4.594805863773614,11.573955454211033,9.186910280689425
-5.438795643856083,-6.320176317293178,-6.898396551007432,-6.722109441976199,-5.9341020969627145,-5.528119228760444,-3.851853255072443,-0.2739163781863053,9.024542391994709,10.402977531453184,7.461523498883003,5.685032081019549,3.5341973690039334,3.663774487692015,0.7438922704419008,1.9938929229489328,0.9191690068131879,-2.2831873892236763,4.922786720100733,2.325687498032367,0.8263138417643616,0.578876111465333,-1.499694872612273,-1.615375029914837,-1.8236638316268705,-3.555635136824754,-2.646093315193259,-1.144906489835843,0.5034557809885152,-0.12726149116791122,3.676396081723846,9.617332760747884,9.666011857723568,9.04345284928188
-4.645968993271663,-5.649283844567662,-5.94549768100603,-5.724966102687896,-4.39081449742371,-4.992931179304135,-3.4598295481083436,-1.2389311235524816,6.88252516847265,10.01313602813695,6.480372612846624,5.0986844585669795,3.86509553798919,5.263454687751051,2.199238832425124,1.4340140540149497,2.1195275782146132,2.139576694621123,2.407599179019391,1.1778222075679348,1.3198586147646902,0.5674807765378728,-0.8046045232829349,-0.6783740698570551,-1.8344913032161487,-1.4271464946171546,-2.2507467585736576,-0.7868729740269234,0.40205068920628506,2.2879830155073653,7.910903172582106,10.108585098723065,9.419981904513843,8.088789973118615
-3.94129641167776,-5.761737117744926,-5.591598946765165,-4.558616026315209,-4.908554964276524,-5.536126018286735,-2.6880982539197484,0.5033730630743666,3.6180680086463073,8.598656183460792,5.918661254611287,4.276257891778966,3.069591167361897,6.169401900225485,3.564907755423551,2.274667765561137,1.8821474457700231,0.7690495309494155,0.6799757631761266,0.9144147003647353,1.4247100772129402,-0.1840330307681828,-0.6702881455691161,-1.9860533105235283,-1.203473728009381,-2.2926718449776176,-2.239991645533702,-3.244036611683541,3.4496547548334306,6.423790266544138,8.990538547714552,9.290182834026995,8.588582791112485,7.414078534938851
-6.663955711605753,-2.9487441449818825,-1.8726353161047282,-0.7572322180014892,0.20120843728500795,-4.467779906689709,-3.2661332845068913,-0.8466844436835955,3.4432653551429127,8.503373229508874,5.259236321572215,3.0762001551830895,1.5706639877565374,4.159924636004512,3.723336689907512,2.9143316840699223,2.739532802972891,2.049725983325086,1.7091390561647337,2.6762286665037,2.6217377051689073,1.2560406758148488,-0.5758301093656977,-1.54401841732495,-1.8085245648757258,-3.063730668651991,-3.946923091613914,1.222748119972512,8.739434058272487,9.331517098192663,9.694144606566129,9.72890434534496,7.634005398838346,7.222145681614969
-4.67638118791641,-4.322161925655873,-5.373511474689138,-1.2759148656780346,-2.1235226779017475,-2.8258108364031753,-0.897507079678043,0.4266291258617163,3.4998843283283114,7.299304854858091,4.709108384177377,2.953725513531336,1.8771203177099662,3.4677887822017244,4.251998222823895,3.707096300062665,3.4482627916712087,3.1268043671339956,2.335139945696977,1.4271835202330296,0.156711581149718,-2.4471136117315195,-2.8374047410728087,-2.0705964121977987,4.292187252404086,3.507455428175955,4.385253007777584,2.4124649033914416,10.025798919159095,8.70265386497517,9.236092147026342,7.613968090978447,6.973100925943734,6.360323205871349
-3.741845301428901,-4.559037717583992,-3.752787440648589,-3.256011030431934,-4.182749029183644,-1.3761635671219354,-2.5868121128562316,1.237957408427475,0.9886509168537083,6.320341490033987,3.8649511158897414,2.3391785814226127,0.7576617723900224,2.5836417307895516,3.266296663350041,3.302500993693394,3.408814237103945,2.1172563966970235,2.2014258508335427,0.385071352905425,-0.03607977733092,-0.37305015494514115,3.0022896021775036,2.781888498191696,2.7428463623066177,3.189625040818131,3.5763030267801863,8.333177239680966,8.687351731666727,8.890852814482283,7.435803500460339,6.913690548146707,5.1386748109503095,7.7037254351516005
-3.5077030996206346,-3.612571249786206,-4.12332262718141,-4.511765344644154,-3.9356305248341017,-2.184274008959525,-1.6408316842302575,0.13513948984699958,4.139895534845217,3.876925705529574,2.8535284395918596,1.3368428468892484,0.4713208789407942,0.35609963613136586,3.7127213072686702,3.3661388249317303,2.535131996669681,2.147611757251998,2.7976671872207324,-0.2210761399619383,-1.332419980945372,0.34367625768328586,3.2426744350654846,4.267130846404621,4.47516346994496,4.016053887640309,6.173495491864193,7.5487817817799705,6.936624805098778,7.33103828633292,5.929035489716287,5.935877286440827,5.021768870420407,5.601757221899948
-3.5279756340081287,-4.0580863172508606,-4.052838989792038,-5.191262666977639,-3.573666093213119,-2.5909487443479144,-1.6317485111211467,0.37421626976943145,3.141975652744708,3.3019199030277373,1.6238740262651998,1.2029404169304583,0.8942137885517455,0.8312169829477382,3.2575731265347554,3.7624421546486393,3.0032820858845843,1.917443187767581,1.657639647185611,0.5934606016054415,-0.27004919235673974,2.1563168129980244,3.6323634383660126,3.8741659864019784,5.052749597882989,4.775031410447866,5.579821559845017,5.15578488861483,6.119494092660965,5.273271796553641,4.780836677577705,4.2013838483464685,3.644352241590583,3.665803110603484
-3.222444679414978,-3.4315648256713147,-3.5194474713459134,-2.7577330903233612,-4.77768356788112,-0.42813459737015,0.23199726648616562,-0.36974494601157065,1.3774564728811618,2.316825335011215,0.6501460008652366,-0.0329092152856974,0.006335053210591675,0.4506964590627295,3.520613746352259,2.3007802965086626,1.6673513093190948,1.9544998686283879,2.596602130455107,0.8540223079361122,0.2940828390906977,1.687716607926636,3.4464065424646435,3.6539942584028284,3.7822291759822178,4.063014935232324,3.8651277614812725,4.372245839870791,4.80519381761787,3.835719655002159,3.5086127322951453,1.8074904180976494,3.5246847475543146,3.0943317519670583
-3.218470517542804,-3.119464226228537,-3.2195555295147913,-2.807319234783018,-2.7198065994637153,-2.2394615939763,-1.9704897133389807,-0.6831984765158833,0.5268673664363107,0.7459626435813236,0.10787367352284655,0.011632300611164386,0.2850866952411895,2.039885134179944,1.069567346907083,1.357167068119614,3.083226549682149,2.5770867808425346,0.2222161311164942,-0.6255640838241804,0.9050777506562565,2.0856238652178347,2.1088746676035837,4.277738683236632,5.0415020428872115,4.4641053007231015,4.616805247983753,4.293781690764081,4.063259227123364,3.4753970525373012,1.3086414336500456,-0.11794182238593712,2.876555731079281,1.0348840530295713
-3.810041700201477,-2.821960316769446,-3.2136770195311053,-1.988086926209633,-3.31317718399195,-2.148021105392097,-0.7953926268376321,1.4538923509527755,0.3053856442679324,-0.7047488743081285,-2.267145575708087,1.4534794333474854,0.7912244979961021,1.5789074498344364,2.359082916603451,1.8412761517342093,2.3022137024321108,2.2631175819124216,-0.20242730836999148,-0.6820472021882727,-0.5694677659861432,0.6593808745517041,3.306997626780748,2.740859807346541,6.2205880183850235,4.053769373100042,3.8385658424306355,3.9722381652451664,3.6871299277170997,2.224689706385581,1.1659723830059436,-0.8360855211621987,2.9114054464013654,0.779293128118924
-2.5045661906347676,-2.6626419317292176,-2.5108727404010884,-2.6224491114542494,-3.092437914969809,-1.7201362052642952,0.20494873796008495,-0.06794993387378777,-0.5157781997468236,-1.6094965596746627,-2.3578492845708245,1.371545897405908,2.972781106864565,2.965523674606089,2.9652206026065664,2.0049848423996015,1.8096463039618953,0.45892765414964853,-0.15545488319002324,-0.2144673533336145,-0.5910106093506486,3.025685433812247,4.813336893871319,4.333596966056985,5.462334938192167,3.5912298639502427,3.9539828201544376,3.142185367645617,3.190621604009718,1.766716759029036,-0.0946362061433014,0.26094977879945286,2.418852560122632,-0.291642159511469
-3.727024581687064,-3.0557472507147234,-3.3194504858461684,-3.3061425085739984,-1.8415108883590963,-1.3695685307240428,-0.4101639756510569,-0.8165921668710064,-0.9560829335150097,-3.2558890602372212,-2.3390303418555045,2.4386630817043935,3.05553110886506,3.024589334765864,3.667999413161757,3.2347327276751443,1.7112929211941743,-1.4140564460194103,-1.74903373652641,-1.7611542337673405,-0.10501815445469731,2.8744333124617514,3.7347819420691235,1.952034868559663,3.35123150726618,3.387966900622192,4.168348341981637,2.4837124691662575,1.7149134060308866,0.9384188432263313,-0.6551346461165409,-0.26541892343437234,0.8197180707571978,-1.4140200888152057
