script/wind50m.json
{"header": {"parameterCategory": 2, "parameterNumber": 3, "lo1": 6.000198445256149, "la1": 58.999992894266676, "dx": 0.5, "dy": 0.25, "nx": 22, "ny": 24, "refTime": "2024-01-30T13:00:00.000Z"}, "data":
[rows 0 to 23 of 24, columns 0 to 21 of 22]
3.47406418368423,4.9336056227287735,4.436874249483947,4.02688362337378,4.6887681199998354,4.226972410811369,6.841435617867343,5.48506170475075,10.190634268747454,6.075045102524186,4.307416559995718,6.2388062097634345,2.796930838394058,8.181397922456561,1.7866196175674212,10.520349044734415,11.510921218427029,7.550624900043311,5.35513467549421,2.179793546454164,0.5918904515841218,-4.917561635194581
3.924587066717386,4.559304496802722,4.750779476264295,4.820743481139146,4.805895908872376,7.89143305840155,4.9059416344756945,5.370474447044645,9.082936194922318,4.370595530422707,10.037392551848768,6.638139316861374,2.4877903532055474,8.648359501044991,1.096621247447848,11.40125524327472,9.444356522682101,3.849771608799408,2.8381192990323396,2.7488258239963734,2.2555650587099683,-2.7735294557338426
3.9541894637990675,5.60457061503579,4.930333225548092,4.554724954616506,7.934565725813782,7.0120565363808245,10.58249239077811,6.198609790381317,9.686852150655719,9.816873149919674,6.773096471519784,1.5952380155353723,11.373969626504502,10.245944761322814,2.6064756226049104,3.0705923585018082,8.50941939132889,3.9847886850943017,4.885846486278997,10.78769264675299,5.28591591448333,-7.686327529574807
4.307032691388506,5.0495618699080635,4.750188301002902,6.1481456160004075,6.823222127244415,8.174253332570075,6.78176329977769,6.240849477215938,8.865265039460725,6.0829108948236685,3.756754310829093,11.20964097140817,10.014656103108116,4.102341721717488,8.92480806961173,3.480855312031588,11.39844264741621,3.542841808512226,13.279814205557457,2.119727656620763,-4.597880898944485,-2.4141340611940216
3.556901742225846,3.7827049894679288,4.849715063803409,3.781392132318931,8.704901625824634,9.621390886111184,6.14028265300104,9.992989334208925,9.29385937652423,10.535395574349526,11.426505833814895,9.919360538481252,6.90548511656875,1.408151845672228,7.3158824192845,3.9303286598030653,7.850087143831366,5.146237376898092,10.09253359047951,2.313567468300694,-1.2266760308468485,-3.0453492512515252
2.5802089345468735,4.171041497243187,4.974148177749141,7.324163169048874,5.546139315144608,5.244095013797683,10.143588393899892,5.564022218091377,7.507752850458745,3.676579267734246,4.565887827907521,2.0788796289337745,2.111126021799949,10.056361041726372,7.3486471704612475,4.976949145284272,1.8196019703609299,14.366477561256328,3.719200971915641,3.3819149902737284,-7.146358796394767,-2.8919583760816963
3.3643517840005948,5.39192083853557,4.809754639223983,6.3864266040604925,4.627144615416813,6.250901346459036,9.008325485590959,5.819239611301019,9.749774512340329,9.965345716767418,4.244535828507101,9.29785235217895,8.362766357009395,9.203677927346753,7.1772550467013,9.342202239532153,2.6059724831443587,10.264261856849167,3.8795209586182797,4.295884291282698,2.066289576051594,-5.21756435263265
2.7436983243574087,4.715714000689646,4.339411605147055,4.119272657070471,4.050331400719453,8.690393913637132,6.200571368600024,10.116654753131122,7.986404240403072,5.567904583153805,6.845391988096589,7.172712835378104,11.435173437196061,6.8061591658615574,9.244363312160212,2.8725868389262526,4.656157147321018,5.951429168197828,13.307114072161236,2.210147323172941,-1.2634730525595936,-3.7650006198502175
3.2888186043497827,4.311240628745583,4.604873972368458,4.735957809398693,4.69573101904798,10.464345002033467,10.421500108170571,8.660516518109612,9.970524361376272,4.7963660725867685,4.6758006183965595,4.84820961535153,7.958150629464423,7.124930971938705,9.530504530171122,3.3250799376928417,3.371802161443142,5.169621797006198,5.912884925644101,2.74282945152828,-4.3413299403145595,-6.0042370520524715
3.933453957801112,3.4706419528715102,3.9034652041735534,5.546743029611371,7.295534342368931,7.5913289689114825,8.31810475687511,8.084664376532807,4.496040086891296,6.029381824403154,10.450041729974902,1.827985550725541,2.7166310701897225,10.148140679830705,3.44480000148101,3.760303721784123,3.7357371939771697,3.2294984321281466,4.346343714605708,4.550748344871455,3.0588566853867483,-3.523828711407941
3.582057458438842,4.053745446963036,4.3432642519520295,4.340166822914129,5.269353908853894,7.220684716832613,4.893383496954059,7.096918210744386,9.856079870584816,6.285023649097324,5.628505025126805,9.90111503624359,3.1125822235659064,4.310918391470637,3.217936126591923,5.771432463461229,9.357500016463296,5.805548408215066,3.9104030541213075,0.748603204475847,5.266855080717557,-2.606043713670196
3.0604064176870684,4.276183398451733,4.121241019729347,4.515674857206667,3.7097115581814917,5.5058869661354,10.554639497852936,6.990533512680792,4.908134208634491,6.8376768293613335,3.5116463696102147,4.984691601901769,10.325250124756293,2.2161308096284347,3.8718575832303017,10.551837222147299,11.93176108728974,5.084869458800654,10.306355218126665,3.471648013937492,2.3377178133911283,-5.794421417926639
2.968014703061113,4.071104802856043,4.20876310337403,4.838646474059157,5.164993333536632,4.9386599449266635,8.929142141619062,11.059932453657327,5.429375396265513,4.298021234252435,10.58971029062176,1.7999290945644082,8.056678923511337,9.75200324793006,3.4907567938148634,11.42988420937522,7.251673942245882,12.541391899869772,8.690932590014448,6.1075706821482525,-1.2322886413241696,-2.0796474440399186
3.3667321421707532,3.971957743011483,4.6692638702932125,7.036017062561203,8.0229241590363,5.943945470429926,4.874436755395684,5.949087147959639,5.392820799907543,10.45996630312873,5.266006741086856,9.799282983654233,2.965456777644532,11.334018516580667,2.9170299989086432,4.091381317148877,6.743317757614013,10.94772487830795,7.240929461097144,2.1875171003615987,-12.64429041285929,-5.210539163458869
3.7754744463401795,4.299680882598314,4.529338815516171,7.846737897113589,6.645927398385271,7.954596816564087,11.521129849005389,9.79282456512293,5.353659697752689,3.81446694184846,3.2901928637431395,6.579032046814483,1.5098168704030184,7.848852692374477,2.7604324804256186,7.449762335250888,7.877412005270633,3.926212776817809,3.1903566909371106,4.382758804078036,2.330392243554095,-0.5809639081805399
2.815814587051432,4.7500143388927425,4.175132923828135,4.834988365853471,4.920332076880265,5.349615491918629,9.642192915741132,8.721369641713332,5.9201201189005275,9.954264315980447,11.100806828200334,6.676734489846426,8.838476475999874,7.5465514356904135,2.625882905764658,10.973297315324253,9.041801568114263,3.9447988307403787,4.107639149634902,6.5779908975448045,3.6115442886097546,-8.741887050542577
3.2451269184948774,3.7106026395745495,4.180276669892483,4.504246381197249,4.388414981799959,4.359614262979897,8.527847811601905,8.345035664428,5.944205840015002,5.177988674249742,2.6840117392003005,1.8770589791764554,8.458207613828757,11.170127250129735,3.7065901731165685,12.204733670407718,3.2742698442858162,6.043667627749513,13.400297094158,0.9516618069204976,1.8211799034576752,-0.5756611200924866
3.05455232815823,4.146969779340375,4.599680136135221,5.7699665070937725,4.781869769003893,7.116833017236891,8.082023118852943,6.865047400781122,5.956084242729432,4.110595646472111,10.471598992539025,9.862864381670606,6.482746855021318,9.976045729247819,1.6841997950762946,7.530399834649298,5.786408108950343,6.838728455169912,8.316459522862822,2.4907727914580864,1.5278466723592223,-8.410355250708434
2.735645564938535,4.303290671830237,3.990984978846995,3.964196658112554,4.501864365919281,5.132637012862185,6.409971974913447,5.433049177627888,7.707288684369878,10.140788081234902,7.214943225125133,6.109706252962828,6.519446885901936,1.1861871923657024,9.707290527886741,7.2743316818683885,3.0290522639663933,9.035021316595104,3.06405220486242,11.307641325123768,-7.157789833326372,-3.605423018977132
4.090108313006374,4.093659718396269,3.4968701018919375,4.638433284998382,8.242472244948885,5.57592853161168,4.9004017422799,9.616021814918621,8.666235891249476,4.1091413452215875,3.684274605910922,1.4878511461881259,2.8213798968955754,1.8539199722515023,10.311053168044431,11.787467570678588,4.209094862824273,7.266327475056998,5.077479424973895,2.1852126389906874,2.837407995847579,-1.6802993539583195
3.192877650995622,4.244524871734325,4.512148554343057,2.8764993843802587,5.089723805727456,4.677326469278383,10.675816841405867,8.514392596008006,10.60834023894422,10.095101239614063,10.30038667912487,9.385609767181476,9.472690537184027,8.710979823342292,7.229885858520421,7.1717782581577305,6.050749517809252,3.0706292532061044,6.336255400715388,2.0243076378516163,3.1593520933776285,-2.040040146930948
3.8211517659588408,4.036431507643884,4.76023603230103,7.921914241429953,4.497246326311045,7.924167342665871,9.456197728108357,9.195778950187453,4.305538063310031,4.578752404046064,6.652131051277184,9.589265295497654,7.912460424324406,10.778797183187157,7.357837680213127,8.062714558595752,12.08380546830042,2.9943459096688954,8.852144236480596,4.96896035457421,-4.262856801145325,-2.4858570096508505
3.0032217985379845,3.88275513526584,4.559943884673303,5.477854074471531,7.016393798570655,7.1877487060086205,8.804842946229119,5.903356687531935,5.140297486259766,10.050063406303018,4.411321466078371,6.106723023767493,7.563395370128411,9.328900652684057,7.466953894166111,8.862588929553493,11.324796333345523,6.406181818892193,3.116920520084564,2.8791313965616494,-1.5597698500262638,0.5485786419189528
4.092888014241618,3.704033417824431,4.621216454781114,4.611041195574266,7.688320471778022,7.788054376033696,5.783486860842838,5.363974773538583,5.460907666763933,5.251075911029622,4.001144941822,2.602974591119375,4.864168139278887,11.23400999773285,7.040552616460114,11.465231265817328,7.194870797465508,7.941858515057745,5.147892287333007,2.7095324802630576,-5.9183479317109775,-5.43259401783402
