script/wind100m.json
{"header": {"parameterCategory": 2, "parameterNumber": 2, "lo1": 3.000054539987559, "la1": 64.9999836372058, "dx": 0.5, "dy": 0.25, "nx": 34, "ny": 52, "refTime": "2026-02-18T17:00:00.000Z"}, "data":
[rows 0 to 24 of 52, columns 0 to 33 of 34]
12.788448651698054,12.40230249251059,12.112945217414342,11.780172731580276,11.33348620120678,10.01975055778166,8.95980723768867,8.41767365963674,8.537120064543542,8.95340693901379,7.877931487835363,8.240280136457024,7.599621802321378,7.397673592978832,3.0324420338774067,3.6222954538804104,1.8461699127080813,-1.2278006287555063,-2.393664008434538,1.176701220040242,-0.07493618452872812,-0.49342691326298993,-0.9619507457689351,2.7766279917519414,3.938174899479091,2.7157683108682265,0.6075178819000859,2.569934976058433,3.8021427548868605,2.269655957363364,0.63759148977581,-0.2018814302318728,1.8043099903751105,1.5367904504001335
12.387028805513344,12.291222340746518,11.665547152461565,11.274797183155032,10.540648320117674,10.90558730183978,9.063022102111457,7.729349781787222,6.998815942099252,7.76822731797454,7.68050236701983,7.947541388896928,6.230443595032691,7.036552602794084,6.931599374459293,3.518650257388931,1.6293496854272,-0.45511548588697553,0.36895716659473976,3.197886454244365,0.6801031735869495,0.22750628616220098,0.37770986132104245,4.537669665596119,1.0423267596714452,-0.5840720252967497,3.8187426377861895,-0.2340684288168377,2.57113469459676,4.559548755025835,3.195270004083811,2.3054235432261088,0.2964370183102322,2.6674391593761473
11.461361984830003,11.19058438957971,11.126954517564489,10.398791948629851,10.349829471877563,11.08788559490452,11.08638672654155,5.924011843034478,5.501254576819178,5.297554882550533,7.3979612614357215,5.771946278551795,5.97588693121707,4.779717520415647,4.959301400372561,3.3600464088535813,4.226021287427494,-0.48099626716508304,0.5609295784755438,-1.3414182918705098,2.3805818816912407,0.951500843266852,-1.2418743263370484,2.800287003872439,1.2732415646903639,-0.4669551033833051,-0.44085440546278043,2.6066891722296353,1.7842703807490188,3.3073582180156724,5.534702977663692,2.7943452194605642,1.3266822492465413,1.522839073274057
10.548989152312007,10.29778101322099,10.29077015006567,10.416532198730218,11.745811875632238,11.642148786921071,9.911966774009423,3.3892192871887166,7.194783485283032,2.8038886366506097,6.392670240154717,-2.00078332001999,0.5591670490237579,4.8048503660946,6.101605841368381,6.254000290466942,0.4083663943668279,0.8268422040292691,0.8864258565188314,1.3235793868193502,2.6763893800140237,0.9625843525474413,2.170856911177244,1.8176114451289174,-0.9030907522204117,-0.5113047723827518,0.5557830792914544,0.6406038978259961,2.037424250811101,0.8763831744394129,0.3884445709959799,2.5464110559140063,1.5319398754185636,0.475573705551172
10.711400442116002,10.7156046598017,10.590804711763955,10.385910594518835,10.89828959845281,10.433270003034085,7.9447685433186495,5.240296639416387,7.055397110678951,10.450401393522839,3.8829644084374264,3.4245575686036926,1.3937182107845059,3.11237914340559,0.5925362065399058,2.6090634033511377,4.503561652444384,2.305789078352856,-0.3336912956517285,5.578961138574694,3.1992904884511173,6.380332708661016,0.27892893956797554,0.8105540100106503,0.23378740565078937,0.6180290875766968,0.14740486770042197,-0.5330845055264314,1.5576121730255132,0.3410022152067253,-0.4634054878262318,1.1822895134109874,0.7900879972135817,0.6679995908423143
10.507937008317535,10.632333867275307,9.95552694001038,9.370001812764146,9.522781433743672,10.224574245574297,11.424504602658937,10.764370369493562,5.111644972824371,6.217607190119277,9.692205545565322,11.691001047603125,8.45113880065335,-3.0692207440903028,0.38721328685603207,3.1962460928047784,3.2832175254591776,1.4164769638995163,4.008321399056913,0.6590398493519449,0.558183525806162,3.326442786881651,5.529649354944521,0.888519907223543,2.1924304221729427,0.6582155452941676,-0.8501840804150999,-0.6495946291222249,-1.8978597682975882,-1.3718570884038062,0.021913718930715007,-0.7903913889061253,-0.31358389365553224,0.8732211334430187
9.612842086445022,8.772195407490853,8.97641771269899,10.647518493340947,9.18596462594477,11.196028295161891,11.85943506217099,13.98757231808642,12.441489129139303,11.255099127729752,10.560426874960605,4.557762151924327,9.528554560577753,8.960798144574596,-0.6112589566039104,3.05377247945195,0.16525198984005288,2.9762446424671336,4.244462244832637,4.213089436992157,5.2825656214165955,0.6945068177310492,0.6526929452709058,2.818545705057924,2.7285880920699657,0.4508684603579138,0.4439509805138194,-0.4584612756988558,-0.4102576766495464,-1.165699097264453,-1.3377988336806845,-0.4705950045942164,0.2162167187884945,0.20782257851252167
9.580476327782126,10.431168492076216,9.922716601556962,6.134174353764932,9.08839078940337,10.390791568791885,11.550275588809502,11.678543030084455,11.273348637797012,11.85549470108737,8.145420712750415,2.8712177122292024,5.405775647868131,9.776111694996583,1.2921143340481904,1.7637664012335883,-0.13942088042677378,2.7904610662955123,7.54819666659585,4.613610262636431,5.384644774343629,1.473029418678793,1.3999638760527273,0.30070884031440576,1.886417363355126,1.9608963154032057,1.1693694962988777,-0.6072173382649949,-1.9955962293703948,-1.67469973662254,-0.6303741149796923,-0.14103647764090335,1.0820246047167332,1.1053618309867161
8.468814619574262,9.086370428064146,8.680233470997559,8.663378762152641,7.637535357844015,7.226640029108017,8.205345553727474,9.576834284704868,9.399248982435395,5.328908493859917,5.353088690703877,3.6050081487278702,6.87038146133029,7.628029784130328,6.642869988800745,-0.371016501445956,0.14143153182537876,6.779239184525262,0.8829872385569782,3.145902819138141,4.196829308964851,-0.05302306537792364,0.22263181028857607,1.4393095249400918,2.3829032193086466,1.6290502555711457,1.429029413438914,-0.6351786465225985,-0.45790405096280223,-0.12598381991075813,0.22255276931845946,1.0250885226793116,1.5949913332569998,1.9988357960170655
8.425659864223087,9.124213898191936,8.56388955626373,7.421210407408768,6.934296412442973,6.1466390642744875,7.174371737602085,4.76673704279016,3.3806763665190194,1.9748035359543041,0.4086023217234914,0.5960026068703094,8.10762712720118,7.76239843156643,0.5113922846097226,4.872547988596544,3.925448369417071,2.135004532664165,1.7261835420156584,2.741454340129884,1.325101356803618,1.8564021045119135,2.836769436756567,1.6124004969632029,1.521312474897778,1.6793192732989897,1.0774445559829477,0.27962686376133117,-1.072999791598008,-0.5111216717269249,1.0846475429139617,1.362508720211745,1.1610096529112555,1.3981635229612175
8.047980361088335,7.671476791259594,8.386849609983665,7.494050782250616,7.338183254106764,6.8894838532860225,3.0132496874181927,2.2376615513614024,2.7287314128211575,3.1714772176146897,5.210331783551896,-2.9187399956588638,5.960300896139468,10.344473223509477,8.548757962795367,2.3225959318196874,0.3679021031647242,2.188947881730215,2.567450642589634,2.699351145640426,0.6947338446862962,2.432199145063976,1.6522333988338473,1.1084514542537334,0.4296131264039555,1.0893932272763989,0.7677294165659896,1.5727477995764716,-0.9184760010632852,0.05043768331223951,2.2595678466945843,1.0645261680095701,1.050820977578297,0.21482314262970909
6.891260892622111,7.09651389718693,7.273126297249352,7.627113582263363,7.069377111942841,2.1694000379332348,-0.6312420315109173,-2.3617516791372832,-1.3167080293604236,3.83906877298679,5.962864762718003,7.236823862569218,0.5039372211831418,4.238577318166147,4.3036418133770535,1.161217275580592,0.8153180795369591,1.5277310384368017,1.5222578165875702,2.9772521399116143,1.6204781830060222,2.797020460784198,1.6032854059279258,0.08469337148475423,1.148001770540738,0.8337805418419155,1.2104725492860622,1.513883130807698,2.489285659563305,1.3635167460734852,1.662339635921062,0.7944582327571156,1.2569964803006224,-0.11688044184304502
5.0742493633039185,5.185968980217513,4.905319674069387,4.760400246394409,5.468644617545559,1.6140332117667668,1.472547629723535,0.7297389082232232,0.7446734230450774,6.286316958212365,6.361460614807425,7.564141061879837,6.396069504156484,5.921548445038117,3.2319811961753944,4.608542554675545,0.9643529138762167,2.58428563616428,2.808453770361886,-0.5628420797402715,2.8632340906209564,2.995537247528276,1.2014026662794126,3.1581789157284823,1.5158238322156294,0.16090633791072728,0.39949206334166887,1.2000104861398706,1.9905531791702333,2.011847792851558,1.2891951156343224,0.7244410646151439,1.3604162451874726,-0.715441913461845
2.2943373084794016,2.9772171576738575,3.0129537269302884,2.9397718038518805,2.568613394981833,2.8047909364139856,4.327132771738091,-1.5422958905064084,0.2631259007858451,3.341453275548329,3.821085358146067,8.437617336710982,1.8409601580602641,1.5174661413012773,4.714371665384356,2.3028574983791916,0.7198177647622606,2.051575840778939,2.215608163091439,5.129370555222891,3.5063169921563646,1.639319641160795,3.1232680614609136,2.2450219167539402,0.442860839334289,2.2720321852312395,1.310199430107111,3.586121862996926,1.0344576277725217,1.3664777581615817,1.1634819084106645,1.3354485292297718,1.1412071816197293,-1.2833567506295027
1.158900854398207,1.83879386364794,1.3714813943245077,1.3924285191776007,1.1699337665881375,1.1193542271101753,-0.21079077482459146,3.889477507581122,1.0157652505396935,-0.45516094777366073,3.7537417829733095,2.0312796914417697,3.2019886983152337,2.380406490574277,4.01782584093559,1.3549281119449785,0.5893196637137585,2.5531943301997035,1.4848100399311608,1.4647394935233717,0.6936028125521304,2.1654845244302297,2.4929696421343963,1.8401394369590403,-0.0025046003128037313,1.2458020978284108,2.249400859035243,2.50862016765413,0.8486196145981031,1.6500146432123548,0.9345595930429494,1.77213076924415,-0.012724814197729728,-1.1835731307508535
-0.17905127443600602,0.28538273726375696,-0.18495674071225157,-0.13907912143854576,0.3069693278959318,0.9460825627587074,2.930231516654492,2.1375438156821995,1.285358061637111,2.6405477783757134,5.681988093341217,7.549452476957302,4.343601798111178,3.3083326543673293,3.1795898274502963,2.214929850456456,1.3532771214063084,0.8519413290166936,4.199095474829315,1.1027346514013052,6.198171091253132,5.350134232685187,2.0507781438535555,2.44204264564842,1.8874595805736316,1.7077633496793003,4.702215843712666,1.6929372181872406,2.549486419538672,2.032892769915028,0.6644537571100962,1.176129223081259,-1.3836760125767444,-1.618302577012636
-0.30427451349641516,0.04844296818421533,-0.958256054696719,-1.2298768828287185,-2.4548346695125987,-0.16040237434677637,3.3378693003180633,1.9393666212907554,-1.6686065486722876,3.346936140651322,8.296880040881284,8.288415661476115,7.290979934022003,4.068805708198713,0.4842851307573489,-0.6790901559846773,2.896478842779477,0.2906353930417687,5.085148063806844,2.7931540559786208,4.693004518115771,6.43165685284992,3.5388492319139466,1.6188310195343256,1.913346164210643,1.0745999485293942,4.2999800459861195,3.5281920862291525,2.910828313375071,1.1830432542141425,1.0636585265829792,0.462318756884527,-1.843464420549559,-1.2050046010627629
2.0097920681071746,-1.8038059033156542,-1.8043696048698163,-1.4759001124919393,-1.0793873977524597,-0.6216608941604798,2.0564808851100174,-0.21115668381252464,3.855693960547395,6.17813712173585,1.664735813374348,7.732520218094649,0.9396189638380423,5.293245748945583,2.734106393712895,3.3924446949442797,1.576186455032957,4.179776335331963,5.757810456470565,4.801472389103207,4.675286874734614,4.39634196180341,5.638400710559137,4.862200438760295,0.9351646885882837,0.5002145729857526,1.6977070819660378,2.3359855191921213,0.4464515935410004,-0.19099690493542515,1.4582197880152477,-0.16819292689769205,-1.7925098401816817,-2.45557428196784
3.338831303574871,2.062971975787864,-3.379475739997739,-2.7516817813540566,-2.1195065559944264,-0.799291682249133,2.1672729885231177,1.3434299455047194,2.4727321534358717,8.449858754384096,5.380285087028032,4.960254109719051,4.343383034082094,0.44084234412764056,0.25707152730052535,0.9133742669357782,3.035501346486339,2.392484000476949,0.7841358452856532,3.8756868631686654,4.041064695955274,6.071398386080089,4.695551459117511,3.722305463911712,1.1538182441341633,0.4942862667106154,1.6461265033209385,1.46167128523553,0.384910612037448,-0.32959618094175047,1.8574435803796903,-3.4585202967214603,-3.3295683614673113,-4.234452396694385
3.778107624205258,1.6405243069024933,-1.0389784083756672,-2.834729305542031,-3.0702498288869196,0.049820455358842664,0.8322619919978604,7.071867305878381,4.230742331193061,6.874826886273058,6.335523763201461,8.16206205146423,2.623679224682039,4.945393026558419,2.160263696641387,3.3957754261518844,0.5862664664290853,1.9185711103389782,5.569127400326599,4.806089083462095,3.60901606102104,2.625305312917646,5.532955615984191,3.092191025620446,3.4723275156897304,0.6547865510496922,0.0429606229535016,-0.12804456199742423,-0.5944993242513495,-0.29149969976565465,1.6948378072800516,0.1326614186146929,-4.969228975968999,-5.271708067652583
3.2811222058189573,2.805763462661451,-0.33249080219517707,0.5872839856494941,-1.5957786645639287,-0.5370596331355009,-1.2656695644578204,0.7540502076679734,4.8742016744255725,5.564632675399465,7.691229603318251,7.16949595104314,3.9083744493714425,-0.18002284761149975,-0.3932487133692102,3.579932382382781,3.500163773342129,1.9737947861339182,4.518817651299806,2.9509951746501106,5.190386536402298,2.2819664740141508,3.983611899911455,2.8595253865073107,3.5038382211333703,3.991444700513317,2.0896122074021783,0.23774334002586497,-0.8733182187805807,-0.3316969154495141,1.3829150135741444,0.4671001328580332,-4.325476033800313,-5.400768439335438
2.4165769267686406,2.1384238470969477,-0.5561329385744713,-1.2833588019045439,-1.0229058816034895,-0.19795401923042918,2.0659742367194487,0.2642965279072664,7.036460281836531,4.623662710811351,7.5025326011971325,6.822669637940354,-0.06865247725995512,1.0665570810689429,0.32100866621176843,0.06098073268360555,3.1525833311241285,3.062494747906336,5.074331181016756,1.4359510856516897,4.596838673172634,2.4394557276205924,4.3716151701526345,3.9602345137011183,2.8370279727202035,1.893730090385505,1.6053427926795751,0.4855289051326085,-0.44934038838844925,0.38262553295088625,-0.4278759722814394,0.8622627034259782,-2.663854156964463,-4.446059748956646
1.384136721965109,1.8579714546870136,0.9410894813450487,-0.7416332540123383,-1.5027211288787994,0.8394013924333436,1.6328988012896475,3.4102887013384007,7.953463223183566,5.817466909390511,-0.5152178437464225,4.204703492371948,4.68339742433947,4.089591653708786,1.6581773904528017,0.47458161394045445,2.0677083480110663,4.7391975121059815,3.2831370024775692,3.896512169418319,1.3420480561819434,2.2831390526531186,2.7595670885767305,3.482048293807124,4.157977281238397,0.7005578832045084,1.8737274982838181,1.187113032311496,-0.37559301325950817,-0.9901201250384033,-0.6473974644811644,-0.7409569272239007,-3.0153153997786664,-4.878532281374404
0.4241711771500721,1.0424560898429325,-1.1397182342834686,-0.6260415924573,-1.7983282522393484,-0.9020615854602553,-0.5732184197497301,2.6526310975157537,8.02337291994254,3.9987887681712992,2.7838769397485463,-0.5394528789030402,2.208291743094103,1.859960599673317,2.641795588768318,0.8558409556256226,1.2129553821611645,2.5124615661674823,3.7382603360044313,4.6252210587127465,4.129787615452466,1.1416758809762044,2.385842824484113,3.3071400612126234,3.2597022788821404,1.130005723246442,1.6653125123569128,0.19111551571718066,-0.3958263502038217,-0.2602200931723144,0.04776019123067776,-1.1190388360886014,-2.7502922012175803,-2.587184434617932
0.3731066227639905,0.6215258964848173,1.334016550537831,-0.4615249505391013,-0.5562731204777309,-1.0263697819532993,1.1523909204065665,2.433108449491214,6.424582339400026,5.332234774000001,3.4680385342010016,0.36400760726173303,-0.14511878649397644,1.6377198569445222,2.379928311879139,1.7616580288832073,1.4468477293634074,3.3881584349816163,2.9198278342530557,3.595607900932164,3.049060872426479,3.8388359979419744,2.944991181942353,3.2177106185346287,4.037388917124237,1.414698702612699,1.1480539675347545,1.3452947331935232,-2.097100933640074,0.33478817107632786,0.6045477494899367,-0.6102897062729805,-2.5465180658812008,-3.610226203759946
