script/wind10m.json
{"header": {"parameterCategory": 2, "parameterNumber": 2, "lo1": 6.000027932988019, "la1": 58.9999434238085, "dx": 0.5, "dy": 0.25, "nx": 22, "ny": 24, "refTime": "2024-10-12T10:00:00.000Z"}, "data":
[rows 0 to 23 of 24, columns 0 to 21 of 22]
-3.556491397930566,-4.244693320774256,-2.6619498215871786,0.5760040403082809,-0.9729708007820375,-0.8949152391471378,0.37211860449211,-1.1468100548813973,1.3811300520143426,-1.2697080185036942,-3.887403497379072,-0.739572275259398,-0.6108852261418446,-0.3534847644969983,1.942747620159139,2.0724154983434353,0.7364834445535612,1.5177534766521648,1.3983835259940658,1.1979214204780735,1.528677393829822,1.8602051429526048
-0.794439885661406,1.1580555774467236,0.20924518650186907,-0.5825951209353037,-0.9708153685268543,-1.0451783159518182,-0.716317924982057,-3.1253240317281388,5.3578849457278315,-0.6461797507087561,-0.0530346329581206,-0.7243397717853748,-0.16565016939019372,-0.5076012987868824,-0.47995455130618325,0.027820709437863612,0.0481799264494288,1.2145060290176506,1.8793533242101006,1.7436566548500914,1.6029810326642502,1.5852553608303985
1.1973628046696958,-1.3705742352626247,-0.3005825039149409,1.0065336426050178,-0.7193799116179321,-1.6284998514312112,-2.6566295831032978,-1.7664282264076259,-0.8681958275171031,0.7773841098594332,2.034259363515444,-1.3765062025375878,0.16887035252334062,-0.36230077691431656,-0.4393418588031715,0.8793231251767833,0.011844215635718977,1.2066702812886174,3.060505875946626,1.8902758049329043,2.3795523748601153,2.6590140791382426
3.530331062403442,2.944825944436002,0.6477750150871474,0.02041070568708447,2.077772476798361,1.683781509673866,3.2342875418070935,2.73129908114536,2.3279226482317084,1.0377611553233137,1.559074316075773,-1.1437593969764301,-0.22435320171367487,0.08528464921824673,0.6523247642018531,1.019633138055502,1.171646568340191,3.364244206499652,1.79185552298826,2.3079292102774516,1.98568595524474,1.9812325506450974
4.592513245571265,4.422708990657646,5.215739454956664,4.243335576231875,9.330310014658993,4.618342708294268,6.119004767806977,3.0522061515711627,3.0871863262920987,2.5858846347903897,1.21181645426005,0.5130799551806389,-0.6187946844686005,-0.015202912385621381,0.281518578576172,0.7792728126182311,0.8675659461247675,1.799008227572419,1.9413096576098594,1.8204203164647546,2.1680554858719465,1.8541802543396133
3.729132008409853,5.192432935972234,6.124176569765429,7.246833563287874,4.6364326711405575,4.870270479697278,2.4018949702404027,2.049031099499437,1.5581374315019998,1.385904414931994,2.4997757924087556,1.4194653145694778,-0.47799676995154683,-0.41728292750667695,0.5129313838960518,0.9608530163355308,0.8981661449593916,1.445810042574176,1.8274784557616897,2.0491551448338607,2.182339934571899,1.685464001087876
6.219710209639981,5.461336752292143,5.808283521917605,4.10592681427689,4.520966745566191,0.15804723300314813,1.3864144364411641,0.700161239462083,0.9847395291052975,2.187004166804364,2.2117604148126637,3.189726083547258,0.9743985887221763,-0.5395849899906007,-0.4864182482077781,0.12377191782715213,0.4854485399932446,1.056774156533242,1.4165179546805216,1.6116340420412902,1.8830992221423177,1.673411008806562
5.6146448634688655,5.183453819177839,4.7877839588523905,4.005973766424418,3.9383339224440657,-0.7270836982254058,-0.20676810878355337,-0.5221470792626659,1.8012798593144266,2.180907387999577,2.398112314787589,3.2550481819377106,3.5209118902751446,0.61663483435592,-1.0524036368444383,-0.08887218809086786,-0.4486519029357387,0.17616000578807656,0.9514232902015115,1.5315066895715101,1.4999148871270296,2.286475617036977
5.661500572128105,4.484592650447302,2.273140583811159,2.2353725499683756,4.620587831099474,-0.3509452626826548,0.08100262237243364,-0.3560734059903815,0.7768612764940107,3.784396146217805,3.5133589603082753,4.617324633063175,4.283394752750291,0.6657186876068397,0.34534097146014286,-0.27082623635138636,0.4702012570040361,0.2007662225569858,1.1280624280981804,1.4342721234596887,1.3912652888936243,1.3229511740980677
5.7362881271677475,3.5006416226054387,3.542186227812735,0.5699614250037787,1.8092978048284007,-0.21538705883048712,0.7032092207643987,0.8515173241679709,1.101017728074618,3.5685158422823866,3.9166569462568246,4.599641577798874,3.8539034458270787,3.919669918732731,0.895178332190798,0.25746557097914824,0.6924127477226671,1.3658626413341854,1.3243789320869295,1.4281447612939575,0.9315810830382161,1.4491464085499213
5.101753982937201,4.7931409019067726,3.041549845271391,5.522204342084618,3.3720449201606044,-1.0563716750938992,-0.010301797752642478,0.42391067220186385,0.6707943582467291,1.436212287147548,4.441471996289533,6.4619854699000605,3.941579633440669,3.3849305329269375,1.1204879798163576,0.6544575432462039,0.6032010755803027,0.9022757165043367,1.4479364572864213,1.332484037527558,1.164628623544034,2.0987306663207845
5.217967175691644,2.487964692093984,4.143754189889254,4.318339132882869,2.694469173492769,-0.886898091475117,0.34531900870041365,0.300043512693569,1.098369611918486,2.7196110784744367,4.7019269338294745,5.932551016662818,4.203783486399863,2.0217854521851146,1.3095276041254813,0.9490119638280684,0.49744340151979133,0.4799424720486692,1.1641469326432465,1.9233318257498897,2.082781611535215,4.622307639473299
4.550167563913302,6.334021607185529,4.325311424577644,3.8708025271649786,2.7555405404881026,0.6004228041730049,0.2630422890884967,0.7249276450917334,1.2216358958228086,3.351311658757548,4.332360113902406,4.113775708383704,1.578928332943573,1.553889823929417,1.471019383729767,1.7524636212066818,1.0998789091840508,3.110384789154959,5.70733075561994,5.309076319332027,5.350700286711113,5.1339041612149385
4.032983437249544,4.431693749924119,2.7078673928091956,2.910390059288357,2.298338106410577,0.8182614514428903,0.5326796142650737,0.5339517119526204,1.5222316723148601,2.8483119953117932,3.375003254312154,1.9167417920928098,2.122386580842051,1.6235158304227606,2.7792443799710456,2.755501108665668,1.8262709475324501,4.037715313667392,6.866732295797477,6.453794001592495,6.365881037368493,6.32085447886611
7.336516125860095,3.3101932421722093,2.504760453656204,1.7719339902758602,1.3309288257181542,0.45098524776979515,-0.21429003696369833,0.5214896647500198,1.170767160398738,1.7011212211675508,2.6276808093735444,1.819004290863657,1.374607004930497,3.1580755177656528,3.150140426845835,2.211907848187797,3.2791323907015517,5.7272300003603425,5.949550814866488,6.091029465959985,6.150561342720266,6.074285123663574
4.704484979535836,2.964940478710107,2.062342848603328,1.3275198445030743,0.895552118672135,-0.32877267031496027,-0.49512985648315866,0.24275705459985508,0.19513649949406148,0.7419992561475963,1.8599764810299355,1.4527548677843891,1.5241742064977453,3.56877490749536,4.624504257487612,5.791701297627081,6.12950096678905,6.685336282237802,5.495556325284927,6.118944452426287,6.362138543801658,6.290299824007365
2.0869794108561326,0.8071023076336653,0.8943316957796007,0.9716458067327389,0.04758503056312212,-1.297096154915861,-0.8166976764265943,-0.3153784253500129,-0.6811327461840492,0.3130821920125375,1.031707365038398,1.34521746648404,1.118340779904298,2.134273244540659,4.057455240499633,4.3862144394758955,5.026555544268841,5.42234628960179,3.9477454128674294,5.868169425453367,5.6565427213392585,5.893480981719006
-0.27378246997987116,-0.06891590490429568,0.22619789906670146,0.5520784253784541,0.17526979673220222,-1.0690589330518707,-0.8672119119169744,-0.7445937479899586,-0.034080512912981684,0.202922747087322,0.48425856980056786,1.0988282329259504,1.4582830396443942,2.851045144722079,3.153934028877612,2.8937803341923374,3.889452679756289,4.403232649781075,4.788644045105528,4.912378500705656,5.163214600730176,4.436276351528615
-1.10861058535974,-1.0524387010456406,-0.8327400663845175,-0.24001638866361147,-0.2913315068384664,-1.9330654597270034,-1.537906471376964,-1.0754499821738814,-0.6841936973383261,-0.6385223581304803,-0.23541611528608059,1.1073961520475664,1.172480742866842,1.5734627002087251,1.3060317678998998,1.1401094110870378,2.8846450547267963,3.4089521262981353,3.396515591609543,3.6498529503111654,3.4320951119168317,2.2427860837745417
-1.674743095017176,-1.4501234920137005,-1.1597289437399922,-0.4270663716081729,-1.2582675213544852,-2.5251787223049798,-1.9154742165293168,-1.4650833796569536,-1.324037478978517,-0.9260705673420425,0.16764737603245053,0.13355122124774926,0.3610404714307308,0.13793344773007332,0.283173246516364,1.4232183796746556,1.3648230444714804,1.8254436887367174,1.7913427198494285,1.6061271916076627,0.8484421168109475,1.25989853563283
-1.5631673203181768,-1.6961219671349443,-1.1835793082058415,-1.0523448089984375,-2.4656612591964935,-2.38738725049509,-2.411356738998089,-1.8681305315822139,-1.3982578991325536,-1.1506443846681567,-1.17292920953692,-1.0377420667966204,-0.3770939078045884,-0.15400481177258102,0.02530128310317365,-0.13914944102131405,-0.0040105611023003645,0.6773297294513004,0.40087933960970334,1.0441464568882464,0.707123509787622,0.6618604750193352
-1.0275239413548598,-1.2082975746407185,-1.4880749643780504,-1.9649868785087485,-2.776595246425997,-2.8951031735361688,-1.6529761114902266,-2.2475068302449928,-1.6685095536987324,-1.7153693682165836,-1.5463377684782007,-1.0444579703813708,-0.5805862940323289,-0.37295264109833975,-0.3608659724580583,-0.36446064338706685,-0.4307234445407705,-0.503337122251278,-0.12341615118148262,0.4211693227755918,0.6886761035797043,0.544340919830131
-2.0302840312378825,-2.120725641909596,-1.7318074147913958,-1.4049757723715934,-2.1649358869727133,-1.837064634108363,-1.388785976492118,-1.447431330565718,-2.515532025898803,-1.9202627848498315,-1.6408390184275836,-1.1155673745419492,-0.7477343033686366,-0.5671908630288374,-0.6816777789108389,-0.8565922050067976,-0.5830548756806547,-0.2630977712010442,-0.5398850762364389,-0.22020461885356768,0.19960061129886783,0.2102587477663815
-1.1389140312285984,-1.3467798002308162,-1.4985391012527547,-1.453259641834342,-1.1707592474289616,-1.9959751982602103,-2.0662221073754803,-2.087490666523758,-1.6447219752705629,-1.5740742461307058,-1.0023108374746987,-1.150677372050163,-0.9869585582361954,-0.45463640188400467,-0.7445540343332819,-1.0244771616941069,-1.3000217247759343,-0.6198138316206555,-0.5302468158210497,-0.30365984861053497,-0.09542129410553314,-0.2586970089081595
