script/wind10m.json
{"header": {"parameterCategory": 2, "parameterNumber": 3, "lo1": 3.000054539987559, "la1": 64.9999836372058, "dx": 0.5, "dy": 0.25, "nx": 34, "ny": 52, "refTime": "2025-06-16T07:00:00.000Z"}, "data":
[rows 0 to 23 of 52, columns 0 to 33 of 34]
2.417800072453665,3.8602483746793945,4.112689361600235,5.3981957630971555,5.364569781071199,5.60922593129498,5.8401368440242605,6.227432359337652,6.065458561777878,5.025073310760712,5.053333943878813,4.635442411821334,3.4505167240907837,3.7579510547999093,3.8825036056830453,2.625433897827969,1.4218153118867323,2.7829265944450836,1.0275435782357127,6.907464946351789,2.0640763743637693,-0.1817940720548717,0.6392426261970514,0.9559599425769856,2.7068678218601683,-1.2410018150707969,0.030114457923785747,0.7578806020279774,0.3882876403722001,1.4383954584446157,1.0376972667877202,0.20224803711054087,-0.35913508121443766,-0.004166009854512064
1.949492238359651,2.327882452949343,3.4723879475712907,4.9667393647553935,5.48910610606655,6.4257742283169925,6.973772818988815,6.980349834595586,6.665900500292927,6.4193469129851675,6.021274398570937,5.5444439285651255,5.6881686043819055,4.718177046137985,4.52487412820399,3.221870855461317,1.276425275757264,0.4365086585514281,1.441173440649299,-0.0545472429458463,1.7212764037701318,1.080794411179146,-0.1771501920999801,2.931364929024292,0.18373148158633457,0.5849552408607444,-0.3822662628534957,0.11019014643334353,0.9267983666326398,1.243151596078744,1.0734589863626027,0.5955848625105226,-0.047007793719807005,-0.3614051011680523
2.2856050607118,2.3804066382106894,2.6322825877875924,3.5718535259455275,4.8417963962609,5.050177497143952,6.328003342463596,6.473205201008882,6.817321278411266,6.3995940262890745,6.041991506035789,6.294651964653522,4.807754359052086,5.251953213968878,5.006562255375646,4.941297374012794,0.6613527299083217,-0.8590724944866563,1.312941349546475,-0.5659711137651502,-0.8734457193086396,0.0978752445920228,1.0990031073099809,0.9938039211139682,-0.16130139902742205,0.00814951874331948,0.26464868023208826,0.391825887086728,1.0361703875983013,0.3843232751178083,0.48640476511193376,0.5577241993421731,0.09822240068524732,-0.004113103624378068
2.855060932234327,2.932715846884318,3.187216728525207,3.141359807132426,3.79685918084774,5.146329368998184,5.491702520710916,5.982643588591108,6.584532762031103,7.349246110753227,6.578966204152047,5.606495164112948,5.350841545336623,4.718840970782953,4.446573405122715,1.386539950262403,-0.7875288323803428,-2.096663482430907,-4.850063635510219,-1.270618263093137,3.9029975144737508,2.285787207559427,2.1627701482961466,0.08274378145135404,0.14995844657826607,0.754653886233205,-0.20706175646602476,0.23901385957424445,0.785379145195022,0.30130437439592234,0.02434753877215296,0.08075071460051321,-0.06437484264897314,0.5233691020101787
3.2375275914606076,2.918230885628702,3.4806240450753676,3.88519456583691,3.9314491614964324,4.575860825201985,5.617161734064522,6.3227640687910975,6.468511598456883,6.014676655135552,5.965782721403869,6.229938651910176,5.486569333888044,4.1923724642640945,3.04556108738882,1.145574215624144,-3.0076046146906674,0.3743384793409569,-2.037943267198854,-2.958800198433436,2.427763366488228,1.2293735188399222,0.6393695077770708,0.6475104862270664,0.45501649297364544,-0.18514048394088015,0.36935018060271396,0.8666142110213639,0.5444619028471647,0.7915630249088401,0.7108546016263605,0.33489935694862005,-0.24688348639568888,-0.3558546688412776
3.6674018787793567,4.05848254261974,4.135741639611722,3.679090803321112,4.310893817713405,4.552443077989363,5.949898564584483,5.859066957277038,5.270121548595833,5.7058141733800465,6.4793416317772925,6.595813637502449,5.038829885983348,4.445941231910695,1.714633154785751,0.8232481008388439,2.775900205628179,1.6367930962417852,-3.867021349852332,-1.2605878420393533,-0.6151197056055683,-0.4635156117692825,-0.9162584767698926,0.002822905747482538,0.07487926928706437,0.6752470323369824,1.2325469600430023,1.364225213068908,0.6395726574771731,0.9158225127695127,0.39514827760006577,0.5725786150840879,0.07846889829548394,0.034578062046812824
5.269044996604244,3.681576109156369,2.5836186131059815,4.414399727210057,5.60536630193342,5.726963932913069,6.246180484476459,5.6894893203761265,5.014528482959038,5.563735379737594,6.044269878863022,4.033429688923166,2.7333244942170856,1.4827731059843228,-2.4293385900885918,-0.7348024123347029,-1.1692049743466597,-0.8823303098196962,-4.649290016541456,-1.8700555456400443,0.032484499980431784,-1.7048200400361995,0.25288945146733627,0.3093838097440076,1.3651606221369774,0.4411058489421477,0.4656240312553086,1.138107452775638,1.0225327743291786,0.7442185260151819,0.7417407819416918,-0.03655563173544314,-0.43864982383632406,-1.1860879197966787
5.143362978331421,5.437754700627254,5.703209552336711,6.147048997287714,5.835534873848959,5.50521706479881,5.528494688291189,5.679705605721123,5.732058147371812,5.573938114204698,5.253698677161944,1.1007801480598218,1.8818862057936,-1.1686896113503253,0.5582751763420133,-1.6170644299266026,-2.391757128817451,-3.5376264746196866,-3.8828410162252442,-2.344653922865378,-2.1090857567401664,-1.9449138952892688,1.1731296242702183,0.6228245304981546,0.014646675573801518,0.6806618025416207,-0.04338251468078204,0.14218077512843802,0.36271413375606676,0.5852945165559013,0.49136471967058887,-0.05042732998702391,-1.5587201093978116,-2.7162892561568857
5.598459013303085,5.285506563622398,5.585978853721754,5.396135161012483,5.746454438484373,4.759708901406188,4.871819730646636,6.369982213376677,7.6049380929028985,1.7256102370335993,1.5737434900644995,1.1199856049212578,1.5265132909606856,-0.595992033981954,-1.0275447483711624,-0.9635640262988717,-4.34023568064013,-4.296852467728041,-1.6114741696014694,-3.665025091780732,-1.5854333990422198,2.1773596548143517,1.1928237079735333,0.613040236871997,0.5466185240566451,0.9969504101509471,-0.16378274044884616,-0.4698705330229573,-0.24908767079999938,0.19797333466473677,-0.5590016748234147,-2.439114001065582,-2.633982647734102,-1.5037213306720911
4.346103734143709,3.3210410085718505,3.29638556196814,6.0342726738418815,5.9982951279364585,4.938841155521698,5.62761721053637,4.365322405611796,2.000440512237048,-0.22778041887774342,-1.2855003235926685,1.3585802035459662,-1.9028390215970106,-0.6253876444673,-3.5128867531095764,-4.820654757369753,-2.237862197946903,-5.663447040739759,-4.66813250970141,-5.310286982429076,-3.0736365475185763,0.816550392188299,1.2075950284215389,1.436036026347157,0.25213115883173853,0.333482980223148,0.2910448169878082,-0.11184957629815052,-0.5407130903151831,0.009813614988578955,-0.8308616568822432,-1.5636929178529833,0.8205953321559484,1.1016443845773294
3.9344520805566487,3.26027736806403,5.0499674430257615,5.7559110302146035,5.97020679010853,5.7128159922259485,4.210441228427361,-1.0876243004063506,5.056493462753393,2.0851421486535906,6.294047062090175,1.8052652607078068,1.741370684695274,0.009430180853134731,-2.41883646104672,-4.363838388175664,-2.528659977062142,-2.0674342159877446,-8.050779811778062,-2.0690211495282913,0.42201961862671533,1.797375945540382,2.8134874344722123,0.706607207700914,1.0876191188715405,-0.6285500745743956,-0.5764951219423075,0.04019093366860776,0.14409795134531564,-1.4409082378084652,-4.539816855488049,0.2904200955374956,0.2062374034659023,0.26534437850483383
1.9601220042352314,3.6494038704655845,3.2855670313909,5.580061979657264,6.287519001804335,3.3974874762652716,4.875372395514715,2.0219501579175927,4.966249676772397,4.665705534912568,-0.4069277474040606,-0.09890433453909447,-0.26408906070724303,0.6930343729380962,-0.48447007468373543,-1.620870367910065,-2.1035366549330115,-5.55210847477196,-5.872145943584612,-1.3351499816587222,1.1641321407462033,1.082255306064305,1.6871058154509422,2.0190648811578953,1.248564043304892,0.4712633775179438,1.0423683859764759,0.4983555763678879,-1.2177703180886887,-1.4161703940031736,-3.038757527081484,0.4220171713052368,3.694743007775425,-0.2510404674520617
2.29031668496175,1.7023018772640084,2.578836004596716,5.665317241536583,4.354856981076797,1.891207438373604,2.114560189827582,1.4549362041017273,3.635168807535068,1.712766221641176,-0.8454705572639387,0.7615696122665065,-2.5907936068790733,-1.6237333124522224,-3.3564316464421093,-3.308872243417934,-2.9835052842158896,-3.0161588567761113,-1.8134093446486663,-0.019371098459470274,0.6310623149606156,1.068385918277197,2.0403632045970497,1.6345087772672728,1.197916734989244,1.6496424654102217,0.16508435129285576,-0.10335488220497634,0.3270208794675723,-3.013226093765472,-2.1518245935845335,-1.1396571165960137,2.291541475550454,5.104791150963896
2.8844405387948555,1.5064990598224273,1.451473755726544,5.489719758856158,3.5631492594156646,6.703108364024147,4.414225985431705,1.2179250573976814,3.6343745417756836,5.32238565753737,4.984042251813786,2.3855210039361365,-1.9202332354890357,-1.8157348039645174,-2.1907888172810095,-2.1601967453507833,-2.6332086612152548,-1.4888504793093558,-0.37733977236453053,0.15799185166474417,0.8957224684731753,3.0904874943858514,1.720035846070378,2.3987664008562275,1.7790157798947621,1.0541998437900533,0.6863899352723327,-0.43323286848279524,-0.6531212999552499,0.1258540070848679,-1.9693752660200732,-0.6468898491718987,2.1945976160755216,2.555763397326373
2.706411358418687,1.0588434464985672,1.136445524493419,4.775290902967786,3.1549239193966345,0.4574920572249295,1.0911773790457675,4.847577258894134,-0.40568671934320233,1.2960280385918117,0.5247000259098232,-2.0034500414906304,-0.6285659409012855,-0.3673648849515192,-3.2623382443295528,-2.29796453915933,-2.3339481031966876,-1.2595612066604167,0.041149088498434155,0.6791637016943601,1.8207928909405,1.448887465773822,1.7801559681442862,1.957292464295405,1.675059068676416,1.090153131006347,0.23479404827458691,0.8649853595365421,0.1963488480911547,-0.3271273452024367,-1.575893926378369,-0.9364951874170765,0.3587792662742002,0.3827394480915512
1.6675498970956277,0.7469356888603953,-0.1029850397805418,4.413042144081416,1.403272451146291,0.7321565264335896,1.7479188395517562,0.06691107070271131,0.5250129002787733,0.813456044318728,-0.47384457472763386,-2.393558118602216,-1.5058402654189043,0.5707551256223634,-1.5030918908799389,-0.4400624289424301,-2.479394663110618,0.14296087656599815,0.3464883450626075,1.1644415522563036,2.3306286203745885,1.6016908211588254,1.0385765765332344,1.5729092452484918,1.8046817904119288,1.1956390701733657,1.08757217216706,0.2536046757426907,0.7352672980607284,-0.5990281771622832,-1.866740499707514,-0.7448627593150395,-0.4705538541576152,-0.9168652023701139
1.63037662863598,-0.17249505796879744,-0.44992175442307997,3.1060214818241447,1.136490270952386,0.20300516165044785,4.069622167992958,4.154694085805491,2.2947111962711224,1.6003106399061973,-1.820652995599145,-1.4690444638119766,-0.9984333851218007,-1.4892504678963674,-0.9918401403884957,-1.9419098048729997,-0.18278786819293139,0.6374168852290358,1.0069089525091743,1.4384213852281174,0.9023777866395722,1.0856414853481078,1.412503969672513,1.6363356686870263,1.9228084471013758,1.3436023616090282,1.1745399509517456,0.6826286306690937,0.8311810044306368,-0.11832060088753246,0.2506114892494393,-0.6665283338291358,-0.07247280068857077,-1.4770142915446707
1.1945620122558922,1.1241701769068249,0.46016885939373403,1.5587550279999,0.6883222657376703,-0.6215236475625857,2.963160831204452,2.4339979327807386,4.193903884274827,0.4449613017164928,-2.4167490282164836,-1.754461976536969,-0.6059400946296452,-1.0370058296969284,-1.5220119983989215,-0.4266608357958808,0.4130107338525732,0.3815615879434045,0.03770721737684101,1.1529405185080084,1.0361298044172311,0.8769463571365184,1.051630051148312,1.5638074303200846,1.7706298523301116,1.176757808636425,0.5703479988445717,0.26412865825525134,0.6854478862444111,-0.5137833735219879,0.21029259365831104,0.3447958081977174,-0.08888102170577449,-0.8592171158397968
0.4694901932476603,0.336824366492833,0.001008650242630791,1.4137161349305245,1.0635850828771625,0.03639141268628494,5.552749340925026,2.043596946827214,-0.39582954811179527,0.4479995595041709,0.11177091026183311,-0.3915163534466699,-1.838042780012363,-1.7115464319590734,-2.1140956578395484,0.3981627948661419,-1.0445974311855115,-1.0300555114819812,0.39700914760717754,0.9922368377149208,1.1835005275509598,1.3032595517932524,1.232238940994332,1.2058629189132641,1.5706930211910606,1.7206008863161635,1.2457343596854513,1.0085403226277583,0.5408320989343958,1.2191586665494782,0.7794396594372875,-1.4599923307642064,-0.09970197883596245,-0.924029020598261
0.4632345693420064,-1.8181748961245103,-0.8233615824120799,1.0218528997662863,0.7159228961482851,-0.17524820291775287,2.0011090156242446,1.2510805998671908,1.7230313236062937,-0.012373014411669223,-0.5139172997597252,-3.322137606275897,-2.106747562555424,-3.4005679924274186,-1.341818361783739,-0.0878388714668781,-1.2771311294487508,0.15502857211222204,0.8140931075692763,0.9316542647446164,1.5166998303197747,1.2270856362961808,1.441002866092334,1.4728032316790816,1.7935625932987016,1.5659606385804763,1.3348373768660247,0.4847532974290492,0.5997046103339473,0.8227204026431642,0.29436893712715523,-0.28757078403142466,-0.2878493447000234,-0.44794631826992237
1.1724925466310345,0.5533578010862485,0.4435773971422535,1.1318370891890097,0.6219100416235516,0.029494234427231973,1.8362007263186864,2.031205367362938,3.050053137042745,0.673036656273145,-0.7141572348582055,-1.7793260656640613,-1.407871516175759,-1.6916297610180764,0.09574690178678517,-1.1688447406268754,-0.020851056756740666,0.11934655593114919,0.5612600249435532,0.9686786054313108,0.7095604962531586,1.1741150166053331,1.1332979427525096,1.2707098477010599,1.6209169973968396,1.265748760885209,1.4960302474302074,0.29700508163237266,0.579939332715145,0.9949016778377008,0.0359264307063063,-0.6470404564814564,-0.9876478652214861,0.5401867811352618
0.8514091413693223,0.0754453125763286,-0.31155264243876346,-0.6131631433867769,-0.49963555377057123,0.07177575590729247,1.600762061404194,1.5199344267930335,1.563256023365711,-0.1888096672646185,-1.904958443586633,-4.528275547217532,-2.021769353751706,-1.8119682570830091,-0.37923183794324017,-1.6984936637405974,-0.15774470210609806,0.6983398836348773,0.5928865280781201,0.7449372630664911,0.531002208476463,0.765153435545761,1.2920483826522553,1.437625142795219,1.2714125405316758,1.1197637427574418,1.0656285289415632,0.8818977653681526,1.377983399251983,0.5073203001137571,-0.3909926536376246,-0.8118775892392079,-0.8688080635764256,2.5360834303660185
1.7516766966712836,-0.28121088047420195,-2.2000220372730026,-0.6246994097444659,-1.4651014405628058,-1.0403992396360384,-0.7861477820566072,1.3935266783415727,0.47586421008429675,-1.575382926820161,-0.84259488068872,-1.7137521173336352,-2.0055070404159334,-1.336763612569733,-1.0490015347744417,-0.37685101535909604,-0.2104804868276107,-0.21309748816925497,0.5163502684335181,0.547066157822368,0.0170717343661506,0.6129299746742989,1.5773008298851954,1.634610432569786,1.1975730073984792,1.152514991872503,2.123866731450049,1.5165083953451552,0.3937561068938102,-0.3644177649346869,-1.051101424946619,-0.9889682693555207,1.0089410976176676,3.622073142753771
0.3355613670054338,0.6517787984629421,-1.3383369867160873,-2.2145513171153457,-2.163314574368533,-1.7015828180206802,-0.34637805911263025,-0.3057661498988665,-0.7084209690624723,-1.7832690323097706,-0.39229773991772204,-1.751607781525083,-2.0804348642776014,-0.4865852174252446,-0.9952665987655432,-0.34201398421925755,-0.5513960679458962,0.10606367089658116,0.038047453822854266,0.052885241615644576,0.7315726263727237,2.1051017295666568,3.8907057917471954,1.4411593600834678,1.8913396627899208,1.6864077800444783,2.317663188879388,0.6070696613015979,0.19126150899736788,-0.6158197401592099,-1.2407972533218181,-1.9118357286366738,4.255098356172851,3.863085245275251
