script/wind100m.json
{"header": {"parameterCategory": 2, "parameterNumber": 2, "lo1": 3.000054539987559, "la1": 64.9999836372058, "dx": 0.5, "dy": 0.25, "nx": 34, "ny": 52, "refTime": "2025-12-25T07:00:00.000Z"}, "data":
[rows 0 to 23 of 52, columns 0 to 33 of 34]
16.593436122650125,16.488483882549286,16.399754568975258,17.982530192387777,17.928386798666732,17.725615976586017,17.745658421422803,18.176580304390512,18.59821825040319,18.891960644281994,18.714381619962417,18.27122723525847,18.033089597486498,18.14708265213535,17.886909644921495,17.804405314652715,16.90511121547632,16.552023844023044,14.000256260955464,13.921717333448612,13.309743180512319,22.033783192365906,16.94107715581202,15.413289715351617,20.672683598179468,20.670035549263854,14.735786559803252,13.687471615681336,11.70341819379363,11.751035210194651,11.390480414665824,10.927124069380575,6.539012962409765,9.33633165563983
15.432598362227493,15.808207282179744,15.912882514816856,17.39464935191362,17.4660093817823,17.52808524881963,17.427876906871287,17.92969822956419,18.465868080125556,18.28403485236675,18.369341260224992,18.201732852915324,18.22110606510173,18.562393960143403,18.569943743894786,18.61912199344128,18.341095534628067,15.84091028877191,13.170479205526133,16.285834339599237,10.22517598865991,11.593468973512822,9.058011515841446,23.19091123455233,18.549219856530158,12.89656842353938,9.67812650745712,10.012795522710908,11.076298305405057,13.001824314591309,9.04432808172648,9.813745401416899,9.125979547348166,11.138692514104596
15.636302386003257,15.793559027061956,15.999079566835027,16.292234921664626,16.904674218346724,16.95913772671445,17.212387253927588,17.58647019747578,18.21085241728903,18.40714824386646,17.986433396801953,18.032897231936,18.470039246882404,18.626966247390275,18.838120328496334,18.722240577904053,17.935020155918014,12.577904369976258,12.392754857253143,11.548634015699362,18.485388450219272,17.044129697329303,15.929529467199977,19.083556668918973,15.163891743639821,9.992504274710518,11.045238586620023,11.711175104200214,11.44678106305539,12.407102355218779,11.546634466414455,10.73392955564921,9.943563911951465,11.288195890938939
16.00306294079538,16.06473567234984,16.325958599995637,16.440596325585176,16.820120263087944,17.104746873954387,17.126838481515474,17.497148973658486,17.956555702132913,18.218650147539442,17.989856172190013,18.109932998645128,18.737263438902975,19.022418236252758,18.277775303058096,17.603425728674427,15.731673325348838,13.722552563904607,14.928297662336748,10.232372824734773,14.104226924320288,19.06612279840486,18.70381368394083,14.27431659121878,11.664392557792782,12.97866077192846,13.482556139145078,9.670673630895129,10.349750724951711,9.680185918417322,9.36310263737032,11.142346097276562,10.33617890506886,9.214589654408606
15.75586224662844,15.716260598908963,15.737620596854146,16.234432503100624,15.88714738924064,16.43677507540374,17.024872345798524,17.32105145873372,17.844972124439455,18.010797165789374,18.333574247253782,18.359999136878727,18.86603177219353,18.646294516256827,14.307215543006933,15.261208990847013,18.263254235798918,11.478349693824908,13.181097536620257,21.422735423669838,15.09235037623868,23.184933343484065,9.742954677624375,14.132043672392928,12.714732044902364,11.191852188612508,9.927112014532078,8.55364147999877,12.425124191726017,10.528805481337816,10.072434153210725,11.212677271021898,10.265931304913241,10.187094599602098
15.260789164635797,15.259265711733313,15.353496962888197,15.583795476772561,15.881203892477009,15.675374653753607,15.844424987407496,16.574575642551146,17.14165115005969,17.75123792863876,18.27381879270743,18.913700031856493,17.864179961808585,18.972766066917416,14.693385074261245,15.4475366056628,11.20732612469043,11.148125520736137,17.792311176947692,13.719422218283835,11.241433324738138,14.802019688223895,18.832212211572696,11.047757569309214,10.149404288280511,9.774461863887932,10.383609213361153,10.17108244954511,8.75020465858678,9.411866937804811,9.647421630117087,6.855646772815378,8.095887896188316,6.970647913554493
14.694027223551226,14.70276588967748,14.630952859549462,14.266910894381754,14.325288838097524,15.05520169168475,16.09428253037298,16.86199839057196,17.468560377015404,18.209574410970887,17.868399036967475,17.68563332234094,17.654464435872864,18.152305782074485,13.044827804167323,14.667731365228898,12.054786164081964,12.183432320137975,18.066579520593613,16.895927162380186,16.188138861602706,12.160663992999813,12.96855973195241,11.310242656994411,13.40056242578623,10.800907018450653,13.161305546896093,9.468299855627386,8.449098643829814,10.918803002829431,10.666593456700951,9.19402690673826,9.261880453321773,7.6707174176018595
13.005555193028842,13.163755882973145,13.601362462726533,14.11504594219468,14.538532217449083,15.47322762601265,15.960818902921577,16.782285504374503,17.61144167892035,18.217242590507855,17.28624172322854,7.9820573019023975,10.16966325907016,17.86795247891702,13.512781344758118,8.303168195843718,7.433962015719475,12.12827778199475,14.219748669139944,14.193189436424289,16.072117045468712,15.030238818506088,13.079213846240476,10.561193319811668,9.552482767250286,9.304105077105996,11.797561441013723,13.968043275915312,8.723596188646987,8.698882894564356,12.348447659578076,8.026183181558292,8.80126144597795,12.284893606898237
12.989823970168784,13.157766832023801,13.24596932796596,13.412102677306967,14.310334640800486,15.302391449569422,15.532688286447437,15.531433251615654,15.690420424699408,12.301525897975319,8.504401000895566,6.508289433587054,13.183297397896352,14.516902897453189,14.459002111026447,8.270484515032688,14.750432469139726,15.920182132145115,7.676178949635577,14.955470324418734,21.10933292602311,17.670926745327883,17.332941960361605,8.61160614846095,12.05532152722517,11.443682330597323,13.054147324810542,10.696108155554851,8.763261157751852,10.587076909080531,10.421870337810741,7.7587485807328935,11.67179437701656,14.97329440621205
11.149507854027087,11.623345439260879,12.317168191141235,12.831535435566805,12.898513536910302,13.33909143640222,13.466469474851504,11.556048022968506,6.058850816916672,8.682606409904398,6.769277951596228,6.774085260785374,12.863554779044549,17.649746707759036,6.772440566898802,14.099975363846282,14.69467130098138,10.614548772468673,10.594064003303421,12.446366271014345,20.972851061330157,16.8786094663639,10.127343907524244,9.113653228608685,7.344167531885444,10.808812641110025,9.931583328303056,10.86055002243551,11.311549999614279,8.85109154862879,7.754971109078491,10.73265801042175,13.310310830951453,14.720139684331098
10.798542501684464,11.194639104972055,10.68423603523807,10.590784060932,11.444754993114252,10.173919924111653,7.713005861353867,8.064880386040974,12.569037838328791,-0.2717041405491787,12.996474009526956,4.037184718130542,7.406344432223143,19.99723172138472,21.586649817231923,11.886928998615833,6.71863475287383,7.418125184363882,11.964154539193126,11.89627867484796,18.073313481583167,8.822584566774637,14.981023788642432,8.674996316482295,9.248505671784383,6.3198269250150245,7.818761303839842,11.149626299063936,9.287592566181836,8.889359290521242,10.073884624909033,13.451692002639605,15.378787224090454,15.06516934103464
9.62275816821838,9.328780785821513,8.902375375061563,7.966121059859824,6.678378257939063,4.099270284152149,0.004213697955044995,-2.2133488578427674,-1.1254799645495794,5.720825558505407,10.209922451464408,18.30917513559629,15.68822060578736,17.54500443969438,14.875128405435936,3.39905444585144,6.150167015436803,14.612146166831446,5.642261696039697,11.182914112386607,10.214349550920403,14.025447097555926,8.031779715820628,10.922260316286135,7.7220142780251235,7.1301644383320335,9.166358094253434,10.802868753144827,10.156819547028737,7.925936582179347,11.199837907744975,12.320959769555923,13.809563046033498,15.439377009961746
8.71010570984766,7.658186294283696,6.775272961025578,6.011980124832949,2.804895044964255,3.7696426575093143,7.280808152625389,4.399412896816711,6.750605242828743,11.242705209091593,12.760227068702394,12.667747000675678,5.686103249087387,7.922588467600795,6.833957540533356,16.014464269438445,10.210090763804322,7.441794283847719,8.800319727654824,3.881706179311409,9.575546325001602,8.990961008036088,12.277451334941,9.333095155118812,9.058287972371016,7.452160860009833,5.671851231215921,9.049344071667095,8.261319048807493,8.394611006102195,11.484389293516248,12.99465226510738,14.055746883456424,15.641150165952373
6.825175506186033,5.911000106372977,5.218227275926813,0.17858722459595822,2.956995547687435,2.628082245883157,7.871646066912352,-0.16678194030614832,-1.375982888720448,7.019126070500239,10.477211022030168,14.062754038582673,2.7881184507618277,3.3758785701766127,14.029396776638642,10.493512093742178,4.9513923330630645,9.407453791071035,6.206614201510362,9.354736456987023,5.177612706555004,9.260430879898987,11.588092329985772,12.406734486357715,7.403440519987586,9.005830684046925,10.009412789076647,9.21063616952775,9.525870149316379,10.279557441058348,12.831802255926357,14.078175248472117,15.079025426339687,16.084121576778664
5.707786957069281,4.337309544703359,4.421779923131153,-0.6585641888166566,-1.574080537470334,1.044149846035175,-0.9590133108625642,4.247270549214364,1.6603891622351972,2.2619343196231014,6.059755059971463,12.137379194848926,9.42720073943812,8.165660602484168,9.144835166962576,13.83549592925795,1.3232849572898147,7.856674958573842,4.95135212296871,2.7863573106549944,2.596061494273507,4.93496334519403,4.863251844341318,8.775653368289522,5.603267607018937,9.569385941638924,6.570574603625009,10.239211291665516,6.9432727271919585,10.166834078870675,12.415375601837228,13.786890399812393,14.697478434266948,15.4995575568079
4.860179993465035,4.8809291012765,4.1653281560198225,-0.8857287778079684,-1.1358977795231942,-1.5366480196906713,4.798506828830207,-1.6727575950116704,5.2816835617815805,5.0692685873754035,9.186771416371522,12.637974813228714,7.910315633268777,7.751551023296034,6.767176927436552,5.692140362572738,12.911873722802312,0.35911753812863456,5.310942391435862,3.070213390643565,9.886768028504603,7.586951860173873,5.37389537857957,9.263715880912216,6.4925354475257375,7.067528991281339,11.76046264160852,9.102058296439063,9.456743794844975,11.45877485450806,14.7230102743546,15.619864513880943,15.878194329280195,15.724187308381765
4.7486379264332035,5.091181233979068,4.583239538325773,-2.9272385888915884,-0.8704107545202506,-0.1753149225606197,4.1959960606403985,0.29558541656696435,-0.1389724539787079,0.8674252789801213,9.599368513238375,14.010664284854048,10.632230679556718,5.284567490193777,3.0393004000165114,-0.43922175342660735,5.13083752454568,0.20838858186541664,7.104854432142466,3.0800153687252743,8.306646384459974,10.252805985925352,8.942897333011768,3.7289985769785945,6.66317759169464,5.413956318593618,11.607628838951314,10.088535880787818,10.088529065598344,12.574978319315539,13.85340536712865,14.282081598537872,14.87056267977444,14.740563201156252
5.986877766192912,4.895588199323298,4.037537011801981,-2.43805670375607,-2.0249954611085292,1.731539606759889,0.2539595761531806,-0.3071615736839507,2.077747870768963,6.330533809345236,7.39347081718305,11.250747470285091,2.421358470565773,8.350128282587026,7.983442761840472,10.292839583403323,2.310279898900448,7.021558809886354,11.18324872296752,6.803659942501327,7.61445086054279,6.30157620056486,11.093649219995042,12.390779364008214,2.131539606477847,4.84696223926244,8.82260659439496,8.273613439854039,9.431864193945668,12.356388345651995,14.310383769827228,13.605124339435184,13.721118368838768,13.505858434583898
5.835107523007866,4.774299132626256,3.654725205101965,-1.8766729203363053,-0.9517344193475287,-0.47799054292915494,0.9127986607940176,0.9224654688785865,2.6945335236083263,7.353211804380956,5.404263141043293,8.11572420217145,7.3799041969252475,2.1304148130025684,1.3345883828219587,1.8412534346011984,3.728195296231316,2.149641728519883,-0.28391069003322406,3.9342260715510475,7.045105692073217,10.028647520864007,6.370600280988955,8.19428069971738,4.490001358583534,6.368388859484436,10.294680719080194,9.350565775061856,9.966834576662649,9.09182972833668,9.836017931040232,10.763197017818058,11.796016977756786,12.284719083993416
4.260140288544259,3.9210394416392607,3.567788169752565,0.5757302044463181,0.31915247668067653,1.0619717803686761,0.09865835845407118,2.2202758748169202,4.571785367270284,6.5314931612573375,9.168480045255038,8.822688356395105,2.352829540264715,6.664561991289782,3.1581103602791774,4.922806171883775,3.6899459211221597,1.7615884612307702,5.29786116182648,4.133822515099927,3.3109719056366367,4.427119674516005,9.333191370070589,6.563556582171903,5.515505187363875,7.370192749384149,7.968526685881014,6.78072116248385,8.64431691654499,8.762410472944216,9.557430279903276,8.94152797546102,12.147300763109286,9.712526490178089
3.8626844460584135,3.2690453457781814,2.5953538284868203,0.6086600508853358,-1.5422179136981238,-0.2360359078465672,-0.009061505014179695,0.8102862174648424,2.294973188923379,3.582323640874322,4.477651720282611,10.271554797959592,4.9894067533746655,2.212072023544573,0.17584471172071892,4.868402009467904,4.451540800732058,4.24314428071298,9.476072950409057,5.947737903918158,10.532179256846803,4.12393216194557,8.656978288101124,9.01828746576948,6.624142599325791,9.718126383050812,7.984825501954048,9.509600275553506,8.54679564786769,9.836114239652384,8.974694227438416,8.815743441838624,11.322924891336472,12.589953086576438
3.4051034739877846,2.959228354497893,2.2098556213316467,1.9655983758900986,-0.37225531579248683,-1.7648628083408413,0.03310828225018948,-0.5311527437944503,3.3185374672660335,2.770970545724463,3.9773306339089127,6.097667547888172,0.043229271720416046,4.623134784408429,2.906016307040055,-0.03941451447979872,4.054176661903807,4.881382476393109,11.263387095726367,5.5448458194576835,8.910215034154609,4.968969884699335,8.14935187563475,5.866734608868098,8.258678997545019,9.402279619622039,8.896208096962363,8.715319326377786,9.192034889749324,9.304947500675842,9.269654600858962,8.677212044091242,9.404886838301035,11.179973989326287
3.4055459837172704,2.7672903049904254,0.9004462683858154,0.16328943463982076,0.045279566015029735,-0.6607028408436029,-2.809136964314006,0.2054946952456432,2.2463822925935064,3.085944817444242,0.006367771512096999,-0.9033070980658233,2.184742083919544,1.7363220125753318,3.9659696788721637,-1.8916430501043469,5.9549404274956705,9.55176917973779,6.341498100279319,8.588683001660455,6.5438886180273155,6.355044713491257,8.8090780440499,6.844609619902855,10.218020665080793,8.199798608439533,8.360070867736791,9.764093852067774,9.229481295742522,7.472473670629196,8.291854865262572,7.971983527672951,10.355159994002165,12.050534624848602
2.7363929032094054,3.7418189529584485,2.2371571201519047,1.0625953140615005,-0.012940150296448953,0.69759692987225,1.1198324767720524,-0.2892897403311242,2.560246696360029,3.2028051088766674,-0.21545520976468643,-1.4138889654853368,2.0768833256351247,2.4365208736834725,3.44796864872158,6.861748141764741,4.417277537751421,7.108350783426889,6.924032713782078,10.952288641526225,6.995857433961149,6.295640104776879,6.113095568537757,8.61376009793047,7.410042706788243,8.933115229170767,9.429969860960975,8.55564174828144,8.98332203530202,9.729530203819193,9.217845982016057,8.272984087246295,10.223012621749959,11.365154766543585
