script/wind100m.json
{"header": {"parameterCategory": 2, "parameterNumber": 2, "lo1": 3.000054539987559, "la1": 64.9999836372058, "dx": 0.5, "dy": 0.25, "nx": 34, "ny": 52, "refTime": "2026-02-18T18:00:00.000Z"}, "data":
[rows 0 to 24 of 52, columns 0 to 33 of 34]
12.424948487839933,12.015648143161695,11.928154083565937,11.78137369000471,11.064811381009912,10.108663719221585,9.923783765412946,3.6731319296133567,6.528335586599331,6.374796627115292,7.284454663737396,6.27663635725725,7.08821261679504,6.277243145902335,6.559682093622599,1.6531642060862082,1.6488525969610273,-1.0424338233699681,-4.012214292692495,0.12680319405729384,-0.2827087942008113,-0.30236182444118975,-1.235458924545704,2.526387978784716,4.790641620023057,3.4064199903346917,0.6738023548981089,1.4499470237086103,3.382871507000626,1.7867140367322456,1.0407193959368852,-0.34154090425537353,0.8257229089079734,0.85446723819518
11.763898304042433,11.59654580057708,11.586034016124906,10.964434248148152,10.534388323787557,9.327823955542527,10.267306821896709,8.881641661384748,7.380953740183637,4.750255731504139,5.108201097969772,6.070693491799463,6.677312576530946,6.5574989454337365,2.663637265300365,0.3181497669764461,3.194602447219357,-0.7360581146128907,0.9636968090804452,3.8361052944191414,0.9528969904876666,1.7889748343464862,0.498847140227397,4.784566919216624,0.1525079861734882,-0.5162911510308742,3.9137054294909137,-0.03802203317768497,2.53551691700178,4.0000402802661625,2.7395862204445325,1.599860226834858,0.22211538971029512,2.6561955321304933
11.170160819334221,10.79571510948925,10.429420130198073,9.977925091315127,9.879312375241149,9.476060781595413,10.128164561532117,2.939801780418844,7.663083759180726,3.5671861734925945,5.135741970227162,6.579933589563842,6.484110022895896,0.7449960250814209,5.944744814965955,3.142965266083506,5.05541504679664,-1.4336364752696615,-0.19159721623256676,-0.8780666946352153,2.64614648711536,0.7091719315673061,-1.3410927009776017,1.4448807550598095,2.1611272412094578,-0.1224367819395867,-0.25369187783612107,1.5028518171716265,1.0720467167062062,2.6306994641273906,4.966512206429302,1.5353539913177163,1.4790125483722634,1.25299918626826
10.53804316137157,10.21020933497986,9.723933693889641,9.355801698393966,9.857389249992162,10.142245244519765,8.95752175416644,7.824029966132861,6.852802533291791,6.272898102804012,9.653856294049678,3.525657391461916,-1.017403243117555,4.678522540212672,3.471836627991243,6.788819827097979,0.8234565396854872,0.7617516399211461,0.6986576580280287,0.6858755778633437,2.8023995063158513,2.0775996054262422,0.6682450736711613,2.7417834895883146,-0.04726883618535625,-1.1826003148492223,0.41669478723286874,0.6172915967314808,1.5697524653211412,1.1472891898046553,-0.24761603232883458,2.613190105855704,1.2721309028211472,-0.01955017768753685
11.33960003923718,10.891060375183077,10.50487914488032,9.798921804653126,9.177555251145264,10.370624623316482,10.681163548717468,11.018082117738954,6.828058938990529,7.014091054138192,4.335318571509269,9.425620347918962,7.395952139665214,3.030431965212563,-1.0570476111565088,3.2348478427705616,5.262421921206285,1.3776991851471334,-0.7100260144229044,5.77707236938383,2.70332238546337,6.647795426220884,0.3226826730528022,1.412626037752643,1.4261500980038968,-0.31684986012866473,0.6489175318645574,-0.9703913132206212,0.28104183496126195,-0.02792562735202858,-0.22218399724845259,1.0500421205254873,0.5549149791026838,0.5523986425911062
9.948765504496409,10.13995313323324,10.79349980986913,9.9937164550614,8.38909402199475,8.863660798455683,11.133742491805894,9.98595944186656,11.615106537705653,13.857298566810268,4.446129593150232,9.687819512593169,2.352730902832773,10.52808615771061,-0.29216588319886583,1.8421012128858465,3.4685461110586915,1.6886799249926223,3.971744530313953,0.7522808301070203,-0.008249852751288882,3.335496867834467,4.972631192370916,1.0594610527075896,3.022503226053301,0.27979051811753813,-1.2537854645713233,-1.8069648597598318,-2.1020466848388724,-1.1841489809796524,0.004364051546560409,-1.1877700556990665,-0.1412864708328118,-0.19089638193604797
8.475424151079288,9.140316172995913,8.677226920729236,11.125818260957267,10.913942233979022,6.489155321569915,13.199522022776392,11.57337721411769,8.902158518861519,12.50810363077178,10.163747638547406,7.220471077658505,6.9239937874807715,7.629566362278938,3.564342161082557,2.9128681725913435,0.13281396076176788,2.9490414369293636,5.237226969334464,4.021954183323137,5.198527645367421,1.014189852664138,0.9720028559407544,2.8097102836462895,2.140761731760503,-0.6572269329503145,-0.4046262685237852,-0.9575574469046892,-0.5586851941540014,-1.4812008512769292,-1.763579903559761,-0.38551344247629593,-0.0203336894427367,0.20737476569747232
7.913726722318381,8.81433313862371,9.711670036569828,9.808154159509579,10.530569695166424,10.487262001372729,9.316251080789632,9.513258364044475,10.290931240928266,12.05481065354079,8.450830392479345,2.286536018381535,5.91210422136545,10.472375749639998,5.164943751066517,3.4297008775478406,-0.483732858362286,2.975181508107551,8.307332813958148,4.169524916091905,7.023028301545343,2.102770695669137,1.5413885658698472,1.1083366405824056,1.3403765910031211,1.5019703399018205,-0.012972189032305386,-1.0428394572454993,-1.4681149036041576,-1.8282453206566769,-0.18428611947088738,-0.1805289498280367,0.7549127239112721,1.5416085481334523
8.848574228459356,8.437012649460765,8.520308614393864,8.999294637328257,8.340642506597673,8.160306289348176,7.7092983534861075,8.271419825247394,3.942620222712508,4.700831992658618,5.04309991107891,3.1179595102617808,7.216237943535292,7.3948012215757855,7.516217619587524,-0.7624842468787739,0.4286456185258992,6.967585965586053,1.180349667402915,3.2369276305059698,6.968819333739183,1.9600443022469947,0.7290725081660986,1.5648300821750907,2.2907539221306816,1.2601481983194271,0.6721869364673992,-1.1963863893879783,0.1710610989079421,-0.6968439171320067,0.34515843663431084,0.8414543772006373,1.3145016526601092,1.3456677888000297
8.317940345564727,8.210741897339142,8.541451476431122,8.458615469827715,7.565765557428147,7.879496377008003,8.243631662678354,3.8334159029026758,2.597381581679129,0.8606318917924373,-1.0091590502388468,0.22111616761110559,7.572944622416044,7.975533261059152,0.5761284836989983,5.540595361638443,3.753952167179598,2.845800036116931,1.2234325662484893,4.236252126840691,3.3434472483322257,3.0067448768003606,3.0553462582831736,3.0087792782580944,1.7384348876937543,0.664034484727377,0.16820397304955548,0.15474694354137217,-0.7603358491219618,-0.263693636791823,1.1365019723910161,1.2568061158042272,1.1610911569830091,-0.0852397459967328
7.736308739498821,7.69067973942948,7.482580227409221,7.886614709009332,8.417139237136405,7.948041260246683,2.7150296537547383,1.9452909815592876,4.087783320649984,3.2913114253326605,3.1993299609719568,-3.125434922677105,4.242556916047956,10.027598710305067,9.707335032432502,2.6384763699982936,0.706266571346991,0.535431591105814,2.9301529693987987,4.161963570328698,1.171138448090365,3.094678834355437,2.1660424063952264,1.2867762402074179,-0.5358538759917008,0.4880684924890061,0.34393342132103133,1.7453064619442573,0.2492901155166916,-0.0029656715595998396,2.0703820670175803,1.4102065033305176,1.0022827353133066,-0.22738619880741046
6.0442060192504465,6.530304288389605,6.8558829828996615,6.065917581718714,6.842002032877998,2.9825720006783394,0.114275504076857,-1.4422069114228993,-1.4150444823403618,4.420896482539777,6.481354247187099,6.441921148220742,1.9435592948941258,4.100658093772023,4.263407036401461,4.208688635218993,0.6307561228144349,0.6250758187909667,0.707676137460265,4.274063459958752,3.317737975104329,0.6486092944440539,1.2608469875512975,0.23065664231080646,1.0075847641197546,0.8459627811607372,1.36089664899733,1.9219133704763205,2.154856221054571,2.4219171554707546,1.572782514348761,1.0408102625625233,0.800031073406768,-0.5777846399098084
4.132122632323938,4.552692670858748,4.463032621268066,4.251692375781319,4.69552055184337,2.879676961553823,0.5386921657137621,0.8793753242079675,0.29190551700412654,5.039116172579505,6.246660386645413,7.578243774701055,5.838466920162054,6.50569168029311,1.7790816309064967,4.419062440950823,1.5046583300883145,2.675748504317967,3.867475920591229,1.130110166636829,0.3728010766851115,2.458850362415286,0.398544110227078,1.2820807986975955,1.116685400692164,0.458898115471156,0.5491006705462247,1.5009885850035396,2.153963423286518,2.1952286416613327,1.539908757929763,1.2113832948000527,0.9829076241105087,-1.2293923863395124
1.8236068999141553,2.5230879827160226,3.3421583198634393,3.040754765017575,2.36189401861487,1.5519705458390656,5.805117964537756,-1.2477188257152563,-2.005630948163568,2.6073149726230134,4.3986865163897635,7.268130461283004,2.162547336649899,2.3481871815080235,3.736158599221384,1.7749582250346492,0.9988803406907858,1.566858592667686,2.6529580431203463,4.242366499648098,4.985212639696802,0.21960610194037802,1.7733777891210618,1.7000780259286623,1.404070707574679,2.2382566204559526,2.0735426780401207,4.093771049754167,2.2719683831537445,1.6679566272015145,1.2092018958482875,1.6466026754274188,0.7735449815054044,-1.6347044797884271
1.9228298418493048,0.8661668865836347,2.354585713739002,1.3888504444780476,1.1140123954151584,-1.4126399953453719,-0.21691626402896366,4.365577218398659,1.9447664038845351,-0.6215141728727824,3.694201173429876,0.29631350178159677,4.368928484332303,2.594568472326883,4.337112952302251,-0.048490510853424214,0.919132968412744,4.2373673909042475,1.6829708164166248,0.8016486747999708,2.5288561094248814,1.840452825405712,1.0795177211128426,1.9225951579808038,0.3112513055690005,1.0619158252311949,2.5467897714072047,2.975432883441776,2.7764017632539484,1.9152544583203117,0.6926555688750451,1.3122256326454875,-0.8638088836829929,-1.8932579569794734
1.2010631657134028,0.17298662654263428,-0.03128492575411484,-0.40041921085243226,-0.7069683643101465,-1.443336109313857,2.53244344889606,2.5228494669938586,1.2585388343988346,2.9465892502440463,6.57663902924811,6.52125830253456,4.175586190422272,1.8756378634942823,4.2958539410599474,1.8306676876338146,1.4351299250083904,1.853131036520488,4.02318022691953,1.3526719606575477,3.0094233715266236,5.574835280521733,3.3371173435681385,1.2140255633710535,1.7192887708515183,1.8630933340977198,5.408519407010266,2.5615985175773943,3.2122591096351027,2.500679754649169,0.4877620926866221,1.1398132003063601,-1.7799355617200099,-1.730496899706714
1.7588553008710786,-0.41613800946491236,-1.5417524048635007,-1.5353868320607358,-1.8936778389178284,-0.5174081854343326,3.064052564255486,2.7655538773207384,-1.4242075648942338,2.864770844138922,7.806216030290599,6.177443718097786,5.542537057135331,3.7491166547177452,1.3956080304427685,1.6975896580128518,1.2813724845750984,-0.4392813106967983,4.49363977767676,1.1895676984562376,4.592738660742608,5.744543891026738,3.83887152868381,1.3238471466990394,1.933807601564703,1.4885191696509028,4.486451715138283,3.6433129283426315,1.530143046305864,1.0122006694824752,0.9957915805959423,0.1571568434582387,-1.8488691001001127,-2.5757193597232138
1.469471067562753,-2.0826932482128866,-1.5276826649081474,-1.985078914791327,-1.179407984114342,-0.6613411823940798,1.0529247088329903,-0.18761020643611032,3.333733428265209,5.460966272838819,-1.9074219874565397,6.4217489396702305,-0.5828883537178463,3.660756413076597,3.0612565685524857,4.531017281988582,0.6256905064365301,4.6726149617777315,4.880257811731343,4.858600200498231,5.135180480912193,3.904410529757936,4.847638308706958,5.427684143046744,1.1006055016102247,1.1219597084154431,2.5567941863887493,2.359089163143772,0.9974879534037228,0.27019952615320153,0.7582224657561896,-0.5314092354881294,-2.4310030926377464,-3.349930828970526
3.164956098930009,0.7188247841326199,-3.2986666273541734,-3.0480766584399412,-2.2952824879961855,-0.5245089214993572,1.4281570267668702,1.183321971486452,2.73779350900701,8.521346854614052,4.68377730617666,3.298734550861909,3.9409376051413862,0.9062955669207449,2.5237629087930253,1.2737799491643729,4.043592856708808,1.3657767817525663,1.0532575166530684,4.070757699378335,4.523881484277587,5.962279664699488,4.655779772315199,4.173619066856282,2.218872819660512,1.6297330724591794,1.7846417373581471,1.9495628054946665,-0.5920095426130101,-0.020545899984633204,1.00930564611488,-3.4271085518852678,-3.8745267459621977,-5.0707957984060865
2.7287715024166235,0.5906858203348971,-0.13463501520606502,-2.5026866778850803,-2.9080318053322456,-1.2178956300955739,1.5396823835558227,6.940767877838268,4.450012677455379,7.7359412798334635,6.192496948640802,7.294587789689312,2.9567348125982114,4.1909477596699585,2.748405141823351,2.3251881748584,0.5565196053477729,1.7066293351995667,4.448313086569561,4.908602143153945,4.280327577154075,3.1040493202211183,5.957576425709678,3.427929473831583,2.7631811997800075,2.97886578775057,0.928398628908387,0.3416530762743179,-0.9536388232757503,-0.2198440467518038,1.7275779546362902,-1.338426024187385,-4.970690819488036,-6.140007431090574
1.6377410566113981,1.2786798186537314,-1.9597383222838929,0.596387366212391,-1.261908965155358,-1.2102323449144936,-0.2502351202941508,1.6689970542960506,5.471156929713039,4.128336434416958,6.855770807023122,8.175166689771618,3.42264568875367,1.3551632939822862,0.4623996290369661,2.2195035147610946,3.597839010585321,3.559449243054229,5.326278717799742,4.035954896964446,5.980250281668992,4.1245636621695025,4.356067583389961,3.369562542889672,3.77767747064952,4.7870084524688945,4.185628989149384,0.7467087638855734,-0.8620486325453546,-0.45341003593328244,1.1448139438308707,0.8108923799290556,-4.494892679066611,-5.621797354781737
0.7320669276673218,0.7771943262771717,-0.7583268666224087,-1.5225544911588575,-2.2554234264475403,-0.297499700539181,2.2348734908576704,1.0273538811493985,6.4300989194649,3.052502415164587,5.297309704152985,6.1425529170439175,0.7926611181320864,2.095111879099333,2.9122139091089623,0.16709584001824632,3.3838203294820333,3.696623272229582,6.336341458350336,3.4130992446555903,4.870249530413554,3.538380498535481,4.250299636018492,4.301708673075258,3.875051843601626,3.248748468872139,1.9734233068349978,1.7177112468981557,-0.10836533401634005,-0.13445112592451397,0.035508622864952794,0.9921024043391307,-2.692930806938373,-5.105428461166243
0.3445863402851337,0.5104772005418307,-0.33629883956573353,-0.8223267093997882,-1.3245527499133687,0.9313306462561477,0.5835227534354813,2.856196863941129,7.43829817937549,6.125717893111621,1.3666933935060732,4.230616324651789,4.923904922393056,4.365581495254333,1.320659037678225,1.5275172794524852,2.464448203162308,3.7377631667121602,3.3184452776162034,4.6619193055026935,1.3691880386958688,2.600565008117068,2.797420992167929,2.8782104489488756,4.6547072513407155,1.4327684848921358,2.595533691017097,1.3296699563884324,-0.42816310335794167,-1.0532229747353938,-1.4849597616866723,0.5522669750532527,-3.351402325486565,-5.609556904574897
-0.2758903971379005,0.33018671211189454,-2.2188264952760934,-0.9684077936634122,-1.0355697978297782,-0.17529022454062068,-0.6045692505913738,1.8073074730471383,6.8835384216270254,1.3358031711575638,2.0392316731528703,-0.20518202012497966,3.9007209773728477,3.37643643079154,1.5088652628827228,2.115513558293006,1.2588851223755178,2.825713987977427,3.4028352747783743,4.735801307409218,3.1222546365311725,1.6454465960284994,2.102651775051404,3.4160602001490563,3.790259265069055,1.3604734186014458,1.9675197059258096,0.14822113757352215,-0.8396413720414699,-1.117063761165117,-0.08309996454709004,-0.4594788545344587,-2.8403870057782896,-2.8292328127625614
0.17963092674891445,-0.346146719377974,-0.17536629915061921,-1.180521525007591,-1.6311284626527884,0.22200596004653927,0.27423192148478104,1.7622862346841361,6.012273182436529,4.463325455345057,2.6539191510101734,0.4027145728748236,1.3269195072465743,3.7809729928232776,2.245280954711082,2.9805377008731977,0.7404053846972021,1.698801395797072,3.824674817848106,3.5775032019824695,1.5241063984661924,3.2112579132515617,4.035932735874832,3.502976850756439,3.9717729057656843,2.4049900557609836,1.4376188150546017,0.021699035133825127,-0.558445974731597,-0.35694794333583674,0.8582510484957439,-0.9208613754443922,-2.5275898910829313,-3.490038747105736
