script/wind150m.json
{"header": {"parameterCategory": 2, "parameterNumber": 3, "lo1": 6.000198445256149, "la1": 58.999992894266676, "dx": 0.5, "dy": 0.25, "nx": 22, "ny": 24, "refTime": "2024-03-03T00:00:00.000Z"}, "data":
[rows 0 to 23 of 24, columns 0 to 21 of 22]
6.195689092149669,4.277482183105829,13.432415509320762,5.513477925805227,7.455815845938044,7.205878536885846,8.173317784147399,6.390616344391708,3.5909773466169455,4.215245743615741,1.0393903521663166,6.195586959422633,-3.8080989499047204,1.513439030553386,5.491803445175319,3.315968534551819,4.671705909396119,3.2955347532006236,-0.9517658611196271,1.154295348993147,5.153357258984124,10.409968360350302
2.581455995696405,11.429581687699484,0.04542775834221683,9.975698080287364,9.106593287811593,8.132106837625505,7.960725026291342,9.2448086936679,6.659398645708641,4.849283130056706,7.079348282528941,11.363552094811556,13.3589361367808,13.085008316875543,6.926667087764362,8.437285904241678,7.366306103692059,1.2261565558984815,6.204276705286694,0.37227505493082524,6.800237828128185,0.10929792111517674
-4.823315715464756,1.973293069703076,3.0508176537420084,-0.10923186173964089,2.398704319429753,3.9215858598282662,2.5282979417553246,4.455159760760661,-3.4923790995807025,6.394042586263723,1.3735185880507819,9.468677700484672,3.948027249790537,1.656884048754921,7.985707237428826,5.48655334070102,2.8067506332303833,2.484933492769406,-1.9736337554309622,-2.8172119358546146,2.9545965327800183,2.727355731090345
6.3069173186472405,9.329686316899952,3.6053767324967265,0.06465410562343255,0.6525301540728513,7.274822782992551,4.393075868635773,8.118046952245919,0.33028459414452976,6.6691868628196245,4.215033919165813,5.265171363643896,3.5747097197050373,6.944497991207453,2.3072949913882477,5.037548188565131,6.18576810998296,1.9969536045835423,3.035672994952903,3.068397798732515,3.50776883532279,6.928443537544821
4.068629802018822,6.459886032882523,3.6489573504487622,6.8160430005259505,5.082310613976666,6.745752184804205,4.259409305535549,3.64790439865597,6.729920628994857,3.3705963314742347,4.74500160128612,2.502939805563391,6.840371142692261,3.743385232061227,2.765697594067912,4.714352456376895,6.503800460938688,12.073893382332653,7.563214215560788,-2.0694998816779453,8.291307820861315,7.315727429133138
3.2885635953368024,7.195448232663603,4.309689855509952,5.26155179450919,12.000067636954967,9.759769451123718,4.833901322291522,7.862923434047618,3.9370483370720066,3.1973423150897338,8.303219533611667,5.343686617894284,3.00607535408804,8.077584997196617,3.5794825162941737,7.271513823596351,7.241170273235542,0.24729917977082658,5.966113297786554,-0.7668086702666224,6.755376231363402,7.7820415179618045
7.803017801685277,9.232452044329508,2.3265473144085322,6.2738022938732065,4.727474650772831,8.46886507720748,12.420371077832637,11.928194128662978,9.713936266452578,-2.7445396522875454,6.205354792210532,0.23304115486561033,5.514225703237817,-0.784094135832579,7.169147597728952,10.47584110570568,4.829342791966096,12.063532076796204,5.28085690024746,5.543013557036252,6.579127384383309,2.2246824604516418
7.37989924280918,9.493737590797373,7.351196317142313,10.45195822800674,4.603667898123484,4.556821692942491,4.5587513391061,0.7431091741101727,7.7619370227175315,3.3879597942163033,8.368280596438034,8.62690281216916,6.362969373052566,1.908156026907064,3.683171077578501,3.4044898916591797,6.706990168630041,2.843249041203294,3.828713575779264,8.54947679372627,8.836045110577786,-6.2185408653186975
8.554789648962505,6.432910973825801,1.5105147706136577,6.955231395149828,8.142588805473798,13.478883322178271,-1.4360979706243924,-5.32817334837092,12.905379339532026,6.113203766447497,5.448523839012828,-4.705060272841388,5.179445148241216,4.234745695162018,3.377566192185607,3.350020700126182,9.040298731722734,0.13717892033474796,4.619101775743079,8.468750279923682,8.83588700169451,6.244936727499713
1.6355847611114132,7.218657340464358,1.8070078384549029,2.8308090520967606,8.057484203177903,3.173025631005662,7.007776428944927,11.685310575277107,7.011360182948985,6.55724953174565,4.029238943786456,10.59217699016152,0.8461784783029875,3.2441724188935726,8.161220591838353,3.9071062940531345,7.157078906076525,1.4669613012713838,7.015043169405968,2.981661978064531,3.525867139962287,12.22424354425872
1.3965446174565215,7.9954392853648,2.8805496198412306,-0.03831260964286802,5.233787036395021,7.268101697519785,5.0454013409123775,6.91972836689884,12.784170567935393,5.280655777621464,2.1200993148295755,3.950026875411947,4.462815911219829,11.221978533487555,-0.3108066350387031,5.836474294890877,7.492638815226283,7.255048768193358,7.43265726416703,-6.906037366356068,3.632009552457495,6.968799134564705
6.995261412871152,5.9772665359978125,9.32772589318276,0.013415351009004895,4.381305856006953,1.7760145424978706,8.857636412107423,7.240294530668948,10.963607858004538,2.4018309478786146,-2.712532692774612,3.7184023941396585,3.058849758333003,7.261342981877853,2.0988516488259807,1.3332618105862368,1.6444855774365579,13.087401631306678,12.15552595956736,6.461876202587547,12.491209575218607,6.735355182014106
7.423175284953519,4.7959745431232665,10.59494817962391,4.268125917835785,9.056317443733366,0.6219636182448092,1.1993932733279375,2.9235174342279735,1.7721590972820767,5.242930582571846,7.485393504217237,7.066012171778389,10.155300958934736,8.36395384419253,3.3213884311537107,12.28289430220793,3.316805494068488,0.8867555229694968,3.912845689582033,3.017083915911488,4.834622359632725,2.0681736992257385
1.5519877615475908,-6.194379461018225,-2.1021651889465325,7.236515372590699,1.7692533147758696,8.761380996703458,9.733294542256655,2.245570137499707,3.7835211119649204,2.191514054887335,0.43911384540293835,2.734380575822463,6.61592855528394,1.8430571828616524,6.069609414597539,4.899018853833811,-2.088514826746434,0.9055825854597723,12.266287280769141,4.871524879777962,8.232447011832937,8.18872625929812
7.871598902042111,3.9139843546675306,7.681133222303339,8.235733692903183,4.356262860018174,9.814055564988173,5.532674468854292,0.36549826073629493,4.707658918858442,8.239368876699366,-6.294885401356488,0.307656222941602,9.515534611501007,6.930769602953834,-0.20797005696580956,2.5044316245240745,0.5824869485580609,4.4154168968202665,2.6970245921683547,-0.022290873598430527,3.554435206309679,5.945920285061888
4.252151089562114,7.038983311017854,3.2593585815511883,8.092531710865906,5.3608245319052354,8.35188478844876,4.999819716605572,0.9754906142162487,0.7127129501814349,8.654067871482413,7.88137444302124,6.431443174131678,4.114669492146232,-3.48543147115657,0.8575993599530508,4.419281250313988,5.52199133702551,4.363881233333866,7.210984900369211,1.075486360690541,10.115370158736654,-1.1705566406233534
6.713060331226246,7.917119081787,8.158241820065188,0.30522013112409935,4.700746743189474,4.628339948578893,8.318112485048001,3.44262811037288,8.032541489602318,7.662015031048007,4.96303872133425,11.975005085121438,5.2703412386343205,0.994945248239864,5.056579493350515,1.6950903494801906,1.103252019075914,7.370625728023784,8.743999908354805,3.207742716532208,1.729364591067156,7.49501649400865
8.02725501181096,7.161694226226904,9.502802676625008,3.0795519285964352,7.3696329431946594,8.253461747266153,7.532556954681737,6.100103448876956,4.079445458295765,2.736827994222765,9.711747596306404,3.5612455686655515,6.803770549783944,1.7760216690323603,6.485980843947795,-0.2129500873901371,2.856047410620584,5.506827199796453,8.910805996476931,9.193049745778751,12.353066175996215,3.301163167649496
4.931440793437837,7.0489539010041655,3.2639323023559133,7.856383791077343,7.063466213282267,7.501179832338436,10.764291136969103,7.065854453622876,-7.081197100758457,5.259496228633751,2.74461994041154,7.526305757555947,0.5906762137385985,5.135781421939204,7.618095739278944,3.6523755970640996,4.073407789380939,5.82580724455936,3.036331993612568,4.86268504635234,9.41768493465962,11.852732065158342
10.378799410367034,8.242467775159392,6.906612888447156,7.4094814246351675,9.284174542444612,6.0576653433387735,6.92561220953785,4.400530594744096,7.081503129373593,6.249136154585219,6.086759002456707,7.873834936850206,1.7021873843768471,7.1696323302156815,6.8300397832651285,4.349801731772624,7.709804673670353,2.7164704699946545,4.701114630778812,9.23618410000667,6.932366522923641,3.1195035022848123
7.0295490953456525,3.975604390620275,9.176427109193568,4.7177022403564015,0.3721074470988564,7.223699898077808,1.989363456463829,5.742971955211622,7.414817540744087,4.4549492633051715,1.4163707052934964,2.077895172732974,3.0552822765904715,4.9720142286383355,8.61971088285879,-0.9583947663538882,-3.287516147246541,7.8095187297978566,8.974953962928089,2.2235277590801603,4.455463419105019,9.097444256479235
3.1019499298291904,8.290494869287729,7.84994391937462,4.3574005533382465,8.298587610173184,0.2662091418915898,2.463316548193618,7.731466866920076,4.987054344209094,1.1703722815172704,8.262419654189703,2.870764203674727,0.6386359097777907,4.67350740280873,2.4021037564452623,13.271208075652666,10.039577673048054,1.197646155791589,8.72611466058015,3.5503525773141713,3.8176721223361585,4.466932757374646
6.378036917143893,4.171592776440115,4.377267863374942,8.900615271998968,-5.040658679095539,4.743203136888031,4.571623283318023,6.5187616620687105,7.715475250391721,0.9489156133972286,-0.13719742850539088,3.6294151703989543,3.5515195649010978,-0.17602041047380007,3.281555217665697,6.561143125043805,6.239406683481274,7.181390655539016,0.2385706301246429,3.0658568029034057,1.614736631094841,6.082814037759306
5.652759151067276,7.11591379063961,4.7371757862990185,4.2926259590986895,-8.714015267037645,-2.8463647160035093,8.10832992340311,2.041065430050441,0.2444778681556014,7.250385974645652,9.13991870908412,0.18339649924828855,3.3567739225036544,4.588158612789325,8.026126896920156,4.7216104985812875,8.884019936720797,6.434276662373409,8.669533568885605,4.484423273643476,13.40897683157699,12.038729494970324
