script/wind10m.json
{"header": {"parameterCategory": 2, "parameterNumber": 3, "lo1": 6.000198445256149, "la1": 58.999992894266676, "dx": 0.5, "dy": 0.25, "nx": 22, "ny": 24, "refTime": "2024-03-12T00:00:00.000Z"}, "data":
[rows 0 to 23 of 24, columns 0 to 21 of 22]
-0.5370680809263866,7.052075307787301,-0.65812082185686,-3.248326056537237,-3.1759788269287803,-4.182149439133236,-3.782261686304315,-3.009332398470269,-5.725426511034073,-9.189743536857149,-3.3090323694128854,-0.5558673164264821,-0.5792115552252507,-1.3343538503353132,-2.7275144919097256,-2.456619859668815,-1.4255590290649072,-1.3367682725320813,-1.4345464766292289,-1.2907103996006646,-1.3314526380159455,-1.5399016595165478
0.7790524741183046,-3.397604094719063,-4.707728935873448,-2.7576615839682916,-2.9990111425520354,-2.4891806367440283,-3.634924951871248,-8.379549664380631,-7.791851513860555,-5.469682625423218,-2.629715386470506,-1.162456088337944,-1.233546431103673,-2.4424332414447054,-2.9168945815230365,-2.436155093828756,-0.8162302926016552,-1.3459483259004912,-1.0315055031521552,-1.492806675163179,-1.1672550128253052,-0.6628427643041288
-0.11119878154014452,-0.5070200159095327,-0.9496153113137675,-3.2831558479485374,-3.2739122553307727,-2.863368487298602,-8.062708494718477,-8.004090182925006,-5.744815231799235,-4.355004173079409,-3.511147526703061,-1.5546060546703642,-1.2406615696716796,-3.3843280237482567,-1.6690235546957428,-1.3523597772411469,-0.3873580645692583,-1.9254806379064964,-2.1279507971515166,-1.3122542654361922,-1.0110370301409635,-1.241888784968477
-0.34023806415933866,-2.8641979059657237,-1.7182431839324757,-2.354275115454137,-3.3146697041349,-6.939588418162088,-8.791581198716585,-5.80920780100621,-3.990075853943704,-3.9704334843999165,-4.512424315546826,-2.05565562852329,-1.609965351799123,-2.02461212771766,-2.1139806963516596,-0.4231427713675171,-0.5615378992291198,-2.901019569809644,-0.7115197410349022,-0.7417906186543014,-0.8313381315547546,-1.265008634148226
0.5002951228603535,-1.5860884980900307,-3.096143166792856,-4.72774561329984,-8.214598870129038,-8.251032617576161,-6.127922732421572,-4.231391736733513,-3.943866520248996,-3.8403578260328906,-3.905143916260497,-2.9710469093474368,-1.835812246420126,-2.4373440116714575,-0.9592702473021547,-0.8852487650147851,-1.0891741979438876,-0.09488103629336063,-0.4852916488317111,-0.6268863654301172,-1.3129833649547602,-1.4730510599872118
-0.8351980274254884,-2.2080679741362927,-4.5555594833502475,-6.475354284471689,-6.607556994315831,-5.059926174336984,-2.907931368675928,-3.3387393666347296,-3.8594788387294017,-2.548268269978389,-2.564849937936723,-2.8264304183762126,-2.0230522252149106,-0.9535512109010821,-1.5862834479802626,-0.5671674935541452,-1.6233708145883603,-0.3916056661460521,-1.171400244897894,-1.393047715862781,-0.9712518983537768,-0.05278865610434743
-1.2922387599449332,-3.2656621573860343,-3.5606305152998665,-3.8680458735807246,-3.007269242257175,-2.7114898812700226,-2.2600315815079224,-2.3216421919920656,-1.2999634967293725,-0.9056063217623842,-1.2205025250966877,-1.8773653971683217,-0.759217054515288,-0.8729488561975173,-0.48464965013997047,-0.6403720927169074,-1.4785117918452757,-0.8764677238400089,-1.4056955808363114,-0.7774552621774579,-0.7295039747940877,-0.5493097043083477
-0.9175609543178368,-1.696629950915398,-2.525030092744696,-2.2118832554203314,-1.564564086461722,-0.80307264821726,-1.4382050236562673,-1.873860483213542,-1.029168132107687,0.10207453552896459,0.03734189249740267,-0.7728093101493213,-0.9256245238814002,-1.033551930198747,-0.598604309129823,-0.7163862773022681,-1.2206535469678357,-1.078722154686505,-1.1097309803176703,-0.9572816337649258,-0.6277703665372921,-0.1903434754516392
-1.4937383841104985,-1.827418295887563,-0.9421154322554339,-0.05299755694543887,-1.4062670532387727,-0.9619331932434061,-1.9795765347872578,-0.49479588350122256,0.47196531057302893,0.04394962979269756,-0.37078126014564045,-0.7343657690506483,-2.0017569714852153,-0.4611667090965227,-0.7802533041734173,-1.2508720906649986,-1.3982955238544468,-0.9187288381846967,-0.47593588920521857,-0.4398750444363322,-0.11666285699980822,1.1591184598376454
-0.1366202212215179,-0.21508489029886474,-0.10178183157519632,-0.4928742626183378,-1.4991918001031312,-1.0510462623718155,-0.7231986384880477,-0.2631024195017493,-0.2388827469589392,0.13166642597207817,-0.33508410632870195,-0.9305056435309274,-1.9422803019546133,-2.553504315476888,-0.7996328418456295,-0.9070012721578258,-0.871643918897711,-0.9287312090374377,-0.5474125573758273,-0.43481375718074183,-0.5540635045782442,0.22872074564480693
0.8060376348785454,0.23790335438414664,0.36149579581267427,0.013218976029775857,-0.9125222495451569,-0.8136589432612683,-1.0370138118510317,-1.0374401870314307,-1.1571319908198843,-0.07115970799361292,0.0662428457756663,-0.31391218027614975,-0.3774270292606323,-0.547489962083581,-0.288405966027973,-0.7346210032839675,-0.6097383571167805,-0.6225019440255287,-0.5201801368802871,-0.5475547945470459,0.1251146902813113,1.558496970949232
0.3613557726336706,0.16402484858555882,-0.4366004087215305,-1.052092512470663,-1.6362045750757723,-0.9959891374523072,-0.9202787315723794,-1.120584943720971,0.04440965370471945,0.2401007721933212,0.327699403409804,-0.03571207628961053,0.01279588841643153,-0.20441881721956964,-0.4876399324568519,-0.7050604826968003,-1.0606879048970792,-1.0804979779206219,-0.6572566085625202,-0.33160649000118375,1.00624140796799,3.078212316761503
1.6909650033441261,0.7564944328144482,0.49430468500269065,0.26092006298027914,0.06945587540761934,0.0005575201440823142,0.20334084295369026,0.3907731856844479,0.38618077530165634,0.25487244532703596,0.0006735184235952961,-0.46056206633066976,-0.587723216384886,-0.194047997505287,-0.12183073295200984,-0.6874671026353981,-0.5550649746369358,-1.273619596800565,-0.9646727780931196,0.0001236204601761061,1.3407299740078682,2.840020313423988
1.3734558649272628,0.6354142942606905,0.01856727499587041,-0.49408365444851493,-0.05714446506936185,0.28008184935040265,0.06141963604818922,-0.13541700358901565,0.020856469377190347,0.22996683510193439,0.09208908847101867,0.032712217953700946,0.10843413960394543,-0.6445423361272534,-0.8111697783336027,-0.2763919976554725,-1.0443677374726452,-0.9559362316649339,0.19874531723978747,1.2151952110752593,1.3972183821298372,2.5145036389591637
1.358295367581804,1.1181570957150464,0.9519015191021227,0.5031385856894325,0.12554232982203142,-0.23351996812058048,-0.16099390693272145,-0.7167045691783455,-0.587556814122895,-0.4820700468181849,-0.2617636679577958,-0.03139319937681747,-0.2836405241209682,-1.5310440809873305,-0.8100776160662984,-0.6901452529213188,-1.1519711321057866,-0.548024384999641,0.9274025571755071,1.4511798922882242,2.1866251077514165,3.48777567863365
1.3053421012158906,0.9314901037985149,0.7366775370618492,1.2208367765300383,1.2144043633559174,0.12490188856558862,0.17114421595379598,-0.34761696484082644,-0.6407274355142467,-0.6505917425338686,-0.6777328705991629,-0.21494502329790408,-0.045120728771999054,-1.5506458932436773,-1.282218736373082,-1.3636063125261702,-1.0133480344074914,-0.5574201396261256,1.4725053924813696,1.4818437888059222,1.9004771352074012,2.557040211065252
0.8132973218196156,0.9207976179262278,1.1934448963069881,1.0378002337479013,0.7845986466494917,0.11784220431612577,-0.1566824965426329,-0.2672263833507053,-0.14752399167700145,-0.6084733043790111,-0.016522902514811654,-0.4944978648725643,-1.005228775258735,0.13410859117173868,-0.22205127284477238,-0.5970024766824916,0.17425281267326792,0.9061891665675454,0.4850629186927622,1.693492635517264,1.9304840345102592,2.094707472282434
2.3666810569604406,2.8833404117623735,2.922991868559604,2.0217705463783937,0.10437268540326965,0.28229696173330976,-0.14731647195556827,-0.4623785796659869,-0.2770461099188185,-0.7731433521029237,-0.602848161927849,-0.33595036438149717,-0.9414452249159261,-0.7894216717577334,0.06499561477731025,0.6620062559387873,-0.38008213268552643,-0.005676923972738052,1.0526508898877638,1.1878224526924854,1.638163661278944,1.5356270853043221
2.3831323208377464,2.7573215822898294,2.2029648348701256,3.3451300715679504,1.6490361579913368,0.47376655731151973,-0.8020656766614435,-0.7192472503724076,-0.10380317111703527,-0.002135146190813752,-0.3846800090633021,-1.2003601379093478,-1.605562101493207,-0.3962410190528035,-0.9729639467862288,0.6445740253385962,1.1690859628109254,1.110749871373526,0.6645057139005245,0.6153723124821698,-0.0610729485286056,-0.5536511014757395
1.6072615439121305,1.705856915700183,2.703372609914478,2.3316299042572513,2.1168656921123654,1.4668309868905582,0.17100004847787084,-0.25929092184055436,-0.26791603509547335,-0.5576306476774942,-0.8685050404343131,-1.8512852568384015,-2.581241620114094,-1.1411539431845679,-0.8450223240887398,-1.284561219448965,0.06057973993147792,-0.25737541035902495,-0.24644259134621085,-0.3120333907138145,0.1996839613793728,0.4222169689569217
0.3363350204094928,1.238326016663985,3.190621474321899,3.3499523825734636,2.7366223855807723,2.6774816071077163,0.38454778055249794,-0.17935507267476417,0.8565179067790801,0.05451225564220622,-0.5281720256726362,-0.3747978238679452,-0.8650705044117312,-0.41020591717339583,-1.1723238800480302,-1.0715644519310503,-1.6447408111446478,0.13890196210969968,0.4170436421249154,0.8364545549474574,1.3500343953301737,1.9146419453826116
-0.7624614024133333,1.1862089918908,0.04865179937593397,2.0571042074982007,1.3745119532998735,1.010604667581497,-0.0006296358857333007,-0.16752347168842263,-0.5566332608633056,-0.2587815691520911,1.1984939951329143,0.6428384153251152,-0.053584033705508925,0.18615573222563067,0.7162932593214287,1.3522012374825676,1.9776607572295215,2.1502516829617226,1.2397079573737209,1.4659245697579768,2.2967761129699005,1.3326455726733781
0.2635310395894196,1.032393131049064,0.8750746219463564,1.3892677825042736,2.299027131293829,0.6751880744737906,0.4492905955395497,0.9663322404751338,0.571496663026591,-0.01524099909786409,0.38470861789554023,-0.012580930026706036,0.6650991018269893,0.7054403378758689,1.7015964714412177,2.609469018190963,1.2381068480166968,2.0483148306740944,1.688710824789676,1.337710733220667,1.0290626336373687,0.7010056261273231
-0.7326143702097818,-0.3309515539587681,0.5087634263813552,1.8126974034663572,1.2627896243299783,0.9667637650749067,0.9885356885871885,0.5032734909871164,0.9904919202008868,1.3937620581028314,-0.3548452867426544,0.721449671365781,-0.014297317912873963,0.11806077851286874,0.4872279211412727,0.8163382576937966,2.019989024785201,1.6146604421582111,1.2302305071187383,0.8462218415767949,0.46738526774901545,0.36695839977845546
