script/wind10m.json
{"header": {"parameterCategory": 2, "parameterNumber": 2, "lo1": 6.000027932988019, "la1": 58.9999434238085, "dx": 0.5, "dy": 0.25, "nx": 22, "ny": 24, "refTime": "2024-08-19T00:00:00.000Z"}, "data":
[rows 0 to 23 of 24, columns 0 to 21 of 22]
0.11769345720355698,5.861914933204283,8.595947642661356,1.6693164642669318,1.5070438122322556,1.7178539818804262,1.5735865880088369,2.582839024140274,3.5857618492897703,9.398259138147441,8.961346549130282,2.3224516579936414,3.153679923302625,2.7739230728732767,8.130536535502108,8.141255325310873,3.923257474199101,2.0816152322253556,1.1450751954051053,0.7974669541670217,1.819343018599852,2.171289550397296
1.4695829326167498,3.5542438307871524,2.160126158467468,-0.7181198098735148,1.7588224141568412,1.7651502304206346,2.541147892004846,6.97497912667116,9.916181710369305,10.030296378753205,10.3527057858799,3.116635769721217,3.2291674086529034,3.0967595327220896,8.145838836900083,7.1993443981453655,2.065695487288944,2.813367470347686,3.055926405547805,1.2901723212618532,1.1844756254370261,1.35477254491286
0.4149212944202674,-0.46242006823926435,1.3524222435342603,2.046741498416699,2.0274009436882205,2.4105086292624,4.526759197099987,9.385251130887879,9.766458136007353,10.320793577428125,10.248991418228117,3.743153880161734,3.290999079071868,6.298614630500342,2.5363710238328685,3.1662114147112748,1.1756979243285637,3.7344005856025615,4.052102006711493,1.7687135793217912,1.9838006462049214,2.748890332032679
6.969754892044359,1.6678350150436272,1.3913152799806603,0.704301360437978,1.5980032598047633,4.954043851671664,8.975601743371913,10.097137138372881,9.843839815450668,10.223336486893444,9.939018610548064,5.759627951636244,2.99653399025909,1.2229234413973273,2.5756484491903517,2.917731607683499,1.6955713209741219,6.43956803616203,1.7585131999441128,1.253495573765611,1.3095979272592408,1.052839820384869
6.49514147557533,6.299559094207862,4.806348313032793,3.57825805830397,7.657959630103317,7.796401679251668,9.605175746859773,9.819491445868238,10.177959372799972,10.14005643487187,9.77568563679875,8.346820415829228,3.0755758328600677,1.7167849657415133,2.4459980746671697,2.6624252310458236,1.8475439589362312,2.292669949495959,1.5177123658495755,1.447313603741275,1.7858648796970755,0.8918881022556607
5.499990516027427,6.400415557889342,7.075906748383229,7.8745380119926995,7.835827165085101,7.80134484430642,8.314615536919707,9.07167482751521,8.989627402455119,9.783439143528799,9.208692601248531,9.505337373392319,3.2049374178487215,1.9884766919532666,2.4681912296420916,2.4508495217885278,1.2860955731275252,1.0323507943043704,1.5578075431805392,1.879529308902366,1.9508168724083854,1.20828670508037
5.0655949842462835,5.743221683781073,6.090057856969835,6.877748017608187,7.510902465588016,7.707762185727458,7.849889692425391,8.508654289472322,4.277629418772729,3.5073060493658312,8.085345145957442,8.652305065070404,3.5411240554659003,1.4170598048118002,1.9350117508654556,1.9664694598198416,1.5793667542571554,1.836280547610899,2.048727249020854,1.709944733802573,1.731434097701114,1.8992098842248786
5.320508046226048,5.324604573974401,5.887217773345367,6.334615395179073,6.882042356132305,7.401938930072992,7.8657041483296215,9.106401424292486,1.7338160830821123,2.2812873626350147,2.855402734427975,8.404639464609346,8.761239085645494,1.7534985699929804,1.4129253900947836,1.1415761289002107,1.563144654748181,1.1870703990626919,0.5731995353500531,1.469789127683914,1.5264495642725824,3.0376454160845037
4.930264220303927,5.282538888340563,5.947050138444123,6.261788956179786,6.035616720854446,2.6893105916951714,4.7028425978856285,4.2597112618951005,2.2477767364649766,6.442922118574717,8.150893749570601,8.459243387977425,8.290122135877592,2.2252800005819764,1.7657249043976506,1.7697650048982125,1.7653936522258298,1.2948083313153105,0.6547267375531933,1.5658685457226296,1.7252315557368236,2.0444285270377693
5.016330793454397,5.751891269537655,6.082764451141938,6.32604244981553,6.652801480949199,4.033793182951693,2.4906092599768597,2.042487433581469,2.16891046314857,5.880207190512582,6.763602918113084,8.23350317871215,8.235097138878036,8.020286228312308,-0.2398063271535199,0.8950942090132298,1.9841869789046735,2.057665019633904,1.618919295547225,1.0364853003405026,1.4002137198542113,1.9747752892203816
5.418764975862937,6.102986030952755,6.537646939378795,6.4397144869844505,6.9196205807593225,2.672140339257588,2.0513556043437133,2.121434657430333,2.833982176134583,2.164509525884008,5.851809001174398,8.028389824171187,7.42994292877257,7.673505677485774,2.9772203351735955,0.797096842686406,2.0717466032299274,1.5092475733107087,1.4316449888094465,1.1072044836962411,1.5273788291862305,2.549525291042622
6.195549150954152,6.358943798268636,6.645361030579928,6.953735459271536,7.210674191955646,2.3532784530285116,1.98394994573268,2.3850614225034987,2.1666761093179363,3.8376758520585885,6.006654883230653,7.845141019234708,6.3760089221304765,4.179235113392838,-0.6262764809756423,1.730373340857332,1.0707879546593593,1.3766233693715524,1.1159751146504724,0.6153226839508273,1.7645410982268157,2.3600011461850827
6.481303364686871,6.77815536316575,6.904296720439431,7.298744338579732,6.780119012786796,3.1480936617612185,2.0672236027768767,1.7769792657980323,2.017835185567862,6.698025692304914,6.972136534693332,6.896928699926978,2.5944549932540277,1.6977419844528465,1.083563022003939,1.0708903463678463,1.9034627460744997,2.934061600779153,3.8548134131145018,2.6134108005787904,3.2236188412135287,2.794345150077686
6.775760195458492,6.960679032178342,7.043160441660674,6.9931925458646065,6.608208401013639,2.301968978975714,2.307160239919843,1.6325057680199735,2.2578551120290014,5.925908338364083,5.808516482487492,2.4977964845905136,2.138697975006632,1.980784007539304,2.1341855277798127,1.1933132920704943,1.7260788737240724,3.675263603729672,3.985852078383379,2.3723514230257545,3.8238946729537915,2.4155551786333103
7.004979380090775,6.784415473415584,7.1365190837381585,6.789272526954417,6.8032238183009515,2.851731326653225,2.3864330244501946,2.6413256219292145,1.6168800776232921,4.45281974748891,6.312598621273725,1.5717798964986684,1.9624086783468722,5.181182308315871,1.7219018161079338,2.0152155831547756,1.9105324667085959,3.258751223804289,3.036788387749907,2.476550744225584,3.028073317037036,2.9843442416777557
6.304875018560088,6.63411588367785,6.683112092183179,6.652279326080863,6.786158975051862,6.4670089218458475,1.8384186910199565,2.351503460902684,2.6561156868450677,2.4115268519327997,5.3087003383762,1.7801426668282105,2.619661151709972,4.940082886454605,5.040649510681942,5.433262973833367,2.7045841612275536,3.2486191021220012,2.734469183800034,2.7345270509556743,2.6056166332120654,3.484534558405142
6.086420745116838,6.061683213375139,6.242815835095485,6.449454932802893,6.724106593244934,6.498852254217678,2.0453514055313806,1.6931064687215713,4.330957653636733,4.6068688740119175,4.389203596370683,5.830217038426578,1.9404989108294695,3.1627942182232243,5.262815707066351,5.045219147595108,4.462282570562479,3.2795793638830157,1.53498430885242,1.9481079889756763,3.0849743688561833,2.9522446492867
5.740381124216764,5.913594054462444,6.1950964191284426,5.907257488156548,6.302511927682257,5.049130517397349,2.0938525463134057,1.9001114281007188,3.8591087604954484,6.980997428397792,5.049121036995879,1.9368849133663313,2.5555073110980433,4.844360720904945,4.217010720783476,5.475842518051689,4.849024189582081,4.173886806855419,2.8410139394229454,2.738124372367363,3.335527941491017,2.756434109007132
5.621535958909373,5.897908428732575,5.767748540043855,5.965110169057588,6.223112775360184,5.470488580676438,2.502038581588174,1.9809830120588385,2.7668739075923745,6.148000002739083,4.654246467626681,4.529652959793852,3.659974927521636,4.114120977578683,4.379863292477999,2.7756135413785583,4.323391841071671,3.599188261118641,3.241262201025033,2.591133697912457,3.1860561412479056,1.446580274772359
5.489969447764558,5.877650196562105,5.581781950168196,5.77700549566037,6.285046901569407,5.5916470062025345,1.8749504912164274,0.2348014101261331,1.3729609771063067,1.9051551726933238,2.579475898815019,3.745953156134099,3.61485764955973,1.9768388309518403,2.153575922620756,4.392517455300126,4.0708155022786645,3.1108593133888154,3.1544881562989495,2.3086220038129257,2.214054641889999,1.6611998578956635
5.985504412614414,5.598412119616626,5.631972634874891,6.030966688467929,5.893847463888736,5.387525491563222,2.012273149320152,0.7366142168373,1.1899171309431666,1.037851954231278,3.939478558950923,2.600581914446161,1.582366471297474,2.200927758304275,1.6862807998678027,2.2941144449633626,3.9832880369220787,3.273250555271256,1.3357600704307842,2.0507121015264067,1.7681438044680684,1.0042254738748153
5.782772403848252,5.54521532223166,5.612444074715565,5.5661435054834305,5.061170332042997,5.02884959202116,0.2801578020778015,2.4117596977921947,1.135514849920922,2.9825224762403173,2.664447254377979,2.1156473636791975,3.039791777551028,2.237156878928381,2.329958434628897,1.904036266070419,3.2915724762023912,4.684451174651332,1.2758892582870762,0.954798387753321,1.72251687664757,1.4146192199460221
5.226198661384689,5.1182297045817755,5.371388890405584,1.656147877991823,2.1865229489473683,1.9361155022875767,1.5738666678662663,1.4120601286894428,1.958813807579144,2.4549444843497934,1.2174808135880906,1.7866872868905763,2.477408988697018,1.9585898023175785,3.157211811526601,2.236283468720631,1.2100376665822445,1.4104838179664798,1.626271592410702,1.0030086700486276,0.9803271624721754,1.2408151615529803
1.9446017996459473,2.274192452781924,2.402106092939979,2.745187861164772,1.4028868212252643,1.730668011176203,1.4739611360125546,1.5554089199496768,1.0086913114814058,1.8225335435371135,1.2786128043113454,1.2505491070089947,2.068417353507167,1.7409978649082831,1.5449095537557886,1.4284462801685105,1.9075203150571176,1.032252500804368,1.1485782821912354,0.934874479442919,1.008544948437697,1.3019341591949922
