script/wind10m.json
{"header": {"parameterCategory": 2, "parameterNumber": 2, "lo1": 6.000027932988019, "la1": 58.9999434238085, "dx": 0.5, "dy": 0.25, "nx": 22, "ny": 24, "refTime": "2024-05-30T06:00:00.000Z"}, "data":
[rows 0 to 23 of 24, columns 0 to 21 of 22]
-0.8882663569085573,-6.177685562502066,-5.92542855509479,-0.35529164751429493,-2.4135303984313943,-1.3598161404098363,-1.1001765066049158,-1.3421176631028746,-2.533309517466069,-6.867463867408353,-3.9466071524487756,-2.0356493088347944,-1.7287514463506042,-1.6798142926639759,-3.440552310232443,-4.207611988601063,-1.8935454073848137,-1.0811835548842124,-0.667527767683394,-0.3740767461747291,-0.9107022900905951,-0.3338346517993041
-3.6000264656452767,-4.434095531515973,-3.194566657450789,-0.9496069356977521,-2.895526823718621,-1.5648324169222432,-1.3423364044277963,-1.8524477461590965,-1.4839111860173877,-5.785564275870205,-4.802784089285089,-1.6838142886490473,-1.9088280514441418,-1.0962240706964947,-3.5991025745519285,-5.162303168401416,-1.856972143591679,-1.7796389212143404,-0.9271206156867701,-1.0052266795623177,-0.9665509828757863,-0.5460695929235029
-2.935684276952153,-2.361780156374918,-3.070676115291317,-2.9983963358199732,-2.2435656584463337,-1.698427725722885,-2.996220308219929,-3.5088822396720087,-3.3088316452265523,-3.972121535567034,-5.231871466015153,-1.3798710784028834,-2.338822043129916,-3.998789809148501,-2.289088131726473,-1.8988451981170933,-1.8300139694913815,-3.7803901328371157,-2.538677524575016,-2.1090473421805114,-1.6236247075716925,-1.1712210239167489
-8.878080681247567,-3.6023188736999545,-3.2947982452673745,-2.4074977266523376,-2.5315727749090637,-3.809959599474807,-4.150071920361216,-4.4022975620980445,-3.8210559874181205,-2.8988673357638457,-4.576059896795893,-1.6358615479551897,-1.644443502759549,-1.937039709246381,-2.447292782940634,-2.416107919074796,-1.5052721035249454,-1.9143128831765757,-1.4241679386603276,-1.4564743348281142,-1.5179234181123675,-0.9257576225903067
-8.357473570813278,-8.835440044400201,-4.770303481641032,-3.7680789123554836,-5.96278883823256,-4.238580748921458,-4.4550214236590415,-4.380649525091755,-3.5660307240264264,-2.6358108168952965,-6.57820697305125,-2.931467132261303,-1.858280854998238,-1.7185466498981918,-1.75660458386935,-1.5730115892103682,-1.2848771645140038,-1.8323062012366902,-1.5921824234650066,-1.0938871229004041,-1.7268423033560234,-1.2210377930750143
-6.91589937328752,-7.010221844947187,-6.895336636071712,-6.743051621914569,-5.922201563214343,-4.708944822698117,-4.088583119816237,-4.17467953909913,-4.098008561045754,-2.6266418563339653,-4.230754779699673,-4.8317783591955275,-1.7719083599516257,-2.1174729389161526,-2.080986858904809,-2.040209956859323,-1.4884698830579857,-1.6126446983911618,-1.370353575032757,-1.8871333283089669,-1.9021394580331001,-1.2149244623701463
-5.203412389091016,-5.529918896201528,-6.38543498036552,-6.373351896430899,-4.993046965344989,-4.798357253626116,-4.265984580786489,-3.7074497955523875,-2.4523004579532457,-3.2147358955932055,-3.6637320627325285,-5.326281884323062,-1.9057355311495474,-1.5809896314339689,-0.9512010089780646,-1.8554436976089106,-1.9149905144312793,-1.830255580070302,-1.8403314422321864,-1.968566103032633,-1.673172839502546,-1.2312157124561756
-5.067209188222412,-5.269006076489166,-3.3075713656401633,-5.584501875373669,-5.8461553302245335,-3.212633658594849,-4.310148659153209,-2.9947503867333403,-2.623709333697647,-2.355298686891154,-1.6201248587071355,-4.3388491300578815,-3.845976289350329,-1.859034092376478,-0.6025906683487694,-2.071734825710625,-1.6431083463017393,-1.8515574369446297,-1.554620456617555,-1.3101596482350002,-1.8799439568506544,-0.8791277376081384
-4.606213556051227,-4.413320617619975,-3.159950626193286,-4.266578308529126,-4.9634798152841775,-1.2590760069461246,-4.291686159516809,-1.7495156264350262,-1.2405405478584435,-3.2717197856672238,-2.7781284256912535,-4.4208101927679095,-5.731581047058239,-2.408348760994913,-0.9530079647259211,-1.8349397194910912,-1.889572802061447,-1.9097658575800693,-1.780688486627268,-1.7223492974165915,-2.0244279585736558,-1.9341447208549218
-5.07617733307575,-2.9930787897101827,-2.4790537619716875,-2.215436485626813,-4.4738845708682575,-2.5267206505081994,-2.4191452603378196,-2.1560385567701794,-1.0003678753923972,-2.1557961366985405,-2.614027894574298,-3.6032937736451034,-5.580931735742266,-5.953397966298952,-1.5718039340433527,-1.911679874244167,-2.5430182348553916,-2.6515871917545026,-2.19908007782573,-1.7186208600223392,-1.6074388834832651,-2.468706706433342
-5.006289308809441,-1.992578372569243,-0.3878244346610097,-1.7016940728938437,-4.617926221960888,-1.590218995889756,-1.073476985227921,-1.1960899549522914,-1.7369748340703155,-1.3055068825013818,-1.6198008725014978,-3.5210922145987054,-4.400426248238591,-5.139389876254313,-2.9066428717142707,-1.9422407697042343,-1.8358178101865952,-1.9113011627823948,-2.077226150284295,-1.5999151512313863,-1.6984642179202687,-3.2939588380087543
1.9637069151314013,0.6622399472447117,0.043293850510058955,-0.3184976868627413,-3.863696389791482,-1.5569923471854918,-0.6677481798664548,-0.9928871450691551,-1.1710364265913165,-1.5845293128461766,-1.6231170411347746,-3.0485971832725602,-3.1918620138452223,-2.7162547071022125,-1.9854663069625618,-1.8596524566702886,-1.8813421575740061,-2.153230354505787,-1.9157588207668172,-1.9517586224131482,-2.2514006077374966,-4.77466735121939
2.6527634218536367,2.9267084009469504,1.5417821930795905,0.40436089432951083,-1.8965089927129928,-2.5793219788340296,-0.5801907673523008,0.34503415591272524,0.3131033096533592,-0.35696509809207777,-0.7673649364918939,-1.0945607436477485,-1.8359803669662285,-2.4131745790316375,-2.203292851636243,-1.624315977592729,-1.7781143056756148,-5.138742554934635,-6.191206768142455,-5.905837381570102,-5.3995370250987,-5.774302413771367
3.340074686037308,3.3233830343191695,1.8200852466500859,1.4280673537644368,0.7467420034893496,-2.3737830135043985,-1.5105045888800723,0.5245324039948628,0.7595397197596685,0.09732735210248344,-0.2383399660734098,-0.33923088739375157,-1.5177299036822336,-1.5757797178468242,-2.5357838229413274,-2.0465547214166486,-1.759505071694924,-5.6160921787646,-5.822867991158477,-6.209088590515671,-6.14113381334178,-5.296625557679947
2.2938508121790213,3.643318435998834,2.9414223523569967,1.7181093993472651,2.5242232820835846,-2.0457161255274383,-1.1220312858623458,0.371664040893127,0.21677767458899613,0.5994504802576972,-0.42113872834125143,0.2498860091737467,-2.0260248570704684,-3.010538404624927,-3.142504932168416,-2.580302213138122,-2.4188908169982737,-5.312871410677378,-5.024543438446618,-3.7619444185881092,-6.337911129877752,-7.442260430432123
3.593689537495399,3.4435954934509927,3.1191840826092294,1.7773359619843145,2.333227725777237,-1.2510318959255078,-0.8850169361306042,0.650391788842598,1.1892362922078652,1.2811289350029993,1.4703002840948625,-0.3887044152430006,-0.6781608160171607,-2.992420519005738,-4.4900495353840375,-4.984045616145493,-2.886941686695684,-2.4445911844807138,-4.947532643316662,-4.403409988079215,-5.543514770227294,-5.99940400655308
3.6781130708980845,3.785855951323336,1.957721871257207,2.7155496602943474,1.619116644827099,-0.4377573783836301,-0.5773948863264285,0.20851656291838236,0.7637214207872064,1.5440699132129037,1.319861214698293,7.793588908314763e-05,0.5345070968950959,-1.6601654371356687,-2.2477304654958004,-4.6529924151380015,-2.9801532088481624,-2.3459326253831985,-0.7827172469799065,-3.815849230347754,-2.176671729801096,-5.10219310844565
3.823751557352062,3.736263167308859,2.2770830230676036,2.638564985906185,0.9869288617449317,0.6462083644681391,-0.5457533409262799,-0.580654751530475,-0.621175782285241,1.6101267333402298,1.0089930889447478,0.20399852088178624,0.17566111918962957,-2.3567742808770684,-0.9539959497477083,-1.7681277272690472,-4.75431306287409,1.3709272547802738,-0.8311314474991074,-2.69578443734283,-3.092923941323219,-3.8066499897928576
4.879285718459974,3.5909602497592403,2.915201338924594,2.8313714621853485,1.6528461092352005,1.9320436108048047,-0.06512894612824396,-0.6024408925216364,0.15857819120726557,1.524635311832484,0.9464675275093791,0.5448010716100721,1.6219414360374744,-0.4571924773460133,-0.9178618789576938,-0.41083980466319625,-2.3894796764817445,-1.2720344681641522,-1.7820887314114462,-0.815171197795359,-2.728846833003508,-1.5758355542639984
4.554908098716871,4.035093994798316,3.2014222225222837,1.849058896121355,1.0540008258926847,2.829210025595225,-0.3363317575338833,-1.003638711479345,-0.6172400023496766,0.14880629032390363,0.19516636548573382,0.22316203819812855,1.8237717601392385,0.38965620887955327,-0.101928371627256,1.4079769195363316,0.697222696895307,-1.7024514991056827,-3.2012041149523918,-2.4065966284033813,-0.878523539807609,-0.3530103247602887
2.2836354118146884,2.887277112027093,4.0695228907164624,0.905208406296231,-0.3508426693914887,0.890587058643313,0.3267070838665407,-0.635738749743946,-0.7530950899960601,0.2833205277143894,0.45244336027500504,-0.27239278145670953,1.2196157862079806,0.29369844639261133,-0.021485852622030996,-0.5381552263263621,0.8670001966242181,-1.5151874555494267,-0.6210315116758475,-1.0744243825170847,-1.4684103149102887,-0.8040628856088814
1.9084667789362733,2.694500817942098,3.378778298053863,0.44719198657910975,0.39885091060163086,0.5521698912374322,-0.03483863255965116,-0.05828192608821152,-0.6020982962097093,0.4005586460825883,-0.21354768234891866,-0.6427956298216063,0.7175030725399197,0.047980312465923367,0.6438448469417668,0.12968930566761216,0.37094189414139933,-2.0952558680850646,-1.604035584258185,-0.5765346457029005,-1.3668720708171993,-1.088269044075531
2.2607605490488254,2.7726232856575392,3.6297780561006467,-0.5758662466237038,1.142379689956465,0.28625140283946365,-0.4223369697114485,-0.5153650099701081,-0.9917161596496391,-0.7169720377368811,-0.1861121522102832,-0.8790920779911694,0.3583614185457388,0.2892585816933173,-0.6954923983898463,0.10549535527485057,-0.5484940492082853,-0.4892331442688721,-1.8230055560252876,-0.6859651071186738,-1.2607059089677273,-1.1393050753653744
1.0719025571860492,1.231513626656101,-0.34822245888767567,0.3621730400639371,0.4187086884177236,-0.14386531800513805,0.08972091073519024,-0.5628648264293077,-0.38266114883416197,-0.6271786494972483,-0.5980372432114986,-0.918644032769899,-0.11165770118919856,-0.803365601924105,-0.8413121098659736,-0.7945113831637728,-0.8638676130054534,-0.3925221839856787,-1.65575480054475,-0.7189601407868537,-1.063115625152545,-1.1127445315778146
