script/wind50m.json
{"header": {"parameterCategory": 2, "parameterNumber": 3, "lo1": 6.000198445256149, "la1": 58.999992894266676, "dx": 0.5, "dy": 0.25, "nx": 22, "ny": 24, "refTime": "2024-03-25T09:00:00.000Z"}, "data":
[rows 0 to 23 of 24, columns 0 to 21 of 22]
0.2245344259700684,-1.7325457420789487,-0.2865473628052554,-0.9010286959483015,-2.3856781582650326,-1.782776888404279,-2.2094763711122063,0.702141411631895,-4.506152526715847,-1.686917267560434,-0.7712516971713034,0.7879559096211374,0.5360694032152302,1.7861587412765005,-1.2093587272673332,-1.945665505358945,-3.0043861489168493,-1.6517208924647273,1.452573466057532,3.581302493311013,-0.8790880026374197,0.4359252553492957
0.29378226992397555,-0.6150337978273447,-2.2238013458818555,0.0710932462509545,0.565341695252951,-3.640118647722548,-1.3641555537771288,-1.1502099054174861,-3.6360027115815163,-0.5481620094842273,-4.28965474334753,-0.43074252879846275,-0.8074181516491875,-1.5512170349646461,-1.9441598306587864,-1.8810140371851816,2.1199203577721866,-6.2750513659775145,1.0184674135204976,1.3102137869515333,1.169757311654362,0.1469480044255639
-0.8935752035279777,-0.617760705564359,-2.314291813815917,0.4799582773041038,-0.852196689616188,1.2473850693752357,-3.497396709051652,1.0191796886223052,-4.365431382103598,-3.8763579504483485,-1.4364422631420122,-0.37455243233081725,-2.391831911235068,-1.9520475245648548,-0.5513208969333419,0.008865222572204125,-0.08502842422340456,-0.10384936975247114,-1.143914062370134,-1.3443326944312373,0.5165527556460586,-2.45742306578964
-1.4786109474217597,-1.921804556912501,-1.9612102928215507,1.5024782918658202,1.4863189782981368,-0.7223460957065762,-3.9137187251931382,-0.4920498537715808,-3.333022664558571,-0.7659839258868641,0.42762358678903634,-3.0143755274204147,-1.1880276297748842,0.9374600027220311,0.6963896028023236,-0.0037800231564245864,4.0989040744838565,0.05191573298638666,-2.2622323395371993,3.8216620894183464,-5.89775453716022,-0.8113409212060314
-0.31996206120114473,-1.2246622049583629,-1.2973829007489976,-0.8197501385971045,0.4207040761831235,-3.2140962350799427,-0.3467686221050816,-3.7112609092402558,-3.8391228277955918,-2.646072988473153,-2.6724867023130168,-2.857770997628702,-0.33220764440825634,-0.5131689322750521,1.852185422945963,-0.19383094023668027,-4.528537713196712,-0.6153686095880375,0.9073331980463079,0.573310244254837,-1.3856716951559358,-0.17535304162798768
-0.8768979566968715,-0.6540520953224008,-1.407551980574327,0.6266195848499884,-3.0782092671682113,-1.1009584143342617,-3.083274760672532,0.48348101952209693,-0.5012184393224834,-1.1282308243517758,0.296840458886536,0.1409698471376816,-0.6814504419037122,-4.957577292298584,-0.3145188262440765,-0.5578992582892194,-2.968825998891825,-3.7385314666977365,-0.1735575947335622,-0.2716652096955511,0.42556113253737166,-1.9953422667948642
-0.1920185697298337,-0.6062425299673587,-1.4607271226569696,-0.381895963154964,-1.8043931276659113,0.8394233228279333,-0.2884754921276695,-1.4654888686106422,-3.6346624531615532,-4.37662769033684,-0.9241818155103227,-5.133765090364785,-4.850298185995862,-0.05400956524619309,-1.233884024441125,-1.0283773146645856,-1.0983064484132932,-0.21939988670247307,-0.23010844454712306,-0.11572142477320287,0.7116694619014239,0.3603878720745683
-1.045627863430353,-1.3580586376400923,-0.6467539246818609,-2.0115601185323415,-1.5766351221104107,-0.9682319288103292,-0.2689041447719395,-3.717152324524026,-1.2527151871717899,-1.216885113199284,-1.510832797874235,-0.16806592940683157,-2.63831514431927,0.3212351731641572,-1.3740444493707487,-0.05458473874461265,-0.10219680602738182,-5.707993646348489,-2.6447824146746393,0.8000628241015989,0.06910253834369529,3.5021930520783076
-0.6674397291677703,-2.187506020298738,-0.05693994036607895,-2.8983609561864117,-1.1669931687070931,-2.9479898985233817,-2.6781817180528433,-2.114503448107834,-3.6189357649490277,1.8501690722975277,0.04037505694798197,0.08858415045359187,-0.9427877857740384,-1.5908546654931865,-3.9204932265163186,0.03750053164470439,0.04307693478673546,-6.102839613023844,-1.5779805064386994,-0.9104212943516354,3.3659938802247247,-0.803971632012794
-0.8192641038544809,-0.8158056804524388,-0.40100804837097015,-0.8562621985239309,1.1336689889289444,-3.77710525696749,-1.9288659444670953,-2.45368180844392,0.6237639966176615,-1.008263512801601,-3.4955441823641533,0.451556285173705,0.6246988877092998,-3.1544969225662522,-0.28846170048516884,-0.11229833454795746,0.22867509808505002,-0.17807813681809606,-4.065676542602971,-0.8660027202236623,0.9175443276368748,3.661747595449707
0.37977508180674113,-0.8957444332799132,-0.7317871014221402,-0.667448994355428,-2.6941447996745373,-0.3196040121866299,-1.3961093991744782,-0.2257156707927294,-3.6277380888326975,-0.8020641024457106,-2.1826643831790107,-5.339096005308734,-0.8243167635705722,0.8897591515103175,0.32715607231409505,-0.7973264923692831,-1.9678579479844844,0.4861455046770919,1.10589402517535,-4.110677434480555,-0.29879312856767887,-0.44276210059460874
-0.4812177333284622,-0.4578503677065019,-0.1841254250025738,-1.6658423335874486,-0.8961102447072518,-2.4786805558704916,-3.2955359295287114,-0.1776915935504666,1.1333119465806332,-1.6428080327859842,0.6499327425660224,0.1449031962023529,-5.1886963911959425,-0.32657969983240165,0.48945579786135696,-1.7824552242572544,-3.977347913094657,-0.7914373911306719,-2.3415926958496134,0.5707773000849438,0.8546100125961303,1.1440828401975491
-0.5932047974611311,-0.9551880588682914,-0.2581921026741936,0.2505738271857817,-1.8131602252235286,-0.44313918980334444,-2.7017539720542736,-3.3399002897433157,0.3095397252072099,1.3961773709555598,-3.412107282526439,0.31752701724966403,1.2088713758713179,-5.202972916955478,1.1745464688987732,-1.9310765168027941,-2.3282797430328634,1.210840872473292,-2.6435815974148915,-0.2047103628964072,-0.15141346633841954,-0.5455188487873862
-0.3105997949592947,-0.7666294875371363,-0.20224776908282674,1.8548225115688515,-1.3003878938981421,-4.692193857900569,-1.7746214642847586,-3.228931102600871,0.9247590066663702,-2.775022888933865,-2.126413797970471,-5.152266141428838,0.26240057985595316,-1.749357503948232,0.20663119497871496,-0.2792273762194766,-0.47460149500798265,3.146637610764083,4.29221424783472,3.787214852376459,-0.21839619233516314,1.3023066574362017
-0.1490016588004307,-2.0761667281360108,-0.5429276974599498,0.48198369731781443,1.4387569036107635,-0.08487499606467479,-3.13056379410226,-3.622218359895078,-0.7853740829694739,-1.0509304297587336,0.7485387056228726,0.34400469521438776,-0.7969824217603151,1.97041257722164,-0.3669238949371609,-0.6927593511003228,1.5193880594370588,-1.8964576942729887,0.7277200754267978,0.5750296327953975,1.0625184964575527,-0.24114062164276565
-0.6522941080601807,-1.6559568515113017,0.3564661906595976,-1.3620889489749133,-4.290699160868276,-2.285553951809493,-3.180316447823904,-2.2404058998625165,-0.9840554943621492,-4.493948124451722,-1.5078288983490151,-0.4055354985130386,-5.2129091517910675,-1.373314079383189,-0.6643535974983252,-1.9527971668022002,-2.490511077911168,0.1900672424539747,-1.837030463003067,-0.8765925739116901,1.2343814438411769,-3.3858716197768257
0.007251125221827166,-1.5924053460066876,0.6100400649162345,-2.7598922748955106,-0.5260378724898043,-1.1905258366393767,-3.6031647796182247,-2.868553155214365,-0.9895588601774041,-1.530824402912985,-0.8673250852752693,0.5314635692206368,-0.5567969018094407,-2.9306767690255198,-0.757086406656558,-3.423933242222127,-3.9691169241927113,-2.3500576580550443,-2.812549388781685,1.4050682574047235,0.7414615665576438,-0.2136728097271139
0.0038212405689540697,-0.635279111887773,0.7362255462356894,-0.7846156402258366,0.3653757747982199,0.6364899212010812,-2.7743534343500045,-2.417657127815425,-0.7208150734850605,0.3216771327443953,-4.598980481788916,-5.19997261798241,-0.2772960079221253,-2.833527061937933,-0.42326308649221067,-1.3229795055397926,-6.099462317568994,-1.302511316579029,2.8702433957589313,1.1515780478658646,-0.4734821948743435,-2.7950786439709807
-0.753413631941426,-0.3380060439149643,-1.0300194743342979,-0.5079099298746671,-1.0881149120191336,-2.5275301107971346,-3.7405456690234895,-1.1222945970538414,-2.053720987139694,-2.410849429086353,-2.1845665739779685,-0.3019541122309839,1.0960458642162085,-1.0344147169351219,-4.932257229332733,-0.12854293155575208,-0.8634497152187494,-0.7260225103214297,0.7747581118817408,-1.628973659560658,0.5921790692006382,-2.4779421739386795
-1.0445907382917108,-0.8719748324826029,-0.5294834335199075,-0.48482157462191566,0.4098487372498903,-0.701289113109362,-1.0411246430363623,-3.5381454272772963,-1.3585420650071163,-0.681427129826348,-0.34203660924342866,0.17936941124645053,0.5846506110281378,-1.1082464098467737,-4.268024745637107,-2.744302902955851,-0.42600919932923675,-2.6210683330418423,-1.0896112084345573,3.492808448389909,1.625413796447179,0.6551003339478985
0.027854455902334464,-0.9130623836876506,-0.32720745388274647,0.7771789180998091,-3.084920187925561,-0.7405448208972502,-2.8983695680237727,-2.036649772888931,-3.124845184119612,-4.453560549970494,-4.598896483730661,-5.105180659916956,-5.272599239772371,-5.509934303927132,0.6193303277331185,-0.35907217983121553,-1.225399640965773,-0.5302577260205853,-0.6148620757618061,0.5930654105039351,-1.4330991713510348,-0.6280146142584722
-0.7397677655148357,-0.9322862223477858,-0.2131717354327524,-0.48036527914044214,-2.440954933061464,-0.4830051322040165,-2.678232709606137,-3.2716841158923753,0.6160568241768319,-0.29950768823945423,-1.0656227584735003,-1.3703606188747293,-0.4506283529689047,-3.8397600639910654,0.13691679116235708,0.0829939375984915,-3.906056319398254,-0.2507204584436921,2.260876902747609,-1.1889685374161194,-5.677099177896292,-3.357598694056687
0.26563279730919365,-0.9700926181448695,-1.3693302895905044,-0.868770566689828,0.9911064782029898,-3.144919551563288,-2.8406604274379346,-2.865632994808514,-0.890643616029289,-4.420812537718013,-0.5675043329076179,-2.0315689099673184,-0.6144507196465838,-0.12844520418359584,-0.5078035734801836,2.9495245010610565,-3.315962383829102,0.6153342664628468,0.7359271937201495,2.8084070870696065,-0.8433982635736389,0.2670035943167329
-1.177890614265038,-0.927081486527657,-0.6663607720841284,-2.5998542584610216,0.8203449383045897,-2.599336637091052,0.4145206236918357,-1.3991237304101565,0.6992558706315701,-1.4423996989931511,0.12176993584623069,0.25439176814249687,1.2398189530074486,-3.0055213130004073,-1.0212223729104173,0.2800522604913883,-0.7447855688533528,-2.0944576471871192,-1.3204647640830625,1.4329768202993498,2.1498618063223818,1.1620876736109287
