script/wind10m.json
{"header": {"parameterCategory": 2, "parameterNumber": 2, "lo1": 6.000027932988019, "la1": 58.9999434238085, "dx": 0.5, "dy": 0.25, "nx": 22, "ny": 24, "refTime": "2024-06-24T21:00:00.000Z"}, "data":
[rows 0 to 23 of 24, columns 0 to 21 of 22]
-0.4886609782062323,-0.40098509492960505,2.294825298983548,0.9200676245833481,0.8416682944825888,-0.5747844181598373,0.5524527272813088,-0.18804494076586512,0.13008502739342187,-0.6566376256881109,-0.7281054205714597,-0.008267293981952634,0.744054495224268,1.425427278008163,4.751474400994415,1.0908779100536738,-1.005383613767229,0.6258846146377876,0.3051229424760764,0.5174089630905945,1.111437330535185,-1.8433426399888693
-1.7439173894869242,0.1497542679632151,0.2598552256777321,-0.5981253093173244,0.6090149036087001,-1.1802216349225978,-0.44567832166885324,0.5163566957924198,-0.4979922764414054,-0.5951107816312351,-0.00918439377083048,0.671337550395492,0.699543715594899,1.3418170061585837,4.519886614706997,4.411009382113234,-1.159074941009997,-0.7494518277195804,-0.9340268039624204,1.0135673145532036,-0.1998910013485328,-1.6086366994402908
-0.6362685145342517,-0.4630217874224943,0.3461215756152773,0.5738615069807401,0.7098813883465475,0.5120364232307935,1.4327734816549866,1.3675976933379643,2.152234396537798,0.9508465370730768,-1.3070386277519763,0.42246319131029586,0.9431076134041007,3.3077474972964236,1.7612028610944377,1.8212102107673016,1.5501917810390107,1.0793141899110725,-0.5408879239872001,1.3755177969241474,-0.1934873867439775,-1.2230495804282826
-0.7326732437338285,-0.18225338568536098,0.6850029454652603,0.6030895597164786,-0.7102588688131347,3.039985103768295,5.003444377306047,3.969576310507132,3.7002394817620274,3.470768722246691,2.013483066212796,0.37210328298365625,0.9255410815248781,0.42241221712393484,1.2900933584242555,1.547045394371656,1.9786310189244085,-0.5602196085411019,-0.6619073321353471,-0.6420508734423827,-0.493498067132618,-0.07078599305080505
-0.192155097112917,1.0898679483692852,2.291733746383407,3.004360777050426,7.944071281338916,7.652268899248521,6.360588251859255,5.266949773116367,4.631409996914682,4.43331868356906,3.606666779197804,2.113904453805892,1.0233735784717424,0.5218961929407988,0.5361609098525298,0.719726780200629,1.6513095943945677,-0.6772528545940567,-0.3062787217312199,-0.2002475999323458,0.49172117497338874,-0.38039266732482635
0.0004595571122133676,1.3404736057895956,3.0343943199244268,5.151319725636366,5.986066282034384,6.0932699896163465,5.542928685549603,5.339779347200141,4.630510704974528,3.5897032923423304,3.676924979373344,2.630201495035335,1.3929402416202692,0.6889860046920018,0.126595131279902,0.4101129537768626,1.7896162513389589,-0.5353394211371547,-0.58816787449769,0.11755629361747896,-0.25460963734683384,0.06793616191248003
-0.0694255700202942,1.0107780281294891,2.375536699148212,3.712670436971838,4.4115126622904866,4.9499343334387635,4.643221781779511,4.529873542652521,1.2511109385228327,1.300416792372563,-0.6574241037801332,0.5529394275935426,0.1691862770943051,-0.19606780696585285,0.8517418403240498,0.9901231756000117,1.7275878644091158,1.5058359391533944,-0.6654403774679997,-0.24269679351361134,-0.11185011272619028,0.19614871894007624
0.17782308040590394,0.5937996901238112,1.2947282500775195,2.416263040883626,2.5973284309994518,3.6561454358020162,4.867364542848391,4.019702609482063,0.6142974395598836,1.153480492669762,1.188383704980776,2.0869688952320176,0.8195807480211869,-0.0941553362802211,0.8175601906620147,0.7857577629926549,1.738163751060169,1.1345148981575155,-0.8966855713848582,-0.28979643180242654,-0.373764669986913,-0.2836020248578719
0.2680377703260513,0.5552468952111633,0.7437568253224597,1.3927728047164458,1.9239078386289872,0.6873361673674129,3.3701072251734745,0.9783522625331605,-0.1517070432449866,0.4212423559882518,1.5713562569952675,2.3930067989069457,0.34011500788526056,0.4076851667431316,0.8702534448292263,0.9201344815468954,1.4000331630988683,1.0078271219835284,-0.7380921274779828,-0.21492588950520983,-0.542099367801626,0.17179406888983864
0.3270397512254582,0.3495897023001896,0.32721762187766773,0.5288054960061644,1.569524094115884,0.7377564379769479,1.6992493292735138,1.1860113893787902,0.9181734397674923,0.3883730660062274,0.1347752436191295,0.6708450980360401,0.7220993503234352,0.8690879048751234,-0.09962325217693777,0.6663943055933532,0.8436368972011238,1.5624654084130647,0.7368051203357577,-0.3379542752258016,-0.25920845855271973,-0.6877178454931312
0.10877615259727977,0.502856247243916,0.2767122834459048,0.1732830445026267,0.9835233079003505,1.0641865069002092,1.163181946811584,1.4765743248082905,0.8650691641905791,0.5106812844005523,0.3028997710859749,-0.2990787990510093,0.4268156272835489,0.6335711752477652,0.08064479754204652,0.7761544337837288,1.116633687951532,1.4070029814793596,-0.28799815757549413,0.13161887288126653,0.3513510445111345,0.31187303476760786
-0.3222067769912584,0.3318200529234547,0.6203018248407176,0.24989603753339837,0.3828994643066805,0.5647188248539964,0.36536127563692417,0.6044306118557812,1.049270536062066,0.1714114143999503,-1.3762294701450088,-1.694977081771246,-0.3298825279425719,-0.8376634453742728,-0.36384143822394305,0.6615528516317423,0.9085106983577591,1.1665694960576303,-0.46027182065667743,-0.6636585311163685,0.7914115314523898,-0.2605513661503002
-0.45432614508031044,0.04563310343149793,0.31712310603070293,-0.1391828814405178,-0.010722352802961077,0.7057160440028237,0.4867843375682057,-0.03747618324620847,-0.5667442168316849,1.239554351610755,-0.8893710089913288,-2.2276561858017097,-0.3963766339176504,0.5334307280083757,0.863784544731705,0.7233016158239219,1.5623408731194384,2.8000492123969156,-0.2370244445737884,-2.132401999773946,-0.1618141705112829,0.24644304469207123
-0.3980502440542614,-0.03883815109948845,0.06850785719907897,-0.6097805195464806,-0.3186389249830386,0.6718888453979777,0.9005406958811263,0.843901207593929,0.24985988067975945,-1.79569107742158,0.4049219216792148,-1.0695556475531207,-1.628448090885415,-0.8188261595146704,1.3378195014700505,0.6432337817490952,1.2672679419438517,2.702764953082688,0.8792196749669642,0.6244488728196088,-0.5054886800985887,0.7600054822027728
-0.457129606837591,-0.32190966471973237,-0.18191922912151534,-0.49244700678370446,-1.0774583808393505,0.4157689458258669,0.698783772398663,1.611362874265948,-0.12876341092198013,-1.336998684186327,-0.5170899204429316,-1.58016557564546,-1.3710205233464186,-2.013487885963502,0.597436049466843,0.7306821369542107,1.642829384561304,1.8863317763573937,2.6733846062421596,1.3874397250069617,-0.6327024109274392,0.2910296080309868
-0.5458004665347168,-0.5854101588770002,0.06715989566556863,-0.7215830200025366,-0.6751671297507812,0.1511485908998638,0.9550052602426686,1.8364400287732505,1.7235339358120583,-0.20318133716521425,-0.04711631089924694,-0.29291975389937835,0.14824944856130837,-2.0241328562110823,0.6666005032885002,3.014365123755494,3.350438761491738,2.5959009900319066,1.1801081283215755,-1.26058549815161,-1.3763935032535957,0.21329394359400852
-0.40226184382795804,-0.11485829526764667,-0.1645465251362791,-1.2306910249328453,-0.7843699040156343,0.39859188174778337,1.0011464215740047,1.3630482133449358,2.758758816098989,-0.2827969130218201,0.7766975960218191,0.8468560370934439,1.140602119714247,0.18704710705360658,1.4674533556379106,1.5222708292840665,2.360150739308187,-0.020653733689151507,1.3932994308639546,0.9187309054209737,-1.0473148504224525,-0.10591876485938342
-0.3720526746746296,0.08127351372721946,-0.6684340777709089,-1.5329420128438853,-1.0828097672747934,-0.3530649556675819,0.31437389370490376,0.7804172518375082,0.25596411247292544,0.6943541000193799,0.8640929157524209,-0.2286930905318809,-0.0007133543108960934,-0.2940073272573424,0.8905543596639122,1.2446038299202817,0.8783942516749913,1.326506653802632,1.689391215311934,1.369173862811666,-1.1693888404521593,-1.237732531226834
-1.6612284708083256,-1.1040653575438144,-1.178880272199795,-1.7401261263985601,-1.6058422291279006,-0.6384060891320107,1.1067940982004554,1.6273937412795934,-0.06971997666851505,-0.08125560347136444,0.6250390176009959,0.8541877353239066,0.24925087993023579,-0.6016654293537589,-0.5327711810161453,-0.9619655785038167,-0.5266773857092432,0.963520279171939,0.6783226820364804,0.06485583231855095,-1.3370617735682815,-0.7480335580545333
-2.9193179178125734,-2.230097430554456,-2.1310588954157743,-2.246474500207476,-2.1665041138214343,-1.1046218034952844,0.16718299266213374,0.7623766914089263,-0.19048093770185823,-1.1473656054479462,1.0629261172181714,-0.9278465994403206,-0.5426158207963171,-1.613352092738029,-0.7969487058072504,-1.9493928987227482,-1.3533272121136375,-0.5884673185692936,-1.164452858693173,-2.0605893036283107,-1.5821015364038713,-0.8934976313144065
-4.285323356824209,-3.3682685129724645,-3.1213286302118988,-3.1873751447292644,-2.575144469908411,-1.48858313588965,-0.3192871022839411,-0.3655803398244957,-1.4529179182673928,-1.6848401208391923,-1.2481897382210903,-0.7290459276975418,-0.8733365162183441,-1.7420711861344094,-1.137434676077913,-0.8769675814451505,-1.6007208450776567,-1.3486954045306632,-0.8751489289503318,-1.5805617140524222,-1.477128142509482,-0.3356940603183862
-4.778387716484372,-4.227331362305999,-3.9280302768888156,-3.468603806142682,-2.475371872741112,-1.8394098623076864,-0.08621834993433547,-0.29126626764151525,-1.773697738498605,-1.4327822028846524,-0.775250778941459,-1.208045662752313,-0.06401239187884201,-1.1880056203215394,-1.416700658960026,-1.5023861612053235,-2.7232421525062884,-2.928113655645381,-1.062118975824057,-1.0877969947517103,-1.6115311498891638,-1.0121838295151087
-5.271225290463764,-4.999564173096827,-3.165805329212367,-1.691514554643839,-0.8998652326288941,-1.2443790690260457,-0.09249475040222141,-0.4243973608122102,-2.3396931587834464,-1.5756886451823464,-1.2783580438610078,-0.7912731390902087,-1.1959798381015543,-0.8786955345878574,-0.82625334667294,-1.503319911932223,-1.0807154511016124,-1.4073846218870198,-1.4309491980905353,-0.9174726880310784,-1.1553551461699183,-0.7456805501687286
-2.163287848724228,-1.6815787747745583,-2.081037155683275,-1.5081229483533432,-1.1942007532816987,-1.1670425725368663,-0.42915888058059215,-1.163849193942715,-2.031763879376838,-1.6552747713402707,-1.4149569012376442,-1.3870665520221623,-1.1586510024844068,-0.62637401357052,-1.568352862633116,-1.5840751714610959,-1.400040279126716,-1.4390125636434552,-1.615784777764348,-1.3683272536034703,-0.7418557908891922,-1.3751722581119221
