script/wind150m.json
{"header": {"parameterCategory": 2, "parameterNumber": 3, "lo1": 3.000054539987559, "la1": 64.9999836372058, "dx": 0.5, "dy": 0.25, "nx": 34, "ny": 52, "refTime": "2026-02-01T09:00:00.000Z"}, "data":
[rows 25 to 49 of 52, columns 0 to 33 of 34]
14.34130914714681,14.665265869481866,14.975919336794892,13.712635517423703,12.036581420850672,7.964493592630826,10.28063728020051,4.955146158539087,4.067587270061492,2.0780472763568953,2.2745785028593906,1.6401283800398836,3.1081095167608384,4.788854435867394,5.662766369391566,5.522263036126951,3.047564271101548,1.8030572427181737,1.9411464522102657,2.9920762108145826,2.9075855152343713,3.0673559668537775,4.252755882140763,4.331808968285623,3.7368577287471485,4.502993501121241,5.475584747855314,5.751454775754252,7.246054090054427,7.505706050261917,7.362489278765233,7.524534587804519,7.062333892312746,6.951356517227307
13.522470432076725,13.384293848298793,13.503556627546073,14.121755555861927,12.65840641225201,11.295631791836719,5.519420783157186,5.113616195882048,2.180019014987886,1.4247782601402037,1.8483275852695893,2.7777407527971283,4.986040929206992,5.423954945280907,5.910747032800401,5.264957102207383,2.831959008706935,1.0593473620131126,0.12650076239297922,1.042969493022425,1.6394832066639329,2.84304123723905,3.681951860469323,3.986369702043763,2.8333103443939716,2.8503551714056408,3.9164308753788206,6.312764793165228,8.340227243118278,7.702999587744321,7.428124328222355,7.120101914237871,7.142942493753182,6.854330991875115
12.797258137256089,12.992791711447989,12.571281568232681,12.336819880753414,12.607757763378338,11.52502431403553,7.867770263885722,3.0487099063658833,4.1163756746978875,2.599036610146053,3.3467429454953255,4.03933618247335,5.484450102704328,6.11976384854578,6.573021575307307,5.243563330445118,3.1344211689200923,0.8275253358733753,0.4949325542856418,0.7329164638768025,3.022822754591564,3.565557025176854,2.931603618714519,3.7700038681180423,4.552551873617889,3.732829134075435,4.483580039217163,5.605277331701356,8.581564239163345,7.402767053248603,7.27497307309831,7.079601721857179,6.924444939056224,6.8470127712053745
11.728626690963953,11.888749786437726,11.477157311209035,10.733989379406506,9.897998282984041,9.972644997634957,9.544075664038282,8.096109919996236,5.956287524297346,3.9852151412592227,4.292152122895783,5.85642873360418,6.78444744399803,7.180503042396255,7.07369176001365,5.961497574618829,4.8980544784987385,1.0344123961793266,1.5445277722339297,3.131482381086466,4.055613941454244,4.414797601266012,4.527075035470331,4.271791314057198,3.9995334175548,3.74710157257166,4.44612423460437,4.7777598226012366,8.07750990811849,7.812568985120795,6.425227734256303,6.096077245492673,6.13161460834526,6.622002214439853
11.792520624237962,11.313838224676383,10.687636410891814,10.554254919567514,9.392821890052844,8.508510124118366,8.251776942639804,7.87278972431623,7.663778770940722,7.024732765561815,6.6203187959156296,7.227059676109238,7.282883826441434,6.920860660834234,7.488136641085383,7.382517279194501,6.088172528386951,2.3143022702366096,2.146385871578967,4.3408248953510435,4.565568526936285,4.907226533505022,4.210194542133383,4.642471574058177,4.557369078997844,3.6779369934479753,3.7787888706101107,4.904767143742951,7.4842260213355996,7.141524230778464,6.544425160712491,4.764962026168606,6.169690082866791,6.215500979794399
11.025779788211386,10.539149649294533,10.377039682043124,9.91740311927532,9.492142628096001,8.443344819371266,7.576589517813919,7.444738586746467,7.470447791914127,7.481274188237847,8.233472509502212,8.0033686890162,8.198258590392195,6.923239639002401,6.68250304791349,7.6053720291278735,8.322348887724681,4.556811435768004,3.5392435803531694,4.0122343688191275,4.149280171260229,4.431121775212384,4.315456089150707,4.6557540100189,4.091780499197469,3.5367594834769394,3.4788160138581277,4.327824368557828,7.174464035602454,6.773643675515055,4.433269306858106,4.18399983714403,6.191277089552297,5.867012644193307
10.384116108444237,10.51993076588199,10.267116317614947,9.651092077424163,9.106605987583421,8.704174377740921,8.436917004655424,7.261640066988037,7.882407638056298,7.840576334134068,8.016126896008997,7.9521819493376755,7.85940562623749,7.529240205718434,8.342719103080142,9.582883588707956,6.9008350549609725,7.392930585852385,5.348683583951139,4.5432632647382745,4.035232417054611,3.8433798891797153,3.7088929939141324,3.440629908987733,3.7692787811511255,3.0590467088420588,2.8249037392617646,6.044496214709537,6.138398435141605,6.6010278641423055,5.421834019451226,4.982156616060591,5.662973964461245,5.783364244414702
10.027184603085386,10.408410866401066,10.441023103862232,10.014550020329011,9.321691617270357,8.614677275305029,8.721500050226084,8.40479360866482,8.115777552838262,8.178980903071993,7.155314207316124,5.907760858790308,6.291010940822462,7.6245546686673835,9.175731757449613,10.230035246662165,9.351263424165378,7.816376263451248,4.603769882112445,3.9785457424443345,4.17681717059321,4.0652543602812345,3.7179919624046347,3.6403453817996407,3.7528941468246746,3.5064461682460784,2.6209606176631066,5.45841408304103,6.311173988931622,6.5061505301363995,5.435663471379523,5.985742275529406,5.585627179418563,5.385577791185895
10.659647206359104,10.590707479803898,10.444838294602873,10.602315706666166,9.928316033529521,9.006910231970648,8.777668732757718,8.770818975076969,7.638630028668832,7.316234120621694,7.6217513498777105,6.924051370190438,4.703044761439477,5.438113699682387,7.451245685705436,10.81577782186465,10.150633030196982,8.571155717287319,8.031131025353698,4.5903972401254665,4.077967045946948,4.194054277347791,3.766290316421366,3.7483689003695133,3.8726337202939614,3.653171494252272,3.7625918832423544,4.619312214320083,6.1345175588759,6.191894682431455,6.003768274567983,5.758965922497022,5.56328262263198,5.3150685199503656
11.279529918245364,10.904239581194378,10.91521372692897,10.91198768464623,10.736315544959613,9.929513269790117,8.564884457355761,8.54729263111811,8.10493393179844,6.9462457607452395,6.2203128897407565,5.805475909955607,6.876751297073858,7.566715813772212,7.199995060114772,8.180555559623762,9.911923714001611,9.59111885516218,7.877984740848248,5.839653427765271,6.131307539322854,3.591604429741737,4.233628931403701,4.085380393934911,4.028737532868996,3.2081183274132994,4.269544079663084,5.949632651607901,6.089235909824912,5.894350566253531,5.847090392767232,5.609013316465628,5.366497523462608,5.187478446045745
12.345648902878187,11.308215176718662,11.241980135165099,11.265793279768872,11.049986228432715,10.852262333721958,9.276536925338938,7.875904095162672,7.782675541406341,7.736455016369359,6.62930784403751,5.471837168507616,6.321523917392136,7.121720150344665,9.127191879627041,7.376820614771401,8.038551330100027,7.836993018686225,9.139446904297339,5.826567049493704,5.387924435691679,6.1590392110839,6.567316603476194,6.506250351016072,4.290411558839961,4.0884642641482705,5.784960080108185,6.243050928485697,6.221048471474295,5.878754407007945,5.572392762297346,5.459564145205602,5.144758122224027,5.031416918354542
12.84493077897707,12.691717596443382,11.879818989297005,11.58700425769065,10.905670776432993,10.558818386308419,10.264153337500973,8.890072928009426,7.670194061377514,7.00830796019284,6.414373420050431,6.069266311808774,5.225126295720588,6.615418111371562,6.0743425634743815,8.778725815657749,8.532170169106507,6.700153660760266,6.73990694632683,7.145479922587664,6.4457507533930345,5.341218955232734,7.00134848916952,8.10190440327861,8.387611560928297,7.810862847978487,7.285007898117781,6.490906450081094,6.260358085760541,6.11838756613433,5.671929941843414,5.289170463134619,5.19441840152052,4.761853588046084
13.859355149568305,11.34780091107672,11.458217973870426,11.539831905643199,11.3173114228856,11.028593508654668,10.39253881932837,9.55337829426698,8.534931317202327,6.443209061040728,5.3766654659333275,5.0448675741303255,6.011268264404248,5.535078406875559,7.806586933426175,8.372156830064885,6.909015758734621,7.692241456349824,7.036337459627632,5.042992103146794,5.186007355295294,6.447959328240906,5.996223772150989,8.649888548196754,8.823379630655602,8.83841556290287,8.668609255869196,7.719535574181026,6.50925825039011,6.101292932233571,5.927960165938772,5.493617960100067,5.098906273294498,4.991887588356009
10.084333767445594,12.219772436274342,11.455674016386972,11.138595556696709,11.249310450979822,10.956184810814843,10.458003427428897,9.584999648209754,8.64949438598779,7.222421155971813,6.109237855419786,3.524372303030281,4.051694407575671,4.934159177054602,5.176359795073125,7.18226619984292,7.7479820168562465,6.841179916307338,8.02631028148076,9.646781979216684,7.547494998071343,6.023712179153021,7.195398550247176,8.774510837628986,8.854218967080671,8.934470850815135,8.746431491104293,8.64701548282125,7.947609031479485,6.550032499130703,5.657615536791847,5.688994741618242,5.179696918197643,4.71557702333825
11.051432245446131,12.058477054758349,11.958727295688691,10.880155363926143,10.72786612203637,11.235648391426285,10.175283045811332,9.936697183946858,8.82693371613563,7.343323877205542,5.80581592489267,4.874500185390279,5.079981631269462,4.886045106006227,4.990163960143617,5.519805022768816,7.994560068622702,5.735047365428684,8.296837303579034,9.561482581948539,9.74600877409149,9.254796997738172,8.655587737203247,6.840527275730327,9.253224899843632,8.863019153590686,8.84562895668573,8.711799822509125,8.479907333865224,7.798187475123238,6.45279746482719,5.253923090542486,5.073100762822679,4.688228443223318
11.558061165739039,11.944845945508378,12.107831113931415,11.52063471229684,11.196630087710634,10.769804465571044,10.747752047825344,9.880083510293142,8.851811709720465,7.220029552453744,5.82814278455891,4.198832726280065,4.832449637187212,5.59822965277456,6.668451721382822,4.0448809853942675,6.027393768036456,7.079467373191081,6.977845177250125,8.665650866347843,9.457073656012073,9.539531323456014,9.5349641284098,8.921655432521229,7.72854350447707,8.719659844751542,8.782573476729185,8.47275602610253,7.70904167782666,6.694017453929222,7.900422222583998,6.378207076962123,4.720828827864133,3.972307089972936
10.900100325361981,10.985151675473855,10.876485865755553,11.245212855547594,10.884020636762534,10.513609800373574,9.850059096135153,10.261143691304857,9.144143249401038,8.225669960400687,5.798824856993865,4.7389181870480686,4.11446073730134,5.290516240544955,7.342206433016167,7.16668567817979,5.388371636673142,4.41680334038892,7.065463147961023,7.399438863295444,7.928621460901691,9.399896622538991,9.27111801713064,9.30083340315623,8.757377707757328,8.546814366841277,8.061240816311988,7.601048723847291,6.056008595172977,4.9540906685854305,4.257097991679005,7.361998720761519,5.073053653312626,4.5388792165270475
10.78903262823654,10.253345360532203,9.83440388058993,9.493934112766421,10.493044664212997,9.9981635291423,9.666025680352893,9.11324840760951,9.057406622270788,8.083101715430482,6.465430433512679,4.968742211560115,3.706466696090292,3.344951011234823,5.115627594632569,6.635094103658113,5.629300444765996,5.8403536775984985,6.3819578988339885,6.739382462459597,6.642497259480859,7.692323554717301,8.278510470363456,8.50433535130636,8.355024098086682,7.94575643215089,6.338570551985618,3.789829573327494,3.944810136744401,4.601256601523241,10.039957185283773,6.034924932695404,4.257964492870034,3.645282885228623
10.953902541196012,9.674322269337857,8.892835200739157,8.965233805465324,8.902770109502956,9.763768341158869,9.253131458563812,9.017820977282202,8.903483535999388,8.539371017201237,7.610871689752802,5.40338473986471,3.3812004626276395,3.5005888320673626,4.818685386513881,4.673021193444625,5.215664154140818,5.458896450473379,5.337049525731524,4.700566217990564,3.9503534454968787,6.575919605501904,7.405710042834379,7.099219551831251,6.996484784785986,5.7352944722435355,4.476124296233716,3.8893306774528256,4.105760248322184,4.290580272934272,6.356894188291195,5.378222260474395,6.744536175339168,6.931840824420449
9.98014143304918,8.267645855118193,8.74276115421157,8.688522275605708,8.734092890799756,8.413524743714142,8.853441063789942,7.96516696544332,8.081072960492254,8.133454189545272,7.209539097049309,6.696743493041746,4.094205259970775,4.145342191251082,4.281548166352046,4.06812198302568,3.8312643354475924,4.738490386891807,4.054009106582906,3.9644058684387744,4.1936830567897925,4.938275824980235,4.8796297559923305,5.212546108775936,4.496242018997205,4.205435896686481,4.857453068445737,5.1482529959324355,4.371625278962116,3.49777339979461,2.5883367740808834,3.20889304095701,5.929048312062679,4.759576058951426
8.887879166505744,8.93493439637809,8.693368961909645,8.995443868441702,8.50722816909099,7.9331994005770685,7.87454097355237,7.866496276550415,7.297188292809546,7.104608264877803,7.42652948317944,4.732521128561959,3.8223070763564415,4.239040932826665,3.7866745303837424,4.525974552463534,5.128216936789753,4.3105219491234665,2.7538565636935775,3.871689288802943,4.8003826956953155,4.26693604840717,4.493025546833405,4.188193018624703,4.022319324039119,4.048681925885105,4.5524211401153565,4.6742065615269865,3.2021806806603736,2.3716464787517983,1.7808033831558416,1.99524861110256,3.0554556535470074,1.8357542306640673
9.707478984546697,8.754369221842929,7.956657770260735,9.592029471733778,9.124846846399262,8.242676279228451,7.152469695498941,7.469733416783089,6.4626614823303905,5.119078276219626,5.521059775174419,4.183939592426071,3.867075756222478,3.282095075146956,5.214319502934885,4.80943824729304,4.353777354241081,3.5664024727462875,3.3221268497618652,3.347458430994136,3.49990926057846,5.102725107951315,4.457051891345788,4.541919467071701,3.666272045218471,4.335215280762516,4.133465161398017,3.6401190831562125,2.7455995158206097,1.66633133695555,1.7559120634415732,1.1147937036937507,2.6881379585006884,2.8425781900118836
10.081556633945615,10.070963492325317,8.856218754461459,10.139775631825103,9.682902201297821,6.883307261068884,5.211864076472058,4.5195463034448435,4.605061431280028,4.428180069977089,4.089893452264305,3.7025991292383185,3.791087348603478,3.4189913408654786,4.354633366712804,4.334215584458957,4.265592569708494,3.6581115948472176,3.1826108918334053,3.1419331240454182,3.032850245753044,3.401029738408746,3.373082170760569,3.8791902290221074,3.7042995845536257,2.8542056638701183,2.446211890023701,2.342647056395054,2.003881265842473,1.256314997183586,0.45038815671792004,1.9728322056357315,2.316255372914056,1.5220361169496146
9.35210625386982,10.367858874652281,9.368149103303013,9.715948510645894,9.429038654655749,6.059907393598229,5.123113970901411,3.5701792520824127,3.3789086347210002,3.7804278391782433,3.1817639709973693,3.7865466476580325,4.106375131712302,4.168238033340191,2.78329415745428,4.247809978365211,3.5611520033847848,3.9633464535442764,4.134443023250811,2.6310995918592526,2.7082913983663164,2.2868110778783146,3.2106637450316904,3.951166198528043,3.789917943268932,3.287143599807829,2.420220266211795,1.6417098933264638,2.602338119676171,2.1272710406133077,1.426823682466889,1.2550892294162155,1.937743680534117,1.9130303600802245
8.838299825905931,9.855373448649866,9.132767463517002,10.00361727619624,8.421809730840202,7.7160090056689565,5.833277722404514,5.006321212234315,3.6579319271925934,2.5393161669593023,3.3444732113542157,3.6733097508256884,4.141744869796616,3.7696583470572684,3.2457008862819086,2.693987712102272,3.189807259929802,3.3688256661774765,2.9580964527184435,2.3097552188271426,2.4152993863058696,2.0213269580625783,3.1583024990320157,3.102334936514422,3.7460635855727955,2.1618741966873447,2.5281203721195844,1.6482127292675117,1.682734695122349,2.291979636616963,1.899656773891685,1.3005480613443638,1.3264474547590592,1.1853321396963494
