script/wind150m.json
{"header": {"parameterCategory": 2, "parameterNumber": 2, "lo1": 6.000198445256149, "la1": 58.999992894266676, "dx": 0.5, "dy": 0.25, "nx": 22, "ny": 24, "refTime": "2024-05-05T04:00:00.000Z"}, "data":
[rows 0 to 23 of 24, columns 0 to 21 of 22]
-6.490101407050879,1.5041685779050138,-6.907613843734965,-7.846681219966441,-10.520631698223847,-1.7920233547671518,-9.182694325428981,-7.534982458336496,-4.188795527062835,0.270954770733982,1.4506645525928366,-1.1925538526856236,3.5743482225177305,3.0931251824021366,0.7503209569778471,4.032331988249511,2.500853502253317,0.3165135881208363,0.868142025664462,1.1667049702222057,-0.5896877580665068,1.1028840617072824
-7.560936677594273,-8.114424203530765,1.4892624283613596,0.8077204345568865,-2.1354214826423004,-3.2537932649830528,-8.881540108479133,-10.95609660966192,-8.427689497749727,-1.4856665693969155,-10.079614560436818,-7.895111870340021,-5.0620166664251425,-6.946676532584923,-0.4587647961662297,-1.4475335308935613,-8.983333094699217,2.826552773388518,-10.839289342650167,5.049534233714381,-8.871868794192999,2.1030090067900953
1.2470236675349398,-1.2783519078395356,-5.851615493960864,2.5765634021577957,-2.5845819572337505,-9.573396916417957,2.9983122014039445,-0.313807272016581,5.904148154238884,-2.7680955924588573,0.8938844192826737,-2.8581545919213927,2.3503530150762613,-1.3935017590233065,-6.566373831282923,0.8167302050415134,-1.4832668328942522,0.7992618235090044,2.052929466520082,2.9173469679075326,-0.30314439515241776,2.854828483176223
-5.518558673928522,-9.087616502439788,-2.577429314849661,3.516274201160541,-2.9853655035568845,-8.416824873983416,-5.4587023493438425,-9.903766614995856,-0.08299015575369294,-7.517616976929288,-5.499779841518471,-10.442777844881078,-8.620108864223761,-9.141475442064696,-0.8974759374398473,-1.6047030032333574,-9.60900508648324,-1.0242715620041973,-2.760870537568928,-1.3188478115884328,1.0880341122988046,-8.651740286050268
-1.8864468198660058,-7.3598836218823775,3.8817894542377718,-7.054697136533761,-5.8048168553961625,-3.243771983240795,-1.127375603863031,2.768591007230047,-0.6500266072513459,1.0194476924316,-2.8577300917772015,2.277252135764526,-6.978751895291535,-9.030797140405543,4.718953472922359,-5.637623727266277,-6.802977652779598,-3.610883628993081,-0.33776682899555915,1.9374214793301023,1.7463734663941388,-10.883341339123389
-1.941423329035694,-8.215282640500995,-8.127158035290682,-9.530483192623297,-5.1995021069670075,-8.87747205489373,0.24975045330917733,-10.210293465236234,2.713898411921112,-6.6680724751977545,-8.9416505108808,0.4726516426042379,-6.226353974639504,-0.3399122100849484,2.189213398370933,-5.4708157227549155,-1.1296865306518282,3.212293767108648,-6.244264148241675,-0.6386908030378415,-10.922041857641078,-1.3439378653505494
-10.609422771417679,-3.3405926874430483,-0.7425169643647145,-7.665155764399699,-6.497185524076999,-11.698656507561171,-7.628964018336346,-4.876913441443953,1.052742510351659,4.144640186463058,-8.4059025048985,-0.47443565504785934,1.143820189028848,1.0191990794864632,-0.6000950217631077,-0.22907543340596145,5.057698526220796,-9.154345710528016,-6.704735924464572,1.0420285539370278,-7.35404500917674,-2.614002792105187
-2.521573221656324,2.426732788853633,-7.901623709695481,-9.344338314546317,-3.9421681372347392,0.39255447211041034,-3.952813999331755,2.5624605592177807,-1.7191193368403441,1.880254060728955,-1.0688391933705887,-9.703533590768014,-7.452932509664724,2.4280290054726072,0.9898593125445467,-2.774960548634592,-7.492737072846561,-1.2792961374747365,-7.860300718538542,-7.645530992150149,-0.10636000866486671,2.6706105979035395
-10.129382666121765,-8.58708424351814,1.1038430981453184,-9.32621243753781,-4.684659399984597,-6.209327955310321,2.234399126943057,0.8543733003507716,-5.346186639132692,4.457215809516765,-10.648462735986037,6.051848693693107,-1.6918215840976247,-6.654927933911212,2.848141923765329,1.508952336020174,-4.086855077231962,0.47612796789696854,1.3174338512943415,-4.476419984439434,-10.674593625902947,-5.577076317076691
4.901337965356247,-8.343709532597918,-4.966340850995316,-0.439013315680119,-9.208699349690258,4.289964455564987,0.2450697132959988,3.295709214338926,-1.16538866070658,-7.269522661667055,-0.5933566473496645,-8.337532910933474,0.6682775042289535,-5.626436317197992,1.3520652733950531,-4.549807873414581,-6.348028438068965,4.304441169079862,0.00303629489591305,4.222560164263527,-2.1238232609554397,-5.907729050868288
-5.1797858748814365,0.5371049207357584,-4.080362771153171,1.8999978248908078,0.6038910206170288,-4.549817520054652,-9.850626263498556,-8.320783039772492,-5.378381837537906,-10.132576624744893,3.4876851987609006,1.8816873960646496,0.5288818354376128,-3.334450125864297,1.3872626137505093,-2.8067844577876055,-8.17778889348492,-3.67614174515473,-5.135286874483604,-0.47474207769280946,1.3309021529446823,-0.08584207149844843
-8.341838058957237,-3.965291314525411,-10.876052234054447,1.9273404001835164,-8.482302392481834,-2.87237425777858,-10.647282217793183,0.3963612304436305,-10.969287157583414,2.760295870788856,-1.5555530528503352,1.6947039856027575,-2.337611203400568,-4.463933467606109,0.8056227582164769,0.967548677540801,-0.05997684636282932,2.196303749377345,-4.3155197566666565,-0.6468749235402205,-4.97755129949392,-3.8316137738479616
-3.688143970560692,-7.9420665037082125,-4.100278817643652,0.12878049842415035,-10.018416305813872,0.9316249243958603,-1.8700391768380233,-1.1678327671049498,1.4806391852726222,2.774100697574494,3.326965248777859,-9.750942607244843,-9.063937620680736,-6.715350366581766,-0.8258013408473648,-8.944947615561874,2.683985319723233,1.867999068577786,-2.4680628564527454,0.9673551585549768,-10.049787049969574,1.3041042562476486
-2.908695586980531,-1.435228661134013,2.8206921119876087,-6.7177680785094225,0.1984363535101897,-8.086989506022016,3.6779263875148516,-0.02129675389147669,-3.0806470550680234,0.8514745656860562,0.7108265793857822,-3.205175548979002,-8.10333330311944,-0.5977657438670604,-4.0816734149953735,-8.365212685529238,-3.6721852484798116,4.841009488929702,-6.660766453223091,-0.4390871508153715,3.004240140977121,1.062710591359997
-7.891864188917931,1.0274716917845923,3.8565535787788408,0.8005865587032929,4.580671936895221,-3.0131211297876965,1.6992268040486658,-2.7608611025867664,-7.22512619679738,1.0332847973982977,-0.843817877556005,1.694285716499788,-4.1899979508272835,-2.117375766447614,2.0420717004637443,2.7918027668820073,1.9021935920504318,-9.140654349807573,0.5874018690047483,2.704245341791556,0.9179631325009368,-6.481426380466529
-0.38482093287586305,5.275340840445218,-5.6383184927059276,1.2854658586552843,-3.088706034525638,-6.5767514460298555,2.3087235441160527,3.8312156802615474,0.7909300286203235,-11.058495082498412,-4.099396946672733,-7.111219312983532,0.8895703687541785,3.1846163894713273,-2.5264320937036344,-6.6984770080892275,-8.506843124102758,-3.152645589566362,-10.738080587968218,-0.7355876585081239,-10.038391118219712,-0.02855539513138362
0.010117046370707906,2.5398600505380338,-1.4411349053917264,3.80171479677581,0.07751030652539873,-6.671261989626585,-7.657386997425528,-2.1016095355485693,-8.91095530567746,1.1321120536460363,0.1462528271282613,-7.595823915536323,-10.089101315807204,-5.532744267097114,-8.33714133143321,3.1677809341931638,-3.826821876288843,-4.738339802819017,-8.265843961886494,1.2710588287127416,5.348406105020082,-7.717306112653503
-1.5281752696380309,-3.258354097502663,0.8260073435532305,-5.631619929323266,-6.690763865400342,-2.49321564954359,-8.478657357260857,-1.9672630591629923,-0.03667213548832206,-0.93801973409011,0.8809210810288184,-1.7414293219680945,-0.5701516572013029,-0.5513737248004213,-7.328481040564312,0.637031885471701,2.6191976805277593,0.047627322767030814,2.917714548529409,-6.888594544648999,-7.920239202757343,0.35170904573225126
-5.86476019703903,-7.730715837959467,-6.45738703949379,-4.448343473384321,-8.148420119981829,-8.531822486856214,-2.56222595184586,-1.7833482635546998,-0.5471880147489844,-1.1244353785599743,-0.09347227697188516,-8.495491625023996,3.083007560926281,1.062895733346827,-10.62081189417203,4.864633244141763,0.6273720594061796,-3.3857371217613603,-0.15598477227626517,-2.868396671967247,-8.091083054233522,-8.832156387084256
-4.987083170387904,-4.453306725682828,-8.252489054524297,-8.589563353725366,-2.4698390976755054,1.8671562786766829,-7.140327142232696,-6.698213874185429,-2.8185135034118516,-8.519057800249971,-8.574731189097125,-4.6059897219212775,3.512453556978503,-7.364578897394856,1.2712795882883412,2.392803845839708,-3.0445171767943804,4.067796308665903,-3.3558182144514026,-2.358031261217561,-8.497520211133732,-1.6346229736959705
-9.04101620685817,3.50630513145444,-2.745196248372436,-9.826095247579815,0.6494060453543776,1.708543513995621,0.6452399296817402,-0.3797486926455798,4.14175306154503,3.030831096822266,1.3204504046264387,4.098147266925039,-0.34016110228606566,-0.911287344735618,-9.960775156791904,1.0887097370512477,2.709330754394008,1.3170016958928175,-7.129944391874896,2.5182955163895557,-8.318711306002793,-7.21864281133384
2.798514721239511,-5.746844494810068,-11.264195695172674,0.8655980887881382,1.4873364678980372,-1.0494055515975944,-2.84040863001588,-7.4119965639544585,-0.7269011004666565,2.235713630796106,-7.939254676045856,-1.6263858835526455,0.13533705992662395,-2.8563428807021616,2.818800287872294,-3.7273176059564603,-0.30388730111768586,0.08116191404367319,-1.9935976286082524,-1.4330221888502763,2.657181172777196,-9.906737398987
-4.652991884214385,2.0783773846624514,3.4302828198944266,-5.690708170760379,5.35777879695115,1.3311984272440014,0.15373514313435416,-0.5162734962060593,1.105635413622003,4.93359890857179,1.311926998138084,-2.4416888207158864,1.6068143702587692,1.6679328685344612,-0.602708564942196,-6.659958471037311,3.0720828378290643,-8.535114716810584,3.765840728715133,0.2229099750944475,2.1616497034338846,1.536927805587857
-5.3927813368883415,-5.350906451888514,0.061567105266889306,-3.002262260087636,4.549275330663465,3.153589777873942,-7.7858640705611295,3.243841670154959,0.14821899347712145,-1.1537534360726773,-9.280098058343992,0.9872682124465396,-1.2671742835331703,3.6241140195301096,-4.117475523999006,0.19389572835168367,-10.096768782241314,1.1875096759881563,-1.544167356425436,-7.557486526356616,-5.5232569657000585,-5.172683993413449
