script/wind150m.json
{"header": {"parameterCategory": 2, "parameterNumber": 3, "lo1": 3.000054539987559, "la1": 64.9999836372058, "dx": 0.5, "dy": 0.25, "nx": 34, "ny": 52, "refTime": "2025-12-09T22:00:00.000Z"}, "data":
[rows 0 to 24 of 52, columns 0 to 33 of 34]
-5.024434583905254,-5.016464726150934,-4.49965091296987,-4.852936857370951,-4.727359682069801,-4.940833333569362,-3.9033815227893363,-2.7165610087422234,-2.693435348554557,-2.7163990244767717,-2.0874696970607327,-0.6478481418227946,-1.0424030763754346,-0.24725058123400617,0.12406901800799387,-0.11088428616715021,0.2290526359374113,0.6893213419418855,4.5271067048270766,2.7881891770109823,1.9497245225561801,2.9056279517473285,0.2883493769178433,2.606244141558761,0.24593684563276985,-0.8777227223845592,0.5487684221091504,-0.8903104417899237,-0.5260603342297356,-0.7847806774584118,-0.4017775816245407,-0.5788506859122726,0.039659839259565004,1.5753226528280102
-3.5878579531896384,-4.0681472297078916,-2.413060521495818,-3.3807586526223585,-2.7779394157956694,-2.742266643459023,-2.0989548508406393,-1.2768097565767649,-1.0122299024531942,-2.015184037605519,-1.1869817180093096,0.5300160656441255,-0.20138005873603868,-0.22938580210415443,-0.9687489119456133,-0.4267469310845202,0.5243229340849187,4.049006357256249,3.3573835801091345,2.005329406495163,2.5720686285636094,1.8792153090032455,1.7862457859722758,-0.6900186988324345,-1.0911170378011235,-0.1349460498461317,0.810714692891473,1.3228754321131904,1.1619920778383712,-1.5270534168831942,-0.09268552973688964,-0.7229902806507134,0.5153331770887344,0.6289434376281389
-2.078183495262572,-2.357090942495537,-2.441999276845782,-2.8791983676501043,-2.9347561463111895,-3.280075703229273,-4.0106509565315225,-3.706046927488523,-2.3460326336602857,-1.207475142133095,-0.5718822104888128,-1.4777230644791872,-1.6537588663851663,-1.6720239863290254,1.1442858955350448,2.6386470665618464,-0.799139525437822,5.836711188912843,2.042124432337676,4.516607746678506,3.2118655991035525,1.6323640574567024,2.3402490315748086,-1.2888124967635777,-1.9610107427587076,-0.6729362715037687,0.485688835771835,-0.8123690060616022,0.5938826592438345,-0.5758758236255886,0.8486947791204058,1.6205518728475319,0.8085456714782557,2.333193272962352
-2.799695437382864,-2.59227208247418,-2.4572407059262313,-2.462822915119163,-1.960621982864234,-2.2614951340085296,-2.8442840598676558,-3.1986558003535714,-2.822482088183989,-2.8962582691618435,-3.1011693960723603,-2.611814497186932,-1.9273532517125582,4.513547810279563,5.15472778486072,2.156445375158582,2.455761930167422,5.028256882992262,4.1505104554838415,1.710640558293259,3.108358766178623,2.037385017463255,-1.4457717866428887,0.34582212109272464,-0.5581941059073259,0.14249130253218678,-0.9761869186758179,0.2158078562929921,1.061105086710745,0.4206872024615664,-0.2914844689450245,0.7548818332079618,0.759928701685758,2.2652268699973184
-3.0123011010283682,-2.6653047416768705,-2.829270095317984,-2.967062222935339,-3.0502471803688005,-2.9818786187908146,-2.713587880885734,-1.9899686726383299,-1.8199301503012288,-1.64280789426883,-1.422752145953068,-0.5259360182284065,2.772966325922577,3.7565637997593364,3.5326121377429107,3.0350269372760077,4.934551959820173,2.404940227770054,3.933367487453206,2.0401114686937745,1.5998813346574239,-0.3259165497912071,0.8729272971019462,-2.2146618850963917,-0.045849472453986906,1.3477302131186797,-0.08090636195615604,0.30632452027571583,0.2482868206543367,-0.34278631633872614,-1.3209494238616142,-1.6425299226489902,0.24995052645832136,1.0074458544068448
-0.79816714540622,-1.1971519151567216,-1.2851000996503747,-1.7324681087702658,-1.9077637777909333,-1.8282095060072459,-1.8966943118922912,-1.9745370954149,-1.9572682442258806,-1.2737010659383972,-0.29507104635358194,0.05341701141202091,1.8024754777386782,5.076694034365158,2.980045983284197,3.27639920327931,1.0604949913908217,3.8353183857670645,3.170839196669541,2.613247576314812,1.6378845933249973,0.8417323174675096,-0.3294731337613162,-0.7270953432181275,2.093066850786462,1.5829213347567685,0.21195903645105926,-1.6106934757166986,-1.3794842718766953,-2.2904775207788983,-2.166644213856245,-1.087568069658524,0.10663335522283145,0.4211659335951326
-0.7157220648872379,-0.619496248797912,-0.8003225192141268,-1.2699853965739751,-1.690556018240415,-1.6573560891851635,-1.2357215382144926,-1.0881735219306339,-1.279099399402214,-2.044730364973095,-1.6825687034370875,-0.5166142024245832,2.0909939363799266,4.653829558624355,1.6473842779242391,-0.23376411740336653,2.854399809250067,3.9731356344969897,4.809078975205278,4.469167556962503,3.2048195361149796,-0.6017672106932789,-1.2260835026819712,1.389767237938073,0.8747286943420017,0.6173701014594147,-0.1414113773284873,-0.594325829540662,-1.5208230628394126,-2.0792872982859514,-2.6404047744183248,-0.9243669677331007,-0.36803754851611364,3.133335117839184
-1.3670550909877386,-1.2791746558398331,-1.551391345356457,-1.774833049643145,-1.6529376282331443,-1.4052277943303182,-1.8261518514829693,-2.39797094668548,-2.391119822547069,-2.2608168322123623,-0.7444469317836326,1.4087257854147235,-0.40538663219168497,1.7170072005482673,5.86386324226055,6.771800263810721,2.7911810272540887,5.861566318430203,7.60458159486938,3.8960077633781776,1.041285391848957,1.7733204918581225,-0.7264967571267855,1.2449843698654217,1.1669877928562487,0.9187354224121641,-0.4921029773385156,-1.3351987623736654,-0.9975709199872295,-1.799575244935578,-2.58016327357484,-0.9771203177690692,0.8254225037458957,4.458366444580567
-0.9597879630228993,-1.239125501935678,-1.453966403162825,-1.890634691346943,-2.207722522104002,-2.690361865376127,-3.2103868609019837,-3.8539349439629396,-2.5798974112004194,0.42704480979113785,1.3681531320098375,-1.2080953554409142,1.4334465374405185,8.522874707870454,15.37246040585103,3.158973944619107,9.665691775774432,12.584655750630887,5.359706699150943,5.82214502246488,6.002265411932897,4.349586847547463,1.9653296645197202,0.5607095395294809,0.7672392988772228,1.136238031975122,-1.2861674610156673,-1.3942747861982183,-1.8455129321886568,-2.3677535912291745,-2.0399104354938795,-1.2459875128796474,3.220466928661953,3.9017383298914132
-1.106686521956541,-1.8063379320985145,-1.9829502000105086,-2.4843490552559766,-3.009475961022492,-3.00351295408605,-2.488712218603148,-1.3999293904236731,2.6887464154101224,-4.882552100824603,-1.3607497004732674,7.5999348466023795,7.617024979723355,8.534432406206664,11.79918532960245,15.363234262724294,7.005383116616224,9.243783241771059,3.545121496071195,3.6039630359563524,5.507452580776348,1.5233356688151478,0.79669001364991,1.4939490236109338,0.5221345057417587,0.4615045590957445,-0.5812672528619052,-2.4364744353992336,-3.7758744051583455,-3.6307467733297623,-3.401419771272565,-1.8000596975344079,4.270316819629678,4.262113521525619
-1.5689901431747009,-2.184479018514205,-2.748682716330028,-3.565347193359913,-4.048853781523119,-3.2450942002501963,-1.090448469189092,-1.5341255130888423,5.769292017847259,1.7582623878817016,13.90499232889901,12.719660617072432,9.01340759925335,3.93936243581816,11.752950006830668,8.297972246443132,5.994912307598268,7.154865128107836,6.590296512263499,4.164394897540117,4.6560160578944645,0.8428178488998556,1.6491464800172266,0.49537571128430535,2.0238935688732145,1.8942594010004512,-0.3679594396256297,-1.201506694666917,-3.459998714740136,-3.120877224506568,-3.5054547794620396,-0.7535850180980597,4.3469637633126545,3.836277456530743
-1.1582872075595074,-2.0761981947322994,-3.0279865094709804,-3.3077894555355107,-2.185903513718684,0.497898238686087,2.3829195313344957,5.675599612339963,0.9737536802172418,13.674339080762008,3.417628064697764,7.580169994899233,9.620907699571825,-1.081851881382033,7.3086894976482615,8.474008490046147,11.799570516471004,10.882962822671642,9.589877527179368,8.415875252467302,7.288182893350395,1.790096388424501,-0.09437410484845968,1.9005502858538503,-0.2084656380495374,1.4429073837855264,1.118610654629509,0.7143276242093576,-2.400069089416924,-4.208000896356601,-2.9092486270134925,0.3266205012893273,3.1227199864764463,3.0864289662240356
-0.9819577674526145,-1.7835569288465745,-2.148543461770102,-0.3974140607043118,2.646643074637187,3.4145126460904267,2.700533394679128,-2.0771996900362906,9.103435781080838,3.0331306952718022,4.868445584690644,9.769269482729808,13.778493117602807,15.236152957600837,12.92344926175388,14.769632594952993,8.930180166715498,6.906143461751473,5.359999723907216,4.3340876034327245,4.678446007273401,3.913907670594655,2.1909637611525232,0.6911638683998932,2.207624585944137,0.8808738799359026,0.18478695259802091,0.4798328435546698,-1.7200606335148378,-4.633836816838701,-2.595323498473869,1.0194408311508232,2.4689860431029698,2.094517466074084
0.40164734731088364,0.02443567316018813,0.6715019301704942,2.200536908044641,4.450560901890563,12.24622468051196,9.105449079713289,-4.1781078979236135,19.067855738594673,11.408809313398129,12.354840010790593,7.957428005091373,5.502469618818004,4.739704736838521,6.700012605378032,6.55824329135457,9.181307288187599,4.169468778483663,7.67504488918008,6.005160439562081,0.9545492500259587,5.335071793531756,3.4367078520272765,3.401940681899182,2.8273305524608525,3.1630829592920247,0.9196562256642531,-0.6748595347802255,-2.8710875794665247,-3.077941491977889,-1.9368794048792755,-0.4523447660323421,1.9521371059267665,1.4427287710491477
2.063208742405436,2.117878122392634,2.6529894661853817,3.2945834905678573,2.43473378816317,4.445437013069453,-0.7502007709733259,15.617333660294593,4.777839832232945,-0.1731695830568384,1.157163036722054,2.2104318629546915,9.825115180718765,9.938870759815206,9.464454962918207,7.866602104524213,6.089475786782624,6.203457028569294,4.093623828845754,3.769000860431978,2.9828483172128633,4.7509437580231,4.1140712687793926,4.956284678478186,3.396969942829071,1.0732338816460074,-0.23679255554605363,-1.8312035502496884,-3.6522629256821,-1.4294041025537068,-0.5241207925095802,1.1625087017258364,1.5946701065708633,0.26250339502544584
4.778530737736996,4.058022633512343,3.666905811926414,2.9982412569099908,5.584787823427394,4.413920781249895,4.547985789054566,0.8903075324635931,-1.5227787835834705,-2.6881347695625575,4.273600964213031,10.632310113616798,3.6874174774823936,6.762117121005998,2.7040060374306814,5.58222834541645,6.418344079067052,3.2597211778611315,3.6403655043965504,1.842349948998416,4.215714978354271,4.092608071799954,-1.3060515731297921,2.5996528373896712,2.0333190680442197,2.3706799361889797,0.027713750589164532,-2.4356514370877727,-2.2484691043874716,-0.7548794076311764,1.8123452543301126,2.2607292065473583,0.8816866597937715,-1.0346835502555702
7.187621522578272,7.109048804441814,4.568724321449196,4.1257692755676265,3.339077386716084,10.436225623323962,11.299475848640919,16.682312815274237,6.358733234836074,20.416554231621696,12.45706209619699,8.68842989232007,3.7901023931472086,1.9936687256242547,0.9354773915524478,1.540098001315729,3.912318200215432,1.806050205030803,3.356554454847819,0.7926778275539933,2.3834007711641942,3.347991456365339,2.60660839167513,-0.42930352268784155,3.307635906341337,2.5781394943536573,1.559685205166618,0.8518302277049575,-0.45310423911105635,-0.33888607368386076,2.5686314064984215,3.381256476721273,1.8664528080282607,-0.7670645417820322
9.678303113922416,8.328681491788618,6.240320960191274,5.4545640898095265,3.682948715777477,2.087047823578278,9.003478502283338,6.4163290047611765,13.62535963759439,9.5452141436671,3.607352885187377,4.10097306233462,4.709491536522728,3.438346325364238,4.297557376875403,2.1767757119315245,-0.1369690524259131,2.8182836445374835,4.4183946226034525,4.663184272595554,3.2751067677786265,1.7193184645311814,1.8029424089023194,2.1293317182931526,2.147650356742954,1.766563551609589,1.2600272735515852,1.4030007951592631,0.22393770342997624,0.25734260071437753,1.079880760530327,3.4287062516032143,1.249836734661179,-0.5475346991587317
12.259803534280163,10.586036217519972,8.908626963185432,5.09199925987309,3.2381950165606868,1.9475536349033207,2.4898006973029925,7.114174976379211,3.8101431652223776,3.1973765402656427,-1.198790964030474,4.856505842239278,5.465971771762181,6.836152009320711,2.2878209995651475,2.510408178886736,2.6361199193532427,3.0773844243229904,1.1384736239209048,3.9747990598216063,2.75365971691396,3.248236218813946,1.2952689531508514,1.7074968559638348,1.6810066263307832,1.4065188046798527,3.1210970098886284,3.176664358100241,2.4903584609500524,-0.0900692646622138,0.9888635642741692,2.704889890259331,1.7445459742764946,0.2767834909146647
14.563674012666377,14.230606268772753,11.372728644413801,8.904994989234844,8.231029407606794,3.4429950024588005,-4.536153005004521,12.400959237025871,19.062665181218538,10.011651351906826,11.133698998582558,9.217765130051156,3.6696067391422047,8.355705442571399,1.5729464419196852,6.06967626629929,0.5419322590688238,2.3031169425149844,1.491344547031048,3.8300716078291686,2.1098215104886533,2.3797914352530762,3.3407914094709454,1.6041722671226464,1.8323319827723208,1.8002664157484887,0.44312318516349936,2.3157930408884657,2.98193743471341,1.8277596816418369,0.9628393399558597,1.7340384900791388,1.1735288152934225,0.2538210360823849
16.978363033080683,16.589011794108767,15.01249162082214,12.838189022278486,10.088449722628514,10.898909366363636,11.812205915617335,7.835442148591082,19.27694670539831,8.969804600155845,10.134298653615591,4.13939224502696,4.102265130907389,1.594119160877424,-1.202317753176155,0.8485596075364314,1.0139741296709963,4.2281296112067475,4.064874793178275,5.227526256355033,4.95396914140429,3.8689598410629427,3.7106792873873253,2.2087940822152112,2.9661733779289974,3.847769428196613,3.437184303222051,3.937198380925582,3.995540312549864,2.7127878276099877,3.0707573344710974,2.9545392186883412,0.01128394053401359,-1.6374302844804942
17.75534176531738,17.686348948182467,17.483972403589366,15.349973183186627,11.106911701846192,7.200326030487885,0.2629074144687344,4.486890200062489,10.226462123590393,1.9696138329438788,5.4025617258621095,5.25104948983598,2.670104602554141,3.149278797590284,-0.15875524367163898,-2.0641882039999406,2.625945301054368,4.683585013399723,3.8841997096940486,3.8965435740603356,3.63301809934596,4.550879368284862,3.803649967131542,2.3440301222382103,2.0619208403006857,2.0869553651078063,3.0536766871258614,4.012936084957833,2.725473603738803,2.659773002611274,2.7038142991143626,1.5775834886529962,0.11544301943199321,-1.9689879252667306
18.68742103702215,18.560276952743294,20.374831443927075,17.679121567728387,13.339933079478378,8.73446253956881,7.79316881362478,6.798154861613739,11.534997632676532,11.952396947928875,3.1111295751508465,5.130562483858928,3.447708970839139,3.1207179610805356,-0.8256136473527651,-2.383342426844524,3.7942181066590988,4.374659765906176,3.207333395071486,2.146841229073017,3.94096654101751,4.038215300459693,3.432854709581871,3.2710706773013145,2.042031769863933,2.679841797817724,2.9626685430094257,3.188451281735291,2.9332137923292443,2.2033763862621996,0.9553787865811639,1.1019507245635471,-0.21632403735577285,-2.544811232620562
19.493417361035903,18.927027554895673,18.94326668438529,19.956258182166327,14.302012491191308,9.667047422945524,8.438364094527609,14.632937315511443,5.683380838493174,4.668462162553661,-0.20261614582897713,1.3233091870039912,2.013996730735817,-0.5031316768087656,-3.0746701062800796,-2.3586026605391845,2.269465355712277,6.572799388183617,3.843746562003557,3.0825319356728165,1.9915115409909179,3.237483468347493,3.9955013232501018,3.2792901810712816,1.4413687798758104,2.826459503128237,3.058785514026486,3.110969249266805,2.976795677998586,2.832479133403151,2.0413829166187365,-0.7755648137092198,-0.7832156411630498,-2.1095063868427486
19.486247356504723,19.20717520575148,18.195146674981366,18.31915451242556,17.13731893961997,12.006107161352107,8.00776543875811,21.274224771509775,7.764926039458018,1.499032057568471,3.0311555681092197,-1.4448498740645066,-2.7879908966771985,-1.8795777808635992,-5.243491220074371,-1.2394415991898353,6.971020944690815,7.474627673434832,4.009420979549298,1.3432971380407077,2.244248386439625,4.540012531098259,5.611060157370368,5.678136458517456,3.6063840971719694,2.524082441243713,0.5029578877526925,2.9011880472323597,2.67948859745107,1.9589760720296,1.3437638823031055,0.4193914617962864,-1.8359063602137455,-2.6591148883818927
