script/wind150m.json
{"header": {"parameterCategory": 2, "parameterNumber": 2, "lo1": 6.000198445256149, "la1": 58.999992894266676, "dx": 0.5, "dy": 0.25, "nx": 22, "ny": 24, "refTime": "2024-02-22T06:00:00.000Z"}, "data":
[rows 0 to 23 of 24, columns 0 to 21 of 22]
4.938629102527289,3.972981600454166,2.4976983393892636,2.5260121366160613,1.9369489415699819,2.3333623956663674,2.310602573858136,1.6923715144577847,5.871180630287104,4.14360684373693,-1.9972384892300865,-1.5973426576611212,2.8087461525793755,-2.7858814258309526,-0.4936254189559598,-1.1178746962656445,-2.353037391263028,-5.7236311711733485,-3.6737420223192436,-3.3845938931266053,-0.41567421965824847,0.7631802671431347
-0.11053480949898455,2.0272193123671904,-0.9206443664936842,0.29731419786184227,4.364824763985428,4.824295316071194,0.647337517094265,2.8995214703763614,1.9162920364543121,1.30730295287685,3.1384449040190874,5.6922714485041865,5.865125571890185,3.1425287937509037,3.527008322829235,3.244888751641681,2.2364208568483055,-1.4792955886065595,0.9685750422431924,2.8713005684176833,1.5899132161518543,-2.680018922099568
-0.28482931993566424,-0.1996365062281081,2.0520958798472058,-3.8338565308850128,0.1092586406736503,-1.8125140643353133,-1.5730402889632704,-0.6269875331963296,3.094477473133677,2.7333400146850195,1.1941924049377493,4.685880007933083,-1.7498199223325974,0.22023748784371525,4.856073136222416,-1.600961372048109,2.1910186655329564,1.1699202820616075,-1.6608441885232965,-1.0686844847659884,0.7328151912760458,-0.7627524715666184
0.5119309650266239,2.9009134732348203,2.369662567602821,-1.0325887981316364,0.7076521018484803,2.3181126616918886,0.8816137153246856,0.04400767341003223,-1.8613911435066168,1.798110316321831,0.5102438845828365,-2.3242893485280116,-1.9839470665824284,0.9098484724673462,0.9745518861463576,-0.8770368764440271,1.44684055659956,1.0599455011186216,3.1146541722426306,0.7891023362377829,-3.0376802001486314,1.6926730674834625
-3.011782542019643,1.9181025836287087,-2.7028790363514212,5.102984794764603,0.8523024769275439,1.521378287089808,-3.0893090927252738,-1.0700565629706984,3.9198463665825214,3.5342403448309727,-0.3523694537794933,-3.5987655075836082,5.270511094839504,-2.0825235218822673,-3.8802181719572357,2.0420510709072355,2.115002972805304,0.24061923675910954,-0.1748646867997624,-2.427424421194695,3.4264298491089185,2.943460949062462
-2.471189303473164,2.3088996881386232,-0.6513510408564862,1.5523235117116758,1.8586514030033514,7.907721119989856,-1.6816516022818604,8.09070801561503,-1.6524339150557918,1.027048037559968,4.0299185766030154,-0.7507537285798634,0.8691291042223376,1.3101713147245517,-1.9269286368768206,1.4270600438437107,1.124772739658149,3.541018861641413,1.715903147007392,-0.07922673225991807,1.0172837330323932,1.27975244305391
2.6040564118865364,1.238905546007437,1.0073290032001727,2.7252509518414896,1.555555738637092,0.8202639103409275,7.034225455967193,5.956005596878085,-0.8851848791312845,-0.705421381366538,1.779164779374582,-3.212841185261902,4.738939064016003,0.9011262072044737,3.1048085369453102,-2.6698334053029225,-1.62218456648843,2.9604525789274527,0.9865869304081331,4.781786442589796,1.6220344682556878,0.1909487541621498
0.9662864786747632,-0.00783366943157917,2.3503155596818246,9.213697332482633,1.759067766052385,-3.243696544201099,-1.552304516569604,-2.2022183602829806,1.684070801086729,-1.6023301521768532,1.6418477509496752,7.0608771371745815,1.5623278046520352,-3.5141120469476532,3.758647526324057,0.4119148193691349,2.837573902524968,2.1589046954425535,0.3333365031575393,4.669114975606837,5.5948653597724824,1.8577005414766674
3.822471450019165,0.8172339705452317,-2.1484230292766453,1.167278555687922,1.9610438826418328,5.694045469832936,1.7828218670355829,-1.3199755144268221,6.5911767561855505,4.77221420466949,1.5343718369148436,4.4673028061911735,-2.5579959176633853,1.7830863631577234,-1.2467870807268204,4.322152178061335,3.363806935701639,-5.080365935323769,3.24966225221921,2.6347651531507292,4.4264805565680465,2.1890401205554775
-4.099856143398705,1.9384410586487808,0.5181886370065676,-0.24861271382992495,4.287646923397132,-3.393974576421223,-0.42686703956426963,0.08676265628200416,2.265903528950167,0.26989881489182665,-3.5889327004185922,10.13321448136368,-2.8389114357212573,0.7928720409339465,5.489241226822818,1.4078315931543686,2.614764751879639,2.2169629911608513,2.171360495044505,-1.9385564942408533,-1.9226501062673378,6.559238202608997
-2.215633572855358,2.145831939574252,1.0801655278993916,-1.196932002488354,-1.7572755468063814,2.172720042075346,-0.6040303119559363,1.6077849200126026,2.033320707996086,-0.5230545650825396,1.9329712487513941,4.305549216658561,-1.8432354397129496,3.3588195748365015,2.206182152654565,2.9357816635605696,3.251183193718333,0.6981448158512644,1.9711536920629065,2.915264843853992,-2.5242025981111125,0.18654264228935574
3.5601762788885782,1.3647069818527104,2.3342398568060934,-3.8011486424101504,-0.5641927842103953,0.4890540080530018,4.430405161001712,3.584564286640153,7.878268715098808,-1.8821493838813912,0.6367583457928425,-2.550633471117535,-0.7847799839968553,4.958156344776966,-3.6769865467434504,-2.384425454018587,1.1643042699498476,-0.1543854933282055,2.2828346443419187,2.3657370577462173,2.047765802927444,4.664707474985052
0.8208833017487581,-0.8255023407994184,3.6961639961945356,3.8932536021262933,0.2575475670926691,-3.2362778441228754,-2.495513171478205,-0.3845163656847625,-1.8677839788399366,3.485902919814727,0.17433684130461594,2.950145903131217,4.737664424785035,1.0125937954873985,0.1352452900713986,9.279624440922703,-2.858229744483034,2.955583059065865,0.4282138789813677,1.8637531771308733,-0.8235988183077222,-2.674482026982452
0.6285682985594148,-1.352490870303812,0.46897165832625687,2.5438277306714667,-1.9896550268409443,3.530907462573183,2.872830063098982,1.2797657455110423,-0.9695089578260262,1.3652927523538165,-2.2198506632328896,-0.719486713546975,3.290650833553707,1.0505687986035463,1.2248563183751378,-1.4083057828716852,0.2981693399199706,-2.2725094787575397,5.596041771301885,-3.1533527919272166,3.4777034357888557,0.07776427712495056
-0.7124720662422735,-1.5670621750255926,3.917884782610183,0.7457165680480756,-3.839052669927715,2.958790755997728,-0.7012254448759863,0.39541401520561303,0.03879328334860577,0.8110505127726648,-1.122159499114966,-1.3489119556402729,-0.7209729538347279,2.880906013183024,-3.2645405913145535,-0.9256595103064995,-2.7641568155646175,-2.5246413387553255,-0.8065074683940863,-3.417703172590214,3.361977111544427,-0.47069200319861904
-0.2639684273858168,4.548184908471118,3.2712395253349777,2.1772890302493817,2.5594311334976814,0.5579999534320846,-0.15266890205857267,4.429469941372412,-2.4346291736852064,3.7777207301315707,5.37179997864765,2.2512638675429146,-2.192680052642925,1.3450926263039404,0.19156509635148034,-1.1894481028921051,1.0861852450733134,1.2961943916590462,-0.4107317498189805,-1.8268545152576716,7.98991369116024,-3.4278950129736194
4.956009905173777,-0.0813302397716688,5.002669552214321,-3.640407030589317,-3.3415081867613314,3.7026182497626063,1.0048886165767354,-2.6633897849569164,2.317783274019524,2.125593931274437,-0.9664327971164414,7.195127885573681,-2.148442274163722,0.25707062013485005,-1.5762479247076036,-1.291085255459196,0.77354049359471,2.208429192486787,3.4116296151924765,2.9420071440629796,-2.3275922095186727,3.8834585794358056
5.464148506649248,0.5688248641470321,-0.44830290910947945,1.7749963295104698,2.563164468612994,3.313970111065667,2.066058815165346,1.311609467074269,-2.5434950224131185,2.2346225205659374,-0.9554771270883947,-2.7400378997357695,3.0686834838248114,-1.6213931619990904,1.6754545613790746,-3.038609155800307,0.8461555446760309,-2.2874919506063116,0.7889315363650917,4.750902808441764,5.256524990779339,3.0557761710845135
0.5803822754879455,4.115862055860906,-0.6512187047073557,2.5117369384422576,3.4209369477291247,2.7544118545404648,-1.6540397251725751,0.6929240459699344,-1.2442599625091002,-1.5891124254079307,0.5050472969201889,2.530056157675108,-1.1447968463664122,4.45659689754595,3.0333274005427655,-2.6074078624487282,4.413133815329168,1.5368981375198385,-3.4279361721060844,0.7252529260550287,4.01337069107595,7.791902036425296
6.22320480804798,3.9449317260655183,1.6947579112486106,2.8731148480041115,1.4999903833054704,0.1891948837711537,1.2652400684503906,1.847327455313144,1.6996578107374414,-1.0411003943146293,-0.5431151052969959,5.245622612025943,-4.101682873510264,2.9773369398747143,-0.06617185205313798,-2.0827188754443,2.9807852389671616,1.5435076841189546,-1.8100080897858788,4.8471017790884705,2.1514451228820803,1.3898189020514848
1.6873599905422147,-2.678115901242079,3.4339902581753883,-1.7903047432316865,-2.012686024741334,-1.754437339744388,-1.6695075319025356,3.40058955489004,4.550562416334865,3.3344273425592923,-1.7855963626417284,-4.465024313654967,2.3169371369390968,-1.5500818286772156,2.359169867513079,0.831356741217124,-0.013753989317365089,2.452276538208391,7.6760572835094285,-0.9368192981221634,-1.940534104377775,7.67375112823527
-0.47312075475380855,1.0562597418173956,3.196010702498567,-1.0485683788807856,-0.047214573058822956,-2.9477599135282926,3.2460900953677485,-0.34688470428022333,-0.2827904509397687,-3.4205300020398792,1.0835203707027663,1.0841823290721664,-2.910167321165604,0.04770148091457562,-2.32935141433366,4.196827881444262,-1.658455400826633,-3.9079745772244396,5.236291014766455,1.0801272468174608,3.396384787616285,-1.9600466421962774
2.48028391455821,-1.4316303375305384,-4.140491099309814,0.8899562157153136,2.9812502742388505,-0.44884534596610376,-0.8077228429516611,-1.0217228009523742,2.8745672383341523,2.1497666269870725,-1.885085475660555,0.852388080007404,4.587383272970781,-3.497946509847496,2.278866698216558,2.2733363535317146,4.74208667174807,2.2916038035712414,3.70127331995237,2.4526965452997422,-1.3610719653875392,2.657507047500761
4.304577436883335,2.6846887122263494,-1.6701374859610547,-1.2400093816663635,4.0049306963519395,1.272161572512119,1.3118972191825031,4.107458714519112,-1.5630088340391461,3.4781109266288572,0.566180646505951,-2.6897625414206803,-3.0546178978697114,-3.193873981045202,2.3038819801063735,-0.5644795562073294,0.40537042516084604,-2.402888319316186,5.612858470563565,-1.484847417593195,5.53459533235964,1.4820832252650968
