script/wind150m.json
{"header": {"parameterCategory": 2, "parameterNumber": 3, "lo1": 6.000198445256149, "la1": 58.999992894266676, "dx": 0.5, "dy": 0.25, "nx": 22, "ny": 24, "refTime": "2024-04-30T16:00:00.000Z"}, "data":
[rows 0 to 23 of 24, columns 0 to 21 of 22]
0.999303832683296,4.528124846988035,3.379049714675965,-0.09610222261932068,-0.16683523232981579,-2.1742882377723975,0.050462299411533115,-2.052859940874768,-0.8269721819775478,7.693160397592444,-0.8546914297226474,1.5806242647320614,-2.6093021594796673,3.8733217248142617,2.6157121053813017,-0.4294457513865587,2.342832263114478,7.28904214641016,-1.5733576489263839,-1.1386660563754647,-0.7754337636447804,-1.2995986507199677
6.446370320200811,0.8984781339709712,1.6745985044902714,-2.5901214148061573,-3.0190245587936024,0.5864346469982443,1.677641556357213,-0.20931704438406037,-0.47787736999505676,-2.4440641085850587,-0.8990656365028042,-0.4072180172029405,-0.6155148491384794,2.858179848485611,-1.2749232620718332,-4.110291629969305,-0.5080338457843269,0.014740555355256507,-2.2103553948437265,-0.25742361573159583,-1.2888364377026806,-1.2952848784344195
-2.5914295098822477,1.6482298619090816,0.08513469737645604,-0.3029514027222134,-0.8643518543208872,5.019494382224709,0.3414208489287685,-5.967765779049241,-6.021467262397614,-1.9721364250079467,-0.1506708353315547,-2.670114210060466,0.6456933870198213,1.266076018360058,0.07845227465752101,0.15948268374144867,-2.5573073007000824,0.9495978439687954,-1.0141943008582697,-3.925898768763844,-6.9848848065431905,0.13719028274520004
-1.692982559292703,-0.8079755699945159,-0.9853437053795805,-0.7383379654850957,-3.2166511244785556,-2.9267127416395797,0.4282727833565171,1.4261520072007052,0.07221801908985634,0.25212892031617773,4.4438479356224745,5.13748965374297,6.321331009309327,-0.1254605361415769,1.0874452814589652,2.0626530633444338,-1.933564137527514,-2.231322053315677,-1.9597932303243264,0.4864476350044608,-0.7204015367751949,-1.7530902052142463
1.183324600076336,0.6846487537979707,1.7463171648459015,-1.024860153396723,5.6904403673385,-0.5657652866234139,0.6040345061372303,-0.07439271219299902,0.8907184727932488,8.83173021094611,1.8667975911346828,-0.8497744933347714,-1.2031856649223889,5.721689888032298,3.4093922268252688,-0.04287389331374426,-1.5690974839220235,1.0883090970208575,-0.7788141987801659,-2.877248049958599,-0.4433103642481258,-1.4810508711947916
0.8484131410354078,-1.7081312667613042,4.33314582186587,-1.7293486265256173,1.1538012008277594,1.4826696218743838,0.4684229677561688,0.1946918476278863,0.6595119642419882,0.18947567303326798,-0.8468758077864504,0.5807523317631689,1.5335739634345664,3.146401807446522,1.0620494677207624,0.9681533043123691,3.635422321200614,1.408051771300887,1.7880348437648457,-2.510589204728116,-0.9832278839122164,-2.635615164127191
-2.517186137470327,-0.1720233849893023,-2.0478683056275937,1.1582702728695995,-0.6506519970925914,2.518529859589939,0.31924966022993967,-0.5585305035695836,6.998743426411462,-4.324348933039231,-1.2096441593753677,-0.29466466732388297,5.482247823504912,-4.850862389407359,9.119248263280262,7.4709436044277915,0.687562068508622,4.011985450830102,5.932435119036401,5.74120360866235,0.47791186804976094,1.5471166413308255
-2.654232171297014,-4.661448122339287,-2.7062764484303345,-1.0723334047761444,-0.7739164760203774,-0.3200733254309993,5.484341910009017,-1.7370157733018716,-2.375318256711128,0.9442738754821917,8.433229224139946,0.0922104522814734,0.5779970092055694,-0.8692102856860676,8.570373368003732,4.297637045011079,-3.2900271831486037,-2.620017660253389,5.149761568889084,-1.944423010127652,0.18945944975434661,-6.517642221965946
-1.3584781057601982,-0.7050057447990076,-0.7100782466277038,-2.360293498008302,-1.952638075362129,1.0189610750050475,-1.3012764237901897,-2.435487988812382,0.8674298062880224,0.46312942201748114,-2.7969020855906614,-8.29586982873215,-1.7095870237144521,1.1262261200707036,0.5092250429280576,5.312404837050926,-1.139177509689863,-0.4086609754066842,5.179964999984031,-1.6727413403886278,-0.7590833678765568,-3.5776856800929617
2.77680333731428,-0.49740627403302623,5.4232543372666395,2.036511861691852,-1.7547070535223355,1.6644877958905206,2.0288961782242603,-3.8390489162200594,-0.14881035649007174,3.493755340296489,1.4779057545047458,-0.40860093114233914,-0.5971892334049556,1.8525652909776975,-0.55303632875462,4.039883688116641,0.49672095377116193,-0.16493613856546302,-2.609976221395304,0.7523589576577099,-1.5529783402387412,0.10232826677193188
5.92822265678654,-5.610214505308415,0.66406745603233,0.681482518587152,1.9090838138567066,-6.2485680043186695,6.3336652541019,-1.9163715667313508,4.28610895121201,5.569976925914075,-0.3601814978694377,4.196137184064947,-0.6661630779407068,-0.3042496317950043,1.1131650923135004,-3.6803707972122193,-1.2671358815563212,-2.6947750692315675,-0.834635443005441,-6.844315210725913,-1.1941098127790886,-0.5440440770087513
-3.577533424381706,4.0766786040213745,0.5207467281941844,-0.3469171285371489,6.483113455066468,-3.22883627611262,-0.3365465227787138,-2.7143239705914435,1.1627339645419368,-1.4572217797060196,3.4142410830244847,2.617130441199468,-1.8712830152089541,0.4596787456661479,-1.3074104778334938,-1.9353393969808186,-0.8235606275643226,-1.4416274889175784,3.492702498130279,7.500526672410346,3.9356388738671626,0.02035967720865375
-2.419161217300346,6.377454451254723,0.07600491270687516,7.412329535275535,2.4504964703899246,-0.9149175255774417,4.543974944099869,3.1924108198362116,-0.9130857362392534,3.745840580838425,-3.7792878774122958,-1.2677053610707025,1.8615473968102403,2.977973365220335,2.1675923254270226,1.2898003037740104,-2.2338848013389248,1.5216394994457085,0.823629625817242,0.3975586368785098,6.36166916167278,0.7908245750563695
-3.0817166734275947,-1.9935568693148469,-2.570297435390535,-0.285466427170831,0.5947965597547028,-2.8637788192021953,-3.1694519788475923,-2.052381960717121,1.7354305983346203,4.520154444758193,-0.9221576896022928,-6.260898884097259,-3.487151227681183,1.645307030739929,5.4423621048185575,5.533217673567678,2.97591593224067,1.9529003637352347,0.7312433158897745,0.7270487133909783,-0.8391593171562645,-0.6141091666722583
0.46623153611999585,1.2414469228204092,-0.861651933044731,-0.7577919747260836,1.8016779020930653,-0.923693541972967,-0.5792301616867044,-3.7748280860596974,3.977616559585315,-0.8595437423987433,-2.464217410938145,1.3245436796408698,1.1380619893077308,-2.082441237461029,-0.8328527294526377,-7.430723877871745,-0.6814194067088484,4.146590485468648,1.1645595920973548,2.435651925481629,7.382860532845073,3.671432941451102
0.912454616931781,0.5385770439454017,0.613021801679542,6.88078678678099,-0.8610931596409535,1.5362396105765357,3.2857187028896795,0.6660089523425056,-0.06543384275864783,-0.7047303141307827,0.2881310520363017,-2.370055849974132,-0.957088443003563,-4.642426737644104,-3.5732271456589313,6.357447195218567,-2.363487923654105,1.2810619022230483,3.1525703643509564,-0.8252890867638244,1.4288008214112153,-4.677403030577814
0.7385600960031122,-0.7685105064185647,0.23371580684898852,3.266996548670585,-4.437055402250701,0.8976572906618653,0.455451619474774,1.0372123679997811,-0.26878688216622804,-2.9904602750314453,1.4107813063156456,1.0045625035045103,3.7685557914040637,5.167271835516578,5.379456457693434,-0.29857051529820033,5.775323209820721,-5.2579010483843724,-2.5813124802338057,5.255138828448449,1.8681882075584382,-1.9196999742306178
0.1681469373871961,-2.7415783357699413,7.384308951805668,2.1754887964731457,-0.2951655272383793,0.7693402257811254,-2.003815439759208,5.319122031442889,-1.3443315655992323,2.290059346185716,7.228965157276593,0.5121808912975571,9.152286850004371,-4.546099493218496,0.5353491391906204,-0.367527047009124,0.641769577208749,0.7914708257213252,-2.31861633494812,-2.1086019526475583,1.5633045152291292,8.121229788082202
6.1387458091936855,-2.6885770684858583,5.613051982941642,-6.298850322143432,-3.610995584187712,-3.0448921635131256,3.50729666864857,-2.3796131383741335,-2.9771957104223374,0.24896034137623657,-0.8223964905739877,-1.7005798745718865,0.3700249648150442,5.278393197131157,-3.6070661005695026,1.1585844163980925,6.31091265797799,2.6503494405151056,-2.225583098989848,3.874154983636673,-2.0992035852304354,1.0542841787258685
-0.5663638699238357,0.13736947335156716,-1.8406952476656737,-2.7597944405411865,-0.9635686314367357,-0.5905664748453701,0.3808855735206829,0.31161520633596695,0.08787745659225947,4.580310072855808,3.9914802758564427,-0.037170070654832604,1.632729031492467,-3.195069940559345,-2.211710621473972,0.8421507587364334,-7.775960431876938,0.5471904491440331,5.5975116986242535,0.5390603276701152,-0.07359711887506762,1.6291237347885876
-0.44373212212272184,-0.09096987750025316,-3.5080705565446784,5.10823184721413,-0.8389356965883518,-0.6566735610248131,-0.4167795059522064,9.223316710430478,-0.24175830227023531,1.3599529556898646,-0.5365431417972775,2.326721650008445,-1.5640232207393188,-0.9769068684389646,-1.0433010052835068,1.5058659058545105,-1.791820579509986,-3.3544126960917273,0.24799756989781493,0.9206685217336532,4.679468145409389,0.2284250991708987
0.6755970152672839,-0.04781351820365058,0.12224747060447172,3.121319467272056,-0.9111322445163542,0.9299187406133043,-2.492449708779193,0.16883185858034833,-0.796326786518175,-0.5141543387071312,0.4808616806751996,1.3907103522781745,-2.2662715039816343,-4.057486036781807,-1.840486066297125,0.14953399541383552,6.230814040206393,5.45875895596525,-0.5620352563843828,1.1180125296165755,7.961812888034972,4.439705390835392
-5.374004030029957,2.329898450904422,1.1176883323307827,-1.3483740036465848,-6.5651149587629325,2.2955917063442906,-2.3402433788901256,-2.3977706315333798,-3.453071948630619,-1.4253436998374782,-4.344926937962736,0.9572848836577886,4.991027794453476,-1.9379801800251075,0.987566238094353,0.9547027445884632,0.5164590671483202,-4.068920610516056,0.744351594729476,1.0078377027522305,-0.1536915294015889,2.9539303206354814
-0.10328381801880038,-1.0678094120013475,-4.750060094043372,1.9519302699776426,-8.302593491828542,-2.158199366852508,0.12480995323345798,0.7954610208934815,0.07418260634674693,0.5802107711231136,1.6289946020594759,-0.6550348081765603,-0.40036170076441474,0.5268174526719827,-3.8647055589348716,0.2899106468795077,2.3896181993297416,-1.1116168417436971,0.4759430580420715,6.709400372706832,0.0730745231922602,1.1451829642089948
