script/wind100m.json
{"header": {"parameterCategory": 2, "parameterNumber": 3, "lo1": 6.000198445256149, "la1": 58.999992894266676, "dx": 0.5, "dy": 0.25, "nx": 22, "ny": 24, "refTime": "2024-03-17T20:00:00.000Z"}, "data":
[rows 0 to 23 of 24, columns 0 to 21 of 22]
1.1511686410582975,-3.3095205337370417,1.1504804536160729,9.112336742126232,7.58379388077895,-2.1426245124717864,6.829317227696187,-2.404147048612684,-1.2778614960776018,-3.424126121914094,-2.5755644630963257,0.35124089354266164,-5.5841835180632575,-9.350666378510194,-4.165075493052207,-5.063557760024921,-5.685250358851715,-14.037050440007633,-1.2155278270033705,-6.608746292432209,-1.0698066675555764,3.011043299953126
8.865617717610958,-0.3811721004352609,-5.868355702591495,1.443705063720701,5.814327850809093,9.911462010508718,6.489542085671544,3.4300493004490256,8.42032353311684,8.710452543645541,2.5671340098068955,3.927079416833953,-0.7957334952086463,0.2305435951795132,1.153381794920467,6.444950703401376,1.7693727636622851,-3.9416109690254846,4.085759876735113,-4.8139274507705485,7.021583880116629,-4.074736281501741
-6.257585840829835,-1.892675169067715,12.071994427973683,-0.506547669204192,-0.2986520543906203,2.403808491484608,-2.7310011813681765,-1.5842528247846503,-5.250419053224407,0.5021518591502612,-4.0370814840388,0.5000832170037177,-4.711990259182183,-3.1286656670321604,0.24765853049448727,-2.2514642611464057,2.4314224690669306,-2.4450089490955564,-13.542262635049706,-8.981789188707715,-0.5472937252475434,0.03257129102661422
3.088857269375119,1.081124656719519,-0.12699697029487833,-4.795369271806388,-0.15089079858141047,5.445097524235853,1.3086361331779364,5.173841474706339,-0.36613337017644276,7.5350152690830425,8.284210305302283,5.552269185041619,11.621232561704057,4.550375839810888,0.46844380784104594,-4.067945875521977,5.610246041775809,-2.814891424589054,-2.3735880011920183,-2.2891960863981997,-5.513364585779765,3.2348103779442026
1.411555605438066,1.64867860506259,-5.714502137328496,-0.17150475263946405,11.821876851612313,0.1491548594996277,-0.8866892274389963,-4.32284942679084,1.8019342535955332,-0.9301308692275243,1.4695834067432794,-10.481203387396736,4.818969275258225,2.122375508280211,-9.211964976231563,12.249049511130899,0.9029180315121322,-0.8456091412832104,-1.4058413848509244,0.25994357806414725,6.52494345405312,4.018449682346752
0.771032054106775,3.51088445098514,9.984433136129564,5.861378499801269,0.3947804696278701,3.7163920331385705,-4.349297465583679,-1.6641497872480366,-4.645024506100585,-1.1747073347659227,0.28695080603247364,-3.2453998729283384,-0.10382509788574291,2.095842887819416,-5.057910184932826,4.125331276080834,-0.8545898955375529,-3.5719553497162257,5.0215114583143015,-1.532200766870376,5.800481180024834,2.179275426773656
-1.6873619899082912,0.09547616644703787,-1.4112156789623165,10.485913989748628,4.285011936326981,-0.3443890782116968,3.6320382549165444,3.372024901676747,0.3477642858651586,-6.8107703850348305,1.6148314206427765,-1.140785798597792,-4.536358623753154,1.8304551275760956,-5.839412327087766,-0.23355512577087625,-4.200130421841624,2.962705627535581,11.76929285484323,-1.944056996146685,6.759741353884832,0.046986572405372254
2.000171948435686,0.5720255286759341,2.2492207938063187,3.3519792610323638,5.80574808282618,-5.041641813132885,10.897538806608742,-6.471962853876453,-0.1803944415657592,-3.246461381731458,-2.0045485862355563,3.722813657568151,6.178879100706513,-13.255540306512453,-7.249993790159762,-0.5075125138515914,0.4834130416858134,-1.37464291772468,10.918150363976954,-0.4847403648681388,10.59497597654823,-4.912302414986676
-1.1421667708145862,-1.1824390102013567,-9.238388019811978,5.92931148890325,-2.4764239492251887,2.9075004510711047,-2.923307038431058,-7.874029383664578,3.2239435425433074,-0.01033349406498773,5.421787068818172,-5.618804599617631,-1.0163622781423063,0.6469308505870157,-5.49352215208031,-3.309457875871679,-1.128383355946067,-2.45644944347685,-5.312457709502426,-2.103703745730789,0.7434897815786358,2.696799482092406
-4.674193071412666,10.027995277909694,12.983881359781849,-5.007069988939884,1.608991665033087,-7.825755250042992,-4.516277289307275,3.0198012367278566,0.1485936981287618,7.014719565642352,-0.579817406729421,1.4339770103154938,-2.714301891314228,-1.7053356757865425,11.200781376631681,12.567151645312954,-0.13008342525077626,-4.775134437363965,1.8005789120939868,-5.261337816827801,-0.5914597456807982,4.345837546320075
8.23729341450708,1.3197913635647291,-1.9295456604162853,-12.790596965557981,-5.253529567829376,0.7876160209467066,11.423501586789039,0.36076447556323543,0.5106174542302744,7.117711065095919,-4.898114695476472,-2.8944918460583606,-1.2414322308803503,3.8980461693717015,-4.683409117673756,1.638854817678845,8.680461732454859,3.4584628962455137,0.07769710551088034,-4.446794775959579,-5.545259047447856,-3.9624511370920943
-0.9360532353147718,-2.8397028705256577,2.6098703173655955,1.1541902911698096,11.660478121746078,2.389233604001207,3.039642062290684,0.1931917827694264,1.063802035544598,-9.867510162829054,-6.0446817703734155,-5.349256439520709,-0.3371763535324582,2.3861279226215104,-3.4088280426165594,-2.922882921686049,-4.205027911209283,-1.2351727266181507,1.0170545393323813,-0.2943662423651796,3.728427897087511,7.124660728350269
-0.07979794634497023,11.489778087881566,4.668294529973283,-0.057367772631277875,6.0839241721624475,-11.938434978784443,-10.336165256213231,-1.8826886759810872,-13.132819556337099,-3.278492378320469,1.1393972860567365,1.4960420401077326,3.818207259853758,-0.7726943274848156,-0.7193465782124484,3.231971626610653,-7.40099320181687,-1.6821353078480967,-4.813877310578958,-6.200230540557067,11.351385997026739,-6.749975912979333
0.898898841395268,-12.869895680373197,-10.830859898219602,2.1360499200324288,-3.8396187385919616,5.248714716407916,8.055932231735591,-0.9272907795996848,0.7574993656274605,-6.4211535196844505,-3.5720375377443467,1.6340285092191782,6.954513876953986,-1.4009324962877114,-2.0901575853961756,11.060480952640921,-12.885140328683041,-6.0820453490328195,2.326709249266464,-4.357650138626922,7.68574268082361,1.0750286565812237
0.8202454151034598,-5.143524067304361,8.177755260511596,0.342200022016289,-5.347978043388639,4.562711317316121,-4.589784214332138,-0.5309991623651305,10.57415980193458,-0.2117442230947528,-5.826305151034548,-11.164169156991582,0.9247016136604242,2.558222183435309,-2.6882394105501635,-2.09201821724984,-0.5263965647615467,0.6882097555906558,-3.378684056314611,-10.679724651510318,-3.84236405748177,6.6979829397400925
-2.0990193277607285,9.946439197436298,2.6369787821515493,-2.3366770407474373,-0.7097623978885118,3.531950001218186,-5.085690806059211,-5.468902168480957,-1.9077091879116013,4.170850333232043,9.748946699060408,3.2418637489487963,-3.029210511730953,-12.702162544477215,-2.8085292191365454,10.501805975251967,4.745866562747538,-2.0271049385321467,8.059363044685565,-4.199581160979361,1.7659680105281221,3.5328316295846345
-0.7345338830244063,4.84934813408473,7.874167531183465,-10.386584877006648,-4.246222846353984,3.814002279233604,2.9431423492639897,2.5093614105180753,7.92194367718522,1.2230869279519616,-4.815269455012697,1.3069539839514503,8.576629125390607,13.034103946645585,1.90261410211805,-4.946937607457942,8.038588481846384,1.297090393245584,5.24461625406073,-3.772247556556296,-4.318094431624091,5.521043901369686
-0.6910700402729184,2.066679546463503,0.2686747912723201,12.499678503903075,0.9467940847950441,-1.3228526291295961,2.188966775260421,-1.3030966546470355,-4.801368347893239,-0.8956778828002059,-0.7236586043402022,-1.305593437468412,-5.47436270895833,-1.2531126964020782,4.474193998778334,-4.928522921455724,-4.319187439878248,-4.958152830392573,0.8306574005358196,3.520599768443441,1.9545459754891565,-4.52868698926252
7.376782081542814,7.577549529248687,3.4622539164304715,2.7124850583202975,-0.2398764430411012,4.127807366051409,-2.221014570466045,4.740055077366506,-12.81056315542309,-0.12214312464939175,-4.3691951563008375,6.177266307536905,-4.0954633121383,-2.077863408031228,4.486127053944523,-6.713269408838247,-2.441534377635411,2.812591493360055,-5.03054876837039,12.640211886505341,4.149641453397575,3.0409347898427495
3.1038308997156268,-0.8057489487657544,-1.2221213151794268,4.820385218833732,-1.6666688777056455,-6.1676769995331,2.511915096032811,5.4060311799227065,3.334601522403395,6.690137692093018,7.6642560326404565,-0.8244481385530095,-5.607520841627176,-2.6410583562379633,-2.262219835284354,0.06476319752826826,1.375274746635456,-2.025440384004861,10.822474212416077,5.184879517086181,7.1749094250236825,-2.9320737641085626
-2.021040727008307,-7.832018194727637,3.7965596081726525,5.05404438277102,-1.8158263481480679,-6.449343994425319,-2.5395990791268215,-2.0848847159874553,5.837792113847855,-3.4857107281961377,-2.2441652595331,-4.717026899722424,-1.177412451012617,0.19749988013111103,3.9795991719640567,-9.518999586238708,-11.96310715760182,1.3426261196830906,3.3985952690056225,-3.7725334144452733,9.533478982295176,3.440518441588785
-3.032622005999042,4.7508762841739305,4.6906332256168195,-4.81637305172933,3.2379099205362,-1.726040911945737,0.9025265442631616,4.799967507218691,0.7155633636536162,-7.015786364163461,0.46220801161263525,-2.5505080965765785,0.030336478351923758,0.7218977672185551,-13.626786727739535,3.091913224367723,-2.8565935520044095,-6.893542873162597,5.450662617925246,-3.3009280025100525,-4.415181036839575,10.759580222359489
-0.7428110888724528,-5.4816468436533,-9.867598377026413,2.945923526445895,-5.7523507530981,-3.912532091642331,-1.3128968182093952,-1.6368711843078017,0.4631332819079337,-5.069349802576283,1.9681322953130964,-1.6929008114482786,-4.164813109991221,0.37301354364013634,-5.996251367417965,9.32330557207107,9.65533354460617,3.338844281802655,-4.776165313130894,-1.5802716321019346,-9.020157814960477,-4.205971777878238
6.300726591710382,0.8426107151766612,-2.931742411506183,-2.2433244654824644,-5.882678720888857,-10.49034548649111,2.686988623389015,-1.2752227459041874,0.5488548171996839,2.6292604165419218,-1.536698107450651,-2.8389250988693226,-2.2728256047875695,-10.904666300754222,3.261101406291855,-3.61164289850025,5.386734825225911,-6.885400032658918,10.385717299554274,8.377631239620305,2.415919635012652,1.267581223530314
