script/wind150m.json
{"header": {"parameterCategory": 2, "parameterNumber": 3, "lo1": 3.000054539987559, "la1": 64.9999836372058, "dx": 0.5, "dy": 0.25, "nx": 34, "ny": 52, "refTime": "2026-05-25T01:00:00.000Z"}, "data":
[rows 24 to 47 of 52, columns 0 to 33 of 34]
7.4622305836124845,5.901319823344655,8.553766223702999,6.275605828758584,5.540349458411503,4.51330891503192,1.043262734967029,-0.37072570685150547,-2.0652271589086313,-0.45152830880763567,-1.1051219534085095,-1.7875839676124299,-1.3007961922709954,-1.6449031241839511,-0.45042280201526413,-1.6488105117715361,-1.439792435270925,0.4905981469273718,-0.0695269984785734,-1.1276629911568639,-2.6151789727541237,-1.5978702821830495,0.20405053087124628,2.2259800144497697,1.1992529412350046,-0.0731365010539847,-0.1145389994994136,-0.065187373533379,-0.4988604561772625,-1.470069439962191,-1.4465120869255492,-2.4506967781396036,-3.216507375789676,-4.392818405022703
4.277730739715387,4.015192044186037,5.908055171518242,5.572832605944109,3.376613488925484,4.203225961425966,2.4265004041088787,-1.6582571415273835,0.1608156157270581,-1.4734427456223356,-1.5171961975741,0.8009971304878746,-1.219728442902474,1.2211305838014639,0.32218969945242176,-0.7001723086623282,-1.7174932791172504,-1.0689824526348508,-1.1079890322687473,-0.3397523078558507,-1.521012873914309,-1.3184209219084093,0.04978700020335717,2.015745957851933,0.8607331970418038,0.39769362769000993,0.9631815208186995,0.0033906950523039177,-0.5061196023229972,-1.7960391868392473,-2.86232086122119,-3.5965680317038444,-4.46120526511587,-5.093510429243874
1.481379399468105,3.4166241802019734,4.675825446385101,4.580045913134047,2.6393666830119167,1.5018767643448523,1.5583039761283966,-0.4333917493038052,0.776150206370293,-0.23508654448167732,-0.8873880890592201,-1.2808267319705886,1.1056994469470536,-0.1350599501390808,-0.7253481017576745,-1.8009273318262344,-3.1789649741708814,-2.063232928822412,-1.4567250714455093,-1.9282303736895092,-0.6878836244850873,1.6219501241473862,0.9878300038708675,0.6973572581233365,1.145649294849785,0.3651152167747441,1.4385826895737197,0.24757451005062828,-0.8469162904442697,-2.311365727155226,-3.678917176541619,-4.830029896276458,-5.668533464826003,-6.305235687175072
3.0548336349436656,2.8843228635642926,2.329172252338927,3.6727339846202045,4.100143692866422,2.488470039101642,0.7003238129479182,0.31334753212217686,-0.6774468278486868,-0.9487486362528224,-1.175559311862005,-1.008084603949196,-1.5297618930712717,-2.1678307434880963,-2.437303772851282,-3.1178794246400243,-3.511201876314146,-3.493897810668337,-2.7010306330936653,-1.040587343056748,0.6182328305532185,1.5594269443663482,-0.02889258176317557,-0.8382221625128731,1.5099298505418608,0.47028495317168484,-0.5709894988342309,-1.4095326886274964,-1.9595965297236149,-3.2796266116216612,-4.204999750536266,-5.1612825223573635,-5.841735448465255,-6.340860695758957
3.0740022845090444,2.520701574003983,1.8119229798027712,3.8483613288848844,3.6313407892972718,2.3109976728271544,2.1240490003082733,0.5091502766099368,-0.21828206433632275,-1.5731879700313396,-0.5453560793398385,-0.8387742030183499,-1.5914814612419648,-2.0887410356493903,-3.2518098011695793,-3.3742836078641356,-4.25305613757082,-5.623981337415523,-2.4691722100042535,-1.2133515629951952,0.03799759055944126,0.5360407973981443,-1.6415852234379802,0.44947465806990017,1.0050789410343535,-0.4058691049686263,-0.886266492477579,-1.2963124643542578,-2.473712796252311,-3.6897584563343715,-4.470855114929254,-5.283107092128834,-5.697865028263364,-6.840568674264852
2.676310329271409,1.6212706838169977,1.1693301440996011,2.8908110527899753,3.51234634934498,1.9793173352045084,2.183040591936143,2.298935088685015,-0.13345064179663513,-0.48781275269842367,-0.539320044844962,-2.1035636633764327,-1.8614705042808735,-1.7756704876224838,-2.6149972453304606,-4.7653686598141105,-6.716886428618241,-6.888995517885762,-2.850264782706476,-2.146243276427608,-1.3368042334812678,-1.1061192008468237,-0.8511478404427151,0.6640422298224556,-0.04840189021661325,-0.922114028414991,-0.15657429690001265,-1.2278079402789974,-2.5933883967983418,-4.287281517672211,-5.242244295973982,-4.4929103541509,-3.4234983310479645,-4.7312369096191365
3.5874656990999108,3.4332198316367992,3.508114348985803,4.012356780889689,3.1738066150328565,3.582892698188016,2.4666068263001213,1.570360999109731,0.5208729871977905,-1.5921689253354807,-1.8078239375144989,-1.2734112272182818,1.123184058770936,0.463278385711837,-2.549542075277195,-4.281306331411216,-5.652212272887404,-6.151101132701137,-3.855805811747128,-2.32084747343626,-0.6182173604269294,-0.9315819566784702,-1.6623399690580063,-1.585894726908472,0.12543950785429162,-0.7945120795999527,-0.652097104205375,-1.3795364099788847,-3.5957641763807286,-4.761038132995683,-5.655581370350057,-2.925254113597491,-3.996242361302161,-5.461396455531911
5.254330858121425,4.4984762761719175,4.905398167040131,3.4032431154563336,2.6550382190745,2.577115913678261,2.5075604203205994,0.6625078900271457,0.10954877559361972,-0.1933022473554082,-1.5756940551415446,-0.7778728767326697,-0.9956618467771289,-1.655714936584047,-3.5971647773155087,-5.1544230663717645,-4.091300413050345,-5.054799160376364,-4.549590477324243,-1.9384789402173843,-1.9394840417028645,-1.6629890642200684,-1.5040100948959976,-0.6934150733230431,-0.9778006046074313,-1.9202217335097698,-2.1365612114479426,-2.409664259719174,-3.176202132249881,-4.306161924038912,-5.833878644446698,-4.0391054707363905,-5.0986040907313575,-5.774634738449193
6.220826493864739,6.259686875003038,5.288087614144592,4.339737069240868,3.103064031619911,2.3407962244193916,1.9217631002074977,1.6064140582569846,-0.19004851635406686,-1.4069155228109258,-1.6914340411856974,-0.17756602000176017,-0.7442386250659305,-1.94205518568156,-2.641682784121136,-4.428356452915161,-4.647008663229119,-5.015976465408303,-4.846650641416323,-3.736386760229261,-2.2787143935989076,-2.1865794188459096,-2.0758533005992827,-2.6004050542814707,-1.8003099610757989,-2.6260500445041717,-2.8753996756181,-3.168914585577951,-3.8598667421591597,-5.362959437525306,-6.019434660182839,-6.114063577873687,-7.028342839189577,-7.474814449740747
6.645799151892024,6.818804353297516,5.727114735012653,4.025379329867827,3.4638860261761066,2.4160325639718114,1.6920235449612355,0.7110193849075434,-0.23853629231918333,-0.4525537386041214,-0.29778796547728026,-0.5360165950802257,-1.500543036795709,-1.13109784674396,-2.42198713908403,-4.966743326321625,-5.0543958043026365,-6.338596127023761,-6.953342761973376,-5.737967678967231,-2.9395636024910337,-3.333361096813137,-3.267185382176413,-3.1946339901619507,-3.533051806179937,-3.0170012879115604,-3.0314029901674697,-2.7602211772853025,-5.046008525040004,-5.916965556334351,-6.619857136013666,-8.252833714260776,-9.410252256921822,-8.5999107221697
7.0007317036120345,6.403312458620297,6.133044424077139,5.063012487818882,3.7598346935074014,3.1229287870529814,2.1703077887623365,1.419034706314488,0.7873190555484886,0.3631855135407818,-0.0030913861964489246,-0.5453958788370532,-1.9302466521960941,-2.7765985928396333,-2.219620833693234,-3.6539191768482406,-6.039421644595168,-7.755843623560789,-7.55176039060045,-6.133553008165903,-3.5832226831143252,-3.068846967043927,-3.7839704347558483,-4.04853360228506,-3.8801632914051636,-3.334046709317203,-2.69853880912015,-4.311767472071668,-4.916932728320577,-5.904778731611649,-8.256209698617587,-9.980263806506578,-9.009125973291141,-6.487432560030146
6.487582591342917,5.868568086953392,5.31458441894,5.059229088493629,4.256294228504584,2.8912452964928264,2.0520483382884347,1.2867477523247757,0.5947721171278296,-0.3899181315015451,-1.10812084001705,-1.9403991840280241,-2.532794991045448,-2.286078657011348,-3.894381002846106,-4.5036291797372545,-5.302821693869052,-6.798189827707436,-7.430667878427509,-5.788639286132291,-5.219264490099409,-4.379455947362335,-3.907728008416999,-4.168837629894885,-3.5153434096682172,-2.9106098216577063,-3.2210257200723755,-5.516437778242933,-6.363523757996023,-8.216614127612907,-9.726905673509808,-11.03685271189504,-8.759817590717404,-7.9702462969029275
4.579299482443646,5.034135907476872,4.733433356257638,4.355675683099585,3.994968438578276,3.610438054082521,2.63168195688711,1.438575971739541,0.3388603058581558,-0.6167273275359031,-1.2113885253093484,-1.5826177462448674,-2.5358692224384485,-2.8039886935655383,-3.6784477800542352,-4.178466922914656,-5.163416967404681,-5.401605914194786,-6.39752835710762,-5.668149874913234,-6.144618184347245,-6.2060706499436575,-4.484675369898498,-4.865630599040525,-4.558159271985056,-4.583628075229988,-5.257191268996232,-5.890467554438657,-7.9463782783472015,-9.564918647368945,-10.317844227159187,-11.745674907812953,-11.37575588148048,-4.216941439836805
3.925037328138002,4.133650640210665,3.7777029452194753,3.2678297664593368,2.957467379968302,3.152803806444197,2.5174579109578925,1.392726309281312,0.24692179747320492,-0.6200130284798552,-1.55589220637042,-2.753976629182433,-3.0140128769486796,-4.271974698241255,-5.158003154884498,-5.263918947688521,-5.821616894012267,-4.441939886713245,-5.786407688203966,-5.865117720332637,-5.817460139532697,-8.953530468837164,-6.027622923191701,-6.7178284574262745,-6.378024975395127,-6.996903358893067,-7.302125831073667,-8.133960635615546,-8.877659489790533,-10.358435120792539,-12.170929038416476,-13.792579097199978,-6.7905431704835415,-3.71864763415051
4.712544731796999,3.936478372843779,4.3952195610994576,4.0222934738339715,3.7144841593960276,3.430983310886473,2.4181292906710765,0.8390187763500512,-0.12662174286551553,-0.9743834613898852,-2.1950520264789075,-3.079510142715905,-3.4726591066563417,-4.315700047379681,-4.144616340285877,-4.80661579343458,-6.175610116518756,-5.333095247685928,-6.939293418993697,-6.490411991321586,-6.176969884574239,-6.336140812746859,-7.468852451599444,-5.623815116848407,-6.743560586187377,-9.749840321964106,-9.52192868898087,-9.651484919185584,-10.085118616862884,-10.653530544304276,-13.066174991122441,-14.75320914065667,-7.3800242183114895,-3.254668705429141
6.038004852846839,5.477001994546975,5.039738113290497,4.7426439082340845,4.34665380398018,3.6313416303797705,2.890854800869297,0.8689974951556807,-0.5914521763046543,-1.1652464791071244,-2.2333113834488985,-3.440057114737983,-2.9306878365814564,-3.840977053862469,-5.052276797269432,-5.70466273285857,-6.740115986506032,-5.817387945849038,-6.529787317494345,-8.269045804785417,-7.488155801527725,-6.89979421688073,-7.240453704437206,-6.067663065158181,-6.727810020520111,-8.957661368877355,-10.118151955492767,-10.570967631202972,-11.04423272207226,-11.180890358651304,-13.1832174669068,-14.04211949067346,-13.412231227100637,-2.79106249601167
6.885273347953996,6.2374898138483115,5.640532232934878,5.177298119827822,4.67510982453004,3.649337521790891,2.5921725132443623,1.0001837258060537,-0.5802515281819646,-1.6063326953688173,-2.5924773465520583,-3.491805022237089,-1.7727138767492974,-3.5065616008193206,-4.903633294398835,-5.269890600012373,-7.099100979539469,-6.972509631905975,-7.071956535563327,-7.646205068745353,-8.633588343660765,-6.0060174296300195,-6.13837225977593,-5.914284273495027,-6.792959728406788,-8.66832982424402,-11.482863740047462,-12.065293967488756,-12.07675740453899,-12.214463174776155,-12.150747368078738,-12.412423660289116,-10.029095219799936,-6.612809579142967
6.759708569796717,6.734944505517439,6.477443067091289,5.6454297621614264,4.877717683757652,3.987002147492894,2.937364061341469,1.4903739106783493,-0.21905552084297947,-1.643766708842425,-3.4678465063245096,-3.27127053386351,-3.147592633887725,-3.9732161493616016,-4.907865003582581,-6.227167078226407,-6.904681134157116,-5.843042459575626,-5.9346194588810945,-8.025218506322473,-9.232222479650707,-7.659270022216535,-4.4538356403409765,-6.243391977368955,-7.075828737081893,-8.01715728436767,-11.076505197764362,-12.872844528053882,-12.147260227889037,-11.666439489566608,-4.075336863313517,-5.716175950684815,-6.817481771902602,-7.170338692357421
7.184445993061605,6.657041542992654,6.737667169037911,5.815209399344773,5.260473284063261,4.573396781248606,3.542833274752463,2.344542657720476,0.5892865225601068,-1.0280237328049089,-2.8450767486211594,-4.746413791240838,-3.428405507650768,-3.293671115795068,-4.309063835439572,-5.605096693190599,-5.587525397218337,-4.927520396635006,-6.6250357975498115,-7.880606968580548,-8.552271287979027,-5.999076788067957,-3.9857849369982996,-6.043735387439859,-7.2131357016941555,-8.945040807817591,-11.167245087339632,-10.402564240362079,-6.56144684950857,-5.519849496203352,-3.8233203147848487,-5.111325328026335,-8.460052224825818,-8.380747653628832
7.787456160698667,7.172046802665421,5.664742982609325,5.827060523394355,5.6264006281931875,5.132410467163863,3.8103046758561563,2.3907786902776036,1.3308359647910308,-0.21085626942932928,-1.7471551976006074,-4.087651074664773,-3.835394377512619,-3.519445007742209,-3.7415882040381505,-4.689045831520898,-5.823041013921546,-6.175010737762507,-6.779043260222604,-7.3416473139906335,-6.829724128999601,-6.3864926616601645,-4.703833330865045,-5.5227274616173005,-7.687808001127131,-9.731194533019481,-10.509334143684146,-6.79382070388393,-6.053986802354475,-4.647147132881895,-6.273100531139857,-5.518385315776523,-6.578973608486287,-5.7069898440219475
7.975962663004842,6.814998341864551,6.77613901132824,6.631026015051184,6.550055935234268,5.536184269717167,4.779292409181395,3.7116176187330825,2.1570398703557907,0.9125648704578143,-0.7460587700928475,-2.28847550327314,-4.017418735351509,-3.6650868707713107,-3.575451061878004,-4.2857901355462005,-5.217912406687543,-6.564816730854916,-7.254590901259346,-6.810548856088332,-7.3005757504492745,-6.678178539842078,-5.3598796322611,-4.238526254095624,-7.973740113490523,-8.492764513766003,-7.064164524748934,-6.380591121268916,-6.258505138268997,-6.009136483807424,-5.757431803168257,-7.001097621092054,-4.641722498132487,-3.150641912675911
7.781425232338372,7.4884555992126565,7.122502273863519,6.8386451925173,6.060794314296783,5.719999623885524,6.037093157180736,4.306000091552374,3.539754726824843,1.3340844413617454,-0.2607426103651169,-1.5719312324912837,-2.6846064067475583,-3.6719136835278308,-3.403610742982591,-4.302029735412522,-5.801612422991507,-6.699104184959501,-6.885727547192349,-8.18773122887129,-7.311086664041805,-6.686951271046871,-5.839385007630174,-4.879187616929745,-7.5625486511135245,-7.542564757539274,-9.415862861651716,-6.167187925478642,-5.978978068374188,-6.203358329388553,-6.147059439924604,-5.239787093128127,-3.748595086646818,-3.9550703198426636
7.944937946099882,7.484084218223296,7.433582250649625,6.6550946879775585,6.808945261287954,7.195922605993754,5.95976475128927,4.420716629023578,2.528643446107273,1.064804184727558,-0.5385241393349132,-1.6448503237076917,-2.864963612986202,-3.3658801265739373,-2.473138412635349,-6.11801278959371,-5.807243668469556,-4.614252475800681,-7.678953908213543,-8.800742537569018,-8.496499255166198,-6.961615231297486,-6.727918958994145,-5.36936302240627,-7.415900679430453,-9.018536733344956,-7.950554502462913,-7.23764353544978,-7.311393019953901,-7.787171309066456,-6.678833136650339,-6.401922936706965,-3.9052393708289763,-4.966665456445732
7.32480441794989,7.237536149943844,7.906675366548224,7.279463886296511,8.094377407945203,7.462730338171562,5.239001853805392,3.8696823928255544,2.0526314622779354,0.5740299179582952,-1.0217470001565592,-2.1821093212333897,-3.2057228233425654,-3.915068999630648,-4.329645350310656,-4.379820026338557,-4.1497475225697436,-3.5272946579651703,-6.017357895462367,-7.890271398267511,-6.8402177167546805,-7.292873070892931,-7.928366608705019,-6.738522074636572,-7.480764143418099,-8.092937933563933,-7.675537575168676,-6.915495676639486,-5.764402317648986,-6.931308413560974,-6.663349924045832,-5.2905080964891065,-5.716942605145943,-5.285303391963565
