script/wind50m.json
{"header": {"parameterCategory": 2, "parameterNumber": 2, "lo1": 6.000198445256149, "la1": 58.999992894266676, "dx": 0.5, "dy": 0.25, "nx": 22, "ny": 24, "refTime": "2024-03-07T02:00:00.000Z"}, "data":
[rows 0 to 23 of 24, columns 0 to 21 of 22]
-3.9593209844526878,-2.9119296961189542,-3.3323549277443694,-3.7575854168906826,-3.568427200938456,-6.470843652702617,-9.414122113636287,-5.327322874974581,-6.764038731755071,-4.652536087411562,-3.989268158951755,-4.337500032067261,-3.2588452794497687,-2.934800276628623,-1.678414521201698,-4.167731739506958,-4.4158305358363155,-3.5318737756445184,-4.6680468441555885,-9.47992326329579,-5.407592622682227,-1.1963979537999763
-4.027330547588936,-4.3491373613002,-2.658903991944017,-4.834713248683619,-5.110719371723889,-6.424275075082096,-6.387514889724841,-6.420884462968513,-7.612866518056495,-5.629023981548838,-7.2271136559031905,-2.9615815690035254,-1.0648358598186607,-4.485921992739586,0.8012817778826932,-4.773338638715672,-3.3103441918681815,-4.545215778164392,0.2075864118520384,0.37367766438989247,1.7945502412142558,-3.3170243809453446
-3.9308506164129935,-4.924178494440911,-2.7899086600329612,-4.492634797630267,-5.584809362226755,-5.013712085713245,-6.9373796138390045,-5.91777503200091,-7.865134484143027,-6.807122109064388,-3.8003953850763463,-0.13881898575825924,-4.9603533539400475,-5.854755158881325,-1.64530298266652,-3.131319192371293,-4.303910194793212,-1.1077907792062127,-1.2310988707659807,-3.0955024839400753,-3.5163955024699627,-1.4673824551123915
-3.8399954962151366,-4.1966652004230145,-2.944204866304515,-4.3767973251732935,-6.836965002022466,-8.463859130582874,-7.50028691634501,-5.955391569913721,-6.876757838278017,-7.164599059028894,-3.9784070177665654,-5.291361050969515,-4.907952582826432,-4.28193428294086,-2.922405981548348,-3.4482058409626197,-3.2161917629971377,-1.0266227259840528,-3.184939096105801,-8.992806892072437,-10.012228017498455,-2.6889309879699854
-3.304112168021689,-3.312678405198023,-3.275095096570105,-3.2577130781914527,-7.894606542894075,-7.604799168797433,-8.346261649997638,-7.781751918463303,-7.433269986390267,-4.236631081513731,-5.377713431299619,-4.895334431947629,-3.9606717261901196,-1.4018005970656275,-3.0303420240249124,-3.45061500390837,-4.637008879051704,-3.146865153012723,-6.066380130367713,2.656989383658507,-2.0949883936985936,-3.433190215234091
-3.5695749819160945,-0.770340254731367,-3.108842475334124,-6.834011647821912,-3.8944594349667576,-5.447906416186599,-7.641561204506452,-5.379901776597642,-6.881917459770848,-4.410138261895291,-4.792010828826331,-3.323312969990924,-2.38865914264769,-6.037423073220896,-2.9257758615629204,-3.708484709655858,1.5650840619316047,-3.9149115538342234,0.890865920460989,-2.2356109148363887,-3.869090145971681,-2.606681621967937
-3.445717121789969,-4.475097813809323,-3.1196610741090387,-7.153086565910817,-3.2809768869240843,-5.129039392426788,-8.346857267216166,-5.838980456222846,-6.844900926594312,-7.753121245470843,-2.981624114491364,-7.250638736261993,-5.9659362022242854,-3.8573812880663456,-3.5921768439710022,-4.361867784887438,-0.8886622226485944,-4.722022855869107,-1.2974651463607412,-6.305572851337998,1.4814952990744665,-1.1913781895407918
-3.7222059793149094,-4.355943878540146,-2.760918232576718,-2.801117504075751,-4.867216194160396,-8.520018235700224,-8.393275061772488,-7.736314849327857,-6.739800583318529,-6.196849264003645,-4.043328929848166,-4.651088932489836,-4.937160721585128,-2.3645273685971833,-4.853167267204267,-2.570055139240401,-1.6222273502378566,-4.86647480622728,-3.4143375980493365,2.7241894498614925,-2.859381764969656,-4.859992616687691
-3.6891562950800574,-3.505980145336916,-3.462592310468974,-3.376356051106464,-5.05416161854987,-7.809251390520495,-7.256838622510782,-8.159245718726263,-6.8386158739999665,-4.554041378405475,-4.746827977345398,-3.7329645685917012,-4.669045182704302,-3.6581046995921005,-4.404918838336423,-3.4047785391878183,-1.5610522606500183,-5.010310929033781,-5.50480241766604,-2.4687453338751006,-9.507463341109199,-1.178843209588985
-3.995549533508787,-2.1332574109764777,-3.1981797916396624,-3.4784605885906235,-7.549681781217841,-6.188367552649251,-9.008960206356225,-5.755438404165042,-5.949173679521039,-4.915123258593752,-7.025076905781512,-2.1375331846703576,-3.1247310139246895,-5.956164497821793,-2.7664531632347193,-3.3712009387231716,-3.7121577683606604,-0.692186410943267,-5.412089284747524,-5.336061319957202,0.6941143535327645,-5.146684210200625
-3.690247414539618,-1.2161874898769804,-2.4838644359979516,-2.9809469137065814,-3.7985446929672038,-6.4037993021955115,-6.543887713702941,-6.982608814137685,-6.821590741578012,-7.200712306539127,-3.0832218854697966,-7.2620437156286854,0.49097452872953634,-4.379205443322564,-3.4493752845999093,-3.3090855999903406,-3.1155640097887787,-2.9786246907410114,-1.9288023206109635,-4.956989706044664,-4.1597636599334145,-3.2897356624621397
-3.5478381163007233,-1.4894717563646034,-2.6477814719782846,-4.4901645044558665,-4.590395819083162,-5.157220938301569,-6.417711834685232,-7.258692924580368,-6.204973305936457,-4.218142469637796,-3.5609477026471277,-3.6262724138884823,-6.597286212039918,-1.8932771313944872,-2.934459573935546,-3.926317298601564,-4.805513591131087,-2.942880857663374,-2.895096714886976,0.23052940458475837,3.0220307467075362,-1.9954834714936291
-3.603684530364003,-2.5202152535448477,-2.90482395047138,-4.50327805878876,-6.889528579515223,-5.559877431073102,-8.362011088738736,-5.994852729562381,-6.883651577389838,-6.690025394042903,-6.960108286652524,-2.051233449711722,-3.4712230685772454,-6.146296231287855,-2.8431407152095485,-4.918782014375673,-2.9998791889774084,-5.296984184367279,-4.242299826855631,-5.488374813457081,-5.275745304394165,-3.219468681941482
-3.207186366251879,-2.331448546785045,-2.9937910388622373,-4.569119059979636,-5.636143047932887,-7.601540239209436,-5.805130935180579,-5.84970902593137,-6.646177269508165,-4.307654310701651,-3.2607172638705784,-7.654858363773517,-3.485118303772033,-4.434084580840589,-2.634305423467198,-3.597344552988176,-3.6345898344898555,-4.599760429554199,-5.039744368768076,-9.167890283336476,-5.642445664696657,-2.688622265416676
-3.790624305819667,-2.9942065063857766,-3.9128472385845705,-6.728877636158331,-7.263330945291922,-7.832030687690218,-6.860799164281702,-7.822266952195118,-5.762988741312563,-4.856486834086433,-3.157160074429509,-4.9696781498647855,-1.7208181435246157,-3.1486389011037974,-2.593310879063158,-3.7986589984665278,-3.0161581215484365,-0.0632190237795319,0.010638676645604256,-2.483672658275991,1.1903512629061137,-4.4658610832088455
-3.2388809497218976,-1.8577185637308054,-4.1735974729297185,-4.444198059462942,-5.879159383568394,-5.730936603624307,-7.617167759996344,-7.95044354999406,-7.207467196309436,-6.854373119207188,-4.140218319546887,-3.2624359607240785,-6.87477191126073,-4.368144140836172,-2.2552122473029277,-4.588221798132452,-5.887882610540005,-2.0106899385585804,-1.3512360825106908,-4.599345804005642,-3.934286711292804,-3.1831771197263885
-4.2258766715994724,-1.5690510197599419,-3.7402842804627894,-3.4730767011730928,-4.605018183662363,-4.893680278367302,-6.248708706053036,-5.708610321593733,-5.786399733252856,-4.196025180819681,-1.540325889421245,-2.21023814500751,-3.5941140653340162,-4.655281949137959,-1.6326548464009034,-4.855327760289113,0.44777305216319957,-0.8386059331399562,-3.451291407803252,-4.619019467865972,2.8537149467688483,-3.1881938782444177
-2.976907639643969,-0.9534832051065303,-4.382782121298244,-3.8558075225894393,-5.019667517008701,-6.079243331145115,-8.218865447269643,-7.344726286486646,-7.806106723246521,-6.00601334000087,-7.479336496632094,-7.664420219961383,-1.8893938614860806,-5.855207197415195,-1.6943604075521557,-3.2972656344354094,-5.192822569922699,-3.3837786569914416,-5.560010919518111,0.9437980067175031,-3.4620921195323104,-1.7143216791665066
-3.385959681576021,-1.779562546054408,-3.2030681753465466,-2.991278007830044,-5.148483488029582,-5.886324705334193,-7.601443095838552,-6.555267830318035,-5.408553127005626,-4.270147585205279,-4.9800870374048705,-3.6237968796111155,-3.8899186571380255,-0.2144422399667559,-4.972895874126464,-3.805644339468053,-1.3021278253667306,-5.148508733320855,0.20723312581066472,-3.2483471987458516,-3.764436234513126,-2.536626215255388
-3.6609883550133224,-1.2695310299681601,-3.930493864734891,-4.4959479708513195,-7.596334667360438,-5.331003920098087,-6.100651686140942,-7.8753320700847285,-7.706528990182003,-5.7010352225403595,-3.5873538479487355,-2.301647182080599,-3.1734421795221586,-1.8822630361987729,-6.400243831183896,-5.192601208880207,-2.279087463132465,-4.93421356636087,-1.923135253334962,-9.549693074769442,-0.5987482618924544,-3.1463910601467684
-2.9189882281117594,-1.1427176259299112,-4.2435514863340575,-4.5047888650007435,-2.569676209599309,-5.465423024678049,-6.494936933461815,-7.4475568391293745,-6.06815878717439,-6.60036398923526,-6.847828104078398,-7.051553593809141,-7.150900616597889,-5.900511759234752,-2.8072723420666548,-2.180432483880379,-3.346676719704606,0.0033385018945209957,-5.735033637225896,-0.14474753483629943,-4.662040668928533,-2.6012006382436748
-3.93089680065693,-2.62113728732635,-4.208472627090519,-4.961922881430927,-4.184787089727382,-8.097076381095924,-7.87289777245258,-6.156844161015159,-5.747455330603138,-5.2668417451635285,-4.1379017059410375,-3.649466857138345,-3.141554230837982,-4.109525659032499,-3.425000446626578,-3.815430333728686,-4.530466666228989,-0.4087043726638876,-5.601230562202832,-3.7654453222027904,-10.640673498011946,-3.634190792971557
-2.9288672718482425,-2.153626860988953,-2.8578986676655656,-5.522444104822894,-5.549503486193594,-7.393318424498047,-5.352661871619697,-7.48971196305267,-5.680183770001775,-6.669913582750379,-3.9783728514931602,-3.947402052016638,-3.6398697700015825,-3.714136542043214,-2.6204909605400273,-2.6208703445765695,-3.647645104873635,-3.2388576494043897,0.17584085537150376,-7.748128618367931,-3.5186664635088327,-1.4861863672958184
-3.7877754715629792,-2.297847152206864,-2.974808348361977,-3.397770913826166,-6.038787009533693,-7.761820731891057,-5.75252743780678,-5.731523938983778,-6.710565190739815,-4.327179512389674,-4.127430567635083,-3.091613189556021,-2.8024931123923515,-4.67648975158642,-2.5429128434389625,-4.568136190720642,-3.5450979194428713,-4.0929082709869755,-1.3331190811716167,0.43676955178859767,-5.20102688876185,-1.8065206902609867
