script/wind250m.json
{"header": {"parameterCategory": 2, "parameterNumber": 2, "lo1": 6.000198445256149, "la1": 58.999992894266676, "dx": 0.5, "dy": 0.25, "nx": 22, "ny": 24, "refTime": "2024-03-16T16:00:00.000Z"}, "data":
[rows 0 to 23 of 24, columns 0 to 21 of 22]
16.63797185961542,11.96949654376453,8.809564784745412,16.365538906352256,13.907347142309346,5.534947241167819,16.30107908240513,12.974203489097478,19.70247855716026,9.836804748729655,2.597496558150543,16.890715384440114,14.226080099808552,1.1729346149727553,-0.32303415013052345,13.044912198834545,11.374396562868721,9.540834776618986,-3.43093945310013,17.923126502308776,15.619229863391745,-2.4226410505972797
-0.710277216588756,11.872359593282468,9.31280205781371,-2.7172158301424796,7.130275204905725,16.476699967126905,13.249548339062086,16.015683497183005,15.647199928242337,10.540742542784546,17.330108152033034,7.293091770396324,11.01370617648446,8.515229867078466,2.644335749900706,9.76905227947116,17.458097222650483,16.305529376588932,13.690989486174587,15.07830556776668,12.864442128760224,6.944302076616636
11.816722427908955,18.280866089141522,13.817360519045627,8.756463885192526,16.957922331616167,-0.44583709215093026,-3.6633899782621433,1.00659965755835,12.64468412071875,14.076505899569877,11.1979343601894,15.20957306497565,11.960397530894408,19.401263607120253,14.149984514250864,5.4028317532214585,8.123417901736827,16.059827072629552,11.845072163666062,10.023132473385031,3.749696906224107,7.775870442261622
14.729241474067754,17.678107921048085,17.644688998917403,17.083064936981998,12.15861753257684,17.091956814620616,12.359895710452614,12.24675723090764,14.717397384843597,12.672776286275756,4.9158487744265,2.367413861350192,-4.391818356524054,11.224591337209528,19.012215194360802,11.321685423807182,15.8927538171274,20.64248603057684,10.910334995949684,15.355159270254784,12.570412996104967,13.563675800702748
10.48976922812562,14.539763547867624,-6.825465201294383,17.474645962428387,3.953499165898015,15.920182506518534,12.185289264024764,11.33346914350959,9.348042167599282,11.538478782250646,15.919085770749383,16.864053789825967,17.555122190876308,-3.8044607026611703,5.7104648283398225,15.310054780389558,10.860670553781064,9.035389963982945,10.628852203656239,-3.4697145750630765,5.602897993763023,11.903977030162004
14.325002039892063,14.679540494324955,-4.1765751715688735,14.809284695712533,11.353352721742574,11.493091118917912,17.716111130447754,17.10375254528147,14.209898404187918,15.541378675604317,16.600946214869335,15.078966274473135,17.796468053808837,-2.6338197170983504,13.704534543714175,-8.751532391321058,-9.45451491483784,13.494941058779219,14.81380078920455,8.115659342380726,15.132544278600628,3.9285909872379325
15.006846508264783,12.066302129633213,19.93162923065036,17.146259037234667,17.63249692001353,8.934840512617681,9.906143075574924,10.422856313553025,9.00106373485211,11.219561740659524,12.883487275035101,16.67838924148602,11.938061697548632,0.06637292068484998,12.253763955565738,10.351210167455012,9.76095833121772,11.496320055991175,-4.539139207751513,12.354290077186247,11.199508501546124,18.07299748573576
-3.0135407515139567,-8.251195750489616,14.96800726359576,14.409866479737007,14.562897311475593,13.206855078883398,3.719841775218898,16.270430449180328,19.481485234663694,15.729402270810487,11.393657730594509,20.76250106830716,15.422700955919844,13.089882710383785,10.285730694426858,14.666580631761997,16.39865839500837,15.025131823506387,-8.741816231630999,18.956432406527338,19.165372121812773,11.351746058593017
17.617601667805832,13.447820668670072,16.968365013309832,4.501388258494532,9.810966230064684,8.526156692447538,7.877582044831697,17.621292858368,7.941021363685873,11.080590232290055,14.628825377936304,12.825132940526577,13.409904494873718,12.713497017179177,18.719889033906554,19.137263639667214,17.752210725668114,14.903983188497916,12.540043894490768,12.5869806228491,13.817310192291139,13.116320834449635
3.924754983576446,16.399417210405186,-0.9203858062869996,20.215781124630574,19.76681292770091,5.117438682994267,17.485062735981305,-0.8799017954666325,2.9530594544402144,-1.9016480870689414,13.543539908828942,11.8031082205443,-2.7253920778404637,15.751188243453106,13.764807449170512,14.537515884813265,12.847030307311353,20.631475384768613,2.8632193677863143,9.125481907151336,17.432484862351025,7.202312897763594
7.399074202533381,0.8679820330544992,16.87710456607269,10.031198780608634,-4.268907896893466,7.270405435553318,2.334669087116768,16.22121165616281,8.617082723621156,6.209494803390638,13.752621291038185,13.740403193082875,12.456739390806868,10.249568839174856,11.422335300666004,11.628553191695014,16.75409988331538,8.654269249967031,14.895446365782957,20.089354348050897,18.10372928020336,10.658496199439382
15.293058028640509,15.937254792739218,16.500133576952155,3.7211911582621053,9.78929825838027,13.719688760638679,20.514193249973136,2.1511380419304102,16.922092025924428,13.158381552617472,17.8096407244943,-5.019534421127732,11.912343525553137,17.348105075848437,16.001047346653504,1.009841171083953,17.822688681825934,2.6632988320418973,8.97640197333824,7.248361237887851,9.437468147383013,20.12086809916477
6.2350677361221765,3.430313772341013,8.543137548657963,9.42924186771452,8.645786095919235,17.14217938853681,12.14982280058984,18.610138559807304,15.041721474575208,19.872510709431147,-0.3188991505096276,14.832890775008604,12.373087656556764,14.640296970452953,12.019949732026666,14.10315598422311,17.626814733577948,12.68886926120992,15.818656852703896,12.061205085119852,1.370355348670674,10.753352922964295
12.714506385842965,18.043990175649412,11.287251776423153,16.48423358869905,13.602714519606282,19.9300948651393,10.47326244414837,21.268534238031766,16.10035839312625,9.288995194625674,4.690571862737693,6.982855303718309,15.005134653795198,20.634971018777154,17.177035567205017,7.584315619711951,13.831683535438287,12.554988336595944,11.762871571274784,14.79501015721245,15.18057881468971,-7.388078261495707
7.1073814757627085,-6.797058526607834,18.30939689531854,-0.4866415085874114,13.227288788095036,9.456520256620646,17.103897487844357,17.883173893738732,-4.342832725696043,-7.499144936736619,16.160323503669662,9.620885061597763,7.696937376334098,9.63531364084261,8.536937359738912,-0.2596884879284754,14.02227351895079,7.339422166073017,5.928681151965609,8.824070535362967,9.523408686576447,-4.388177522275564
14.547297374258491,11.805982346520345,19.732082797139423,8.119426343906587,16.21539547495637,8.9047634874024,-1.3225317098461427,13.88758207295679,10.714094028229226,20.464928456179997,13.743444369074545,14.582377797869695,11.82661019976293,6.503351859892499,18.675752584314434,0.09374745159154314,15.398063898273252,16.865070112588445,4.019020773341788,11.756283009247214,12.092849722280013,8.340539803211833
20.051603820306745,13.102446473984394,18.183234574321002,7.61329508385531,-7.001553795705376,20.506407059447948,9.731811177916274,14.743495813597391,15.474655271853528,-0.01696986233620201,2.549745467339941,11.653476525019636,11.2334225304241,-5.492088437750396,0.8177678916520935,-1.4744856775551416,-0.7805131208983868,10.031755506289098,19.10750238563473,10.114716477212953,-1.1961621665574425,19.399637232770523
17.690847558729736,5.985831700910928,8.209335629704864,13.312666408462755,13.825489318679919,5.207994987210286,14.503542330752886,16.315235962439488,15.833690362755426,17.755696207613003,10.629242345278138,9.854819674831163,7.732120576837632,0.07222323337353274,17.74039474883125,14.020725409434599,14.867220592929543,17.123999166754707,-0.0016345084874152573,12.163510330593672,8.423811215590433,10.644703128961016
4.291326964855848,12.625481214779676,-0.266361228029227,15.240861228662157,11.01965773361664,15.007493040455666,9.486663863638636,14.379686620694878,11.78186164716378,13.837737610790947,8.093566956605743,17.90297160946964,8.42061212688456,13.692209113337256,15.915399713865295,14.057609857261323,13.6100416357066,17.181531872226206,17.398670354918224,8.955951437887132,19.25098309801572,14.856709377542577
12.021296621219077,11.14469911372279,8.50148613643293,14.632598107383373,12.872973948868529,15.714142689555233,17.325334075352956,12.842444658707565,0.9262127849557265,0.7907586869859484,2.08989400221764,20.420964099376647,5.304027767480317,15.092999503982174,1.8184251134085638,15.733453717794655,3.392133559329956,13.711268744733827,7.860713034731917,16.418294287910456,10.473957057706414,20.38519954931151
16.884316993292146,10.51522514733704,9.883624220246245,1.151408757352646,-1.4160732690696523,13.44799849356514,16.117382552015524,12.997148673780936,16.694245716146416,12.211764524446256,9.448688550859824,3.7769065413648493,11.944975326655749,13.26286555409737,18.390507184706394,9.944313674859922,17.6947353151459,-0.017287951680352024,9.19386692181547,13.305606546798364,-5.632541459845702,19.436298570621098
13.400960524063647,2.1051927766638237,16.03608237951971,-6.522459052059864,7.554298078509438,9.362646850905993,19.491392490695336,4.541248484138169,14.935274814807222,9.895494232624053,17.688585825617043,12.684997602168902,-0.6363552969491257,0.34846670238828853,14.578648996957241,9.462509268745878,8.61454569340554,10.955035354224698,20.918624643862263,16.11636572899521,6.963836771328451,3.1542786670999505
12.04576870143439,6.86912462199942,10.821886625817301,5.080271209122384,16.473804050736227,11.769580523007413,-0.1876697314655035,-3.912983406239294,2.459774899532749,12.881693657474226,-1.6940130632153492,16.2303817030973,18.424986407794805,2.8509461146686386,11.565505135843754,14.32999181762017,14.163685222664279,13.394410057763842,6.808026460867122,19.18473119006242,14.449621051319573,18.08597870463626
10.918478505260483,10.596415452088642,-0.6519526856228772,12.43013068928037,7.999960574614625,12.132835510520458,17.982089357373695,6.8407607732223505,6.538813455303849,9.60960700896123,4.405252019002175,3.9579812325648076,15.687717506194046,11.255436603559737,14.856485606407047,16.658796676168286,8.085311268837083,14.222014044888162,13.643182576915908,1.6872546158576645,7.290129507307482,9.925150509221247
