script/wind10m.json
{"header": {"parameterCategory": 2, "parameterNumber": 3, "lo1": 6.000027932988019, "la1": 58.9999434238085, "dx": 0.5, "dy": 0.25, "nx": 22, "ny": 24, "refTime": "2024-09-05T13:00:00.000Z"}, "data":
[rows 0 to 23 of 24, columns 0 to 21 of 22]
1.5638073653084832,3.9990597667709373,1.259230530089804,0.728793443729554,-0.7700402738147946,-1.0545582489596732,-1.6414905946545753,-1.757488372931379,-4.6842677763260125,-7.701313538640835,-2.025480131511801,-0.5210595291346457,0.17327175140691886,-0.38963217334699446,-1.3954616695746231,-1.2239627976859995,0.6152909370606595,0.6421966907460773,0.551182783691883,0.1370863077136955,0.7092532253345687,1.598860422424878
2.2950965096533307,0.37274484208564784,-0.5837930860601023,-1.071077735804732,-1.2233944633292217,-1.1856001589871592,-1.3460550336876482,-5.554054779132024,-7.891657719576465,-7.191787224727042,-1.9685849203199033,-0.0989076855264066,-0.5766614025767371,-2.5515152558407737,-2.9162759192541157,0.14225201171831658,0.5367815583517529,0.8394229576757426,0.4047227511446156,1.0509582990697468,1.980581946823158,0.9382447836890109
-0.062266409630602565,0.19667653009707683,-0.28798334133153436,-1.4729408360892084,-1.4288028041481315,-1.3634825237113175,-5.9974633399181,-7.340653217999163,-7.801012681231789,-5.010326841468015,-0.6778227552856053,-0.11070599268497548,-0.9379146221617634,-5.525508126502501,-0.13054714111596505,0.03976177665001238,0.038181383628809865,-2.527087375554982,0.9938767003703334,0.12401189839832294,0.8740096320955207,0.6762858201036629
1.5873480092521288,-1.4149260900603917,-1.042424657213197,-1.2481268898085969,-1.0950036280352795,-6.543099487695326,-7.562480751132383,-7.058236232459598,-6.00719878735799,-3.2775485949029415,-0.7282297771065356,-0.5203751552392071,-1.5279681599768635,-0.16161260631838278,1.435669323141808,0.15549250638256007,0.5775991306217189,1.7975343778359354,0.9986860951765855,1.0278498224375137,0.3591802303694992,0.23652576525971028
1.1192933248041732,1.3106962669497744,-1.1226821144688075,-0.6081533380325931,-6.3939947950308,-7.2015841002990495,-6.622343530770294,-5.791178953012789,-4.682495675027381,-2.4559217485122278,-2.0632387205703058,-0.8311343125485283,-0.6222704542640505,-0.23048177404200731,0.6845538624143166,0.6007855634537121,0.694335743117819,1.178070735483898,0.5152072886018838,0.7680535710886869,0.4001249617946607,0.3524083871094996
0.3165860037961315,-1.3687319104282967,-4.1033508890181984,-6.0729668850735266,-6.35260457980155,-6.253868135986766,-5.2877983331231535,-5.316631501380101,-2.545898291286659,-1.8763080021455978,-2.754470995320246,-1.9801897059790743,-0.35441174126782227,0.5058443874115441,0.6468935040008813,0.609445350121545,1.112950474655858,0.4727353941513342,0.5618982248941232,0.15277648828800672,0.36191863803501,-0.14175791847127625
-2.0671510654166956,-3.1115996521738953,-4.6751735978535685,-5.624988669864305,-5.5895750508084125,-5.5609299811995925,-5.496876836974626,-4.677532939023425,0.19201212106193974,-2.1554291002599,-1.0243451397860186,-2.4370265026233215,0.12411478083293005,0.44795097433941944,0.4101317165401097,0.6547909199177218,0.4671086231196762,0.4061316064453772,0.41359421459829393,0.3130675143686384,0.4058071956262292,-0.3500672836014802
-3.1432359068782194,-4.079087646381123,-5.053700678825968,-5.505608576270106,-5.644279656863418,-5.836900629939894,-5.428511438302925,0.4868885738361215,0.7625007549843178,-1.2278083022678785,0.11373327577153083,-2.480088954615021,-0.4129682101163132,0.2815204136603783,0.35058983866860216,0.04407237725810595,0.009728179377839336,-0.21685436869230162,-0.08783188051552189,0.5822367570088256,0.38615053726038145,-3.1296587648819614
-3.832996535720709,-4.775995548964344,-5.869521699809026,-6.290090297416186,-6.155893944518205,-0.3595404719875358,-2.2531108452934028,-0.4883803381705701,0.6042258924295261,-1.4180977598706213,-0.5848513142676072,-1.2045936104113935,-0.7320502901477486,0.18782672783582288,0.5421346794402698,0.06068198292617849,-0.01041490077824157,0.1405855929467677,0.10868102249278175,0.12574731311541515,0.09730043680152049,-1.661180838802334
-4.41706990527861,-5.333827493088773,-6.061105540322119,-6.410821913847786,-4.113293765293641,-3.059193111341605,-0.8626877181460199,-0.2740878435849305,0.14040321738025377,0.3273030263603686,0.2849421052396265,-0.08186766864480444,0.10459725587147721,0.34572518808428604,-0.04324194209811898,0.1700825779666434,0.47476909967106684,0.48993250780246533,0.3543559399002735,-0.06083231310343688,-0.26107907436027683,-0.4763867736485989
-4.2854142912215805,-5.404672792633303,-5.818769301408137,-4.6432034520485415,-3.2941563490256662,-1.811298428124378,-0.9691115751590884,-1.5219513946359204,0.8220952077920223,2.105002545624503,-0.5035053660383534,-0.05631055251997913,0.18340040880055047,0.43140251629011833,1.217339560277171,0.47678919910294726,0.5409339122393991,0.08215307505329558,-0.15440515616029876,-0.4328955744254461,-0.7229624767594945,-1.1215378997059315
-5.388155902477057,-5.620834770408847,-5.588153467188438,-4.545681016050635,-1.9396049968007416,-0.3209395786166751,-0.0957987359817382,0.6280347085413011,1.5229932515380356,0.9459344443190267,-1.121137624887346,-1.1478719921794365,-0.09249699378572385,1.0902639875506777,0.8624218836647926,1.5341617317237708,1.2031957656572205,-0.19357510739466408,-0.5284198705840208,-0.7746568916957125,-1.5919967386123977,-2.1184405240008615
-5.833530049046005,-5.910782167036904,-5.164353173759614,-3.403969196857624,-1.447911712465637,-0.5097048752255935,0.004714963536648297,-0.20612303451808311,-0.5716847754888768,-1.6744056607071938,-1.7797140649553103,-1.0215539615240308,0.5529348607859281,0.4881213443776967,0.5090518243062901,0.21012213149590298,0.17556657532464867,-1.612507999252925,-2.321915434475166,-3.558394871229022,-2.905397984619695,-1.2352927415600061
-6.145895532832328,-5.612074513755796,-4.783714189033504,-3.287591711690179,-2.0664474994940387,-0.6335304618704644,-0.0818830660539251,-0.4392669240871649,-1.8952859100604595,-2.1036053814130558,-1.7149280559485276,-0.04181388947988662,0.0674504429060591,0.05447441845220906,-0.10076204185719839,-0.9365468445721385,-0.5542499997521032,-3.047897297488699,-3.207762945103568,-3.1256306784658654,-1.4348103700398211,-0.43388471778550947
-5.555730049486179,-4.908916201756339,-4.05348987449577,-2.7829067458777996,-1.7448686125385287,-1.1045671261761676,-1.215883446926465,-1.8679323120313365,0.7500994072678553,0.4107233681481053,1.1937353816636624,0.7584593293833292,0.496863852701287,-0.8524611116942242,-0.366175971219243,-1.135461212156012,-2.018737757788076,-2.938643017513086,-2.7050183554024314,-1.890037272144338,-1.167110173022041,-0.5131353774346818
-4.638063486805711,-3.2837520838677903,-2.9984154579930022,-2.7005097055718212,-2.936207278126458,-1.3197004115754432,-0.8809660564854817,-0.259765462825577,-0.11107674768117182,0.0809500504607236,-0.6887084728066148,-0.21868748570286717,0.474979204509911,-0.1284071325768665,-2.1097807025713524,-3.7682216583753925,-4.156849799568212,-3.128495717622434,-2.0711200219912635,-2.080539267406118,-1.7103425069425184,-0.6388564040211874
-3.7678649018826875,-3.4078148925761615,-2.8966765854104266,-2.70851294994188,-2.387752222755141,-1.5737812717281832,-1.3356203628763248,-0.6090971301605472,-0.8658268703678421,-1.8679954939834509,-2.672223954225223,-2.608749166858131,-1.3750049309296977,-1.0404604989049782,-3.0160204610413337,-4.012423829773521,-0.6166984880677311,-0.08002912757700764,-1.850879142387088,-2.366210582575634,-2.2146462414792407,-2.148134905501962
-3.5138416251761972,-3.3277797427269395,-3.1381409778354823,-3.0873204102360847,-3.0362651198127826,-1.5944053007121755,-0.7629697306407645,-1.9007380215313483,-4.220822683162388,-3.4473658437757635,-1.3449640582787823,-0.7483885847429477,-2.526519044837178,-2.6765730300828143,-2.9287348421014006,-1.773130660110191,-2.2121614991322818,-2.6202864328269277,-2.4734072489396324,-2.953663458785515,-3.2001832537872663,-3.7582535634040726
-2.9570689046611762,-3.566812853011971,-3.403604344335986,-2.939254915645184,-2.9099751773761273,-2.348859564057915,-2.0633617455528417,-1.7204171057665085,-2.373873611356699,-2.606640583773496,-2.5744804795959215,-4.642585149574486,-4.391467802056657,-5.537739553811441,-1.1565736278642262,-0.9928490768412879,-3.109326532300691,-3.386371817817129,-3.5164004197702377,-3.6178656535558606,-4.095378662738373,0.7837123294071779
-4.355751953492859,-3.2744334221074918,-3.579771928283212,-3.2767067689474274,-3.624319409677744,-2.0504237096799187,-1.9589124537227376,-2.199891946610706,-1.796154683388904,-1.9072817688048576,-3.9381608476270276,-5.980260538927815,-4.515704727091004,-0.2895877060973956,-0.22764785204028345,-3.2401012604307753,-3.7364906861897715,-4.5335301159323,-4.9111294518798845,-4.9645548362970295,1.0063143724894419,1.025355571227323
-5.506570593902324,-4.020626028081638,-3.085192213531076,-2.868995542895369,-3.029541164421421,-2.9227830944427113,-1.7431729281588701,-1.834408441418354,-1.1989143328283527,-1.36207753797843,-3.663117234224293,0.04400046459818422,-0.3352273453693733,0.039170826702542405,0.7243487892138545,-0.9727086926416606,-2.011342029602753,-5.533245176332174,0.6802303373312751,0.5863063226840826,0.1182603488468128,0.18322957932319803
-5.285982216727196,-4.728665952411828,-3.0807861044017186,-1.8029098660639096,-2.5068753519691365,-1.3851468192498706,-1.6071970773712014,-2.2352318056429934,-1.572360151007302,-0.6041767113938942,-0.17351768238722295,-0.47321385899919155,-0.2278412242635891,-0.40730453532697863,0.18561714033033785,0.03341135577598166,-1.9144436713397912,1.1366102457096598,0.6676011396390392,0.7894920087195836,0.37199697272960114,0.2618574639174087
-4.901746796883678,-4.21335591515739,-0.847700875477584,-0.3769706330778473,-0.6939393882259117,-1.0198460431933754,-1.1031612554227817,-1.2158832073527852,-0.6698158876329091,-0.5360520271733177,-0.022915925060881075,-0.1579741670615089,-0.05614777889900599,-0.0930146159553095,0.6203653709416349,1.2874402638035392,0.5056213893386753,0.33110694532569807,0.9684058230024013,0.6510013353091605,0.6091931417901515,0.5361509540480044
-1.9549470147596448,-0.9620714545809579,-0.889957136613117,-1.4175285632798322,-1.0610618627128958,-1.4928241217845002,-1.3523880609979702,-1.1798400152133843,-0.2532920713663446,0.4857386820284783,0.27075319499737915,0.007977822930998876,-0.299499514331707,-0.1998270046822515,0.13463627105662682,0.687738973600483,1.3336497084081507,0.6273330372018943,0.9540346445100937,0.3588451931419662,0.5188827603776176,1.640111345353558
