script/wind10m.json
{"header": {"parameterCategory": 2, "parameterNumber": 3, "lo1": 6.000198445256149, "la1": 58.999992894266676, "dx": 0.5, "dy": 0.25, "nx": 22, "ny": 24, "refTime": "2024-04-18T22:00:00.000Z"}, "data":
[rows 0 to 23 of 24, columns 0 to 21 of 22]
4.031931308999379,10.278710891289075,4.460546120992719,1.4484227414172013,1.8800387539097199,0.3395974680563396,-0.11681593024954208,0.06466260984554054,1.491029005668088,4.145704857760728,2.0982438799113927,0.32544059220328675,-0.36013304434009763,-0.7640359267812408,-1.2169143720834852,2.601365324552595,-0.5731824377661319,-0.6768456139099515,-0.5967555581840345,-0.3322458063255741,-0.6527991064284124,-0.8205907999472432
4.374100845769821,2.6363183191638386,3.0990706858845583,1.4831331065400761,0.623183649817307,-0.02486736095500455,-0.09568451013768374,3.3241991224635767,2.664378829882071,3.8466253355111313,1.9992702819177572,-0.32368440162221374,-0.20622770785110855,0.9610413963292657,1.2769930117026282,3.6087805346174893,0.06383673918537071,-0.2765593931636848,-0.5164623283447346,-0.7645735360529963,-0.7104920310040608,-0.874692041689927
1.8367969982783143,2.0268568392835964,0.9510269290194606,-0.1186922121025562,0.28862606560669707,-0.20970516616784388,2.830432392425366,3.5351580858184346,2.0610002432266077,3.609446479481606,1.9947527580339512,-0.13164538724841215,-0.15674181919414315,1.909417229461652,0.6907329613520921,0.5874113644567253,0.6120760596843599,0.5630539851498754,-0.28926467575531073,-0.726712882517596,-1.1949374122006877,-1.005482076554439
4.810612008975947,1.1508512455915676,1.5864041326093372,0.5251639780442929,0.8543456958981064,1.7249657379776704,3.0446147994277184,3.71959085019808,2.5305582997798375,3.022189515306819,2.3952674736145534,0.08550457966078391,0.3280870532939024,0.05365033377085125,0.305890826840365,0.5269830993802023,-0.7511692874996986,-0.9560497270780365,-0.30960785844606,-0.7323821571053353,-1.3487154547798519,-0.9587758335676726
6.6382179123205525,4.684378984643422,2.0011332901776093,1.059219249374357,4.720414960389333,1.819683353358582,5.2256000605659425,4.876598794076679,2.76411234698631,1.8211878642398065,3.6369846101852232,1.2760686557290228,0.22015555039093512,-0.15058855422381445,0.3713748629093918,0.08427296807178625,0.11419578293964092,0.20650704805693423,0.41305602145128595,-0.42242555175626484,-1.3790371508407004,-1.4931133029889652
7.897747296001487,6.5470148173359695,4.196397207061747,4.205398592044695,2.4658399746649446,3.306491260949492,5.290043676075921,5.62833378587582,3.8645150568137647,1.1331337429346187,3.4075400895421133,1.7360067300780369,-0.0923577107194471,-0.17486040723147583,-0.17173086673413546,0.09462475587463354,0.08802833477880667,-0.027561791953846143,-0.6017049064669242,-0.6113447848909764,-0.8299419531230939,-1.1193606201415385
8.466057113038897,7.495127240268123,5.185314299459862,3.8261263639965,3.140601301908476,1.9146990065608458,6.375540394086883,4.528827553636427,1.1734700900544097,2.4399418580872205,3.0281473567987236,1.923984445111761,-0.22549516659860303,-0.3103058598993793,-0.1394981885887781,-0.006414675106567461,-0.29500758361089985,-0.4725256462440079,-0.43555704331433365,-0.3465918860968351,-0.3584979166427747,-0.4259295325861253
8.888215929151233,7.864959871599842,6.352731403911055,3.9973092931583065,2.533417724379642,4.732115964204399,4.891629667973966,3.256958172987601,1.072860991918775,1.405287137731712,0.7877853549556172,2.6873936316480593,1.4113382126501222,0.34217392839028027,-0.05481716691181756,-0.37945870270801196,-0.31113562518242566,-0.19920999126663977,-0.3352028758158329,-0.20533480616534816,-0.16742558093076645,-0.01995258218959935
10.206655373893451,8.396604929578457,6.968819025735132,4.8301242213977105,2.4187795173571387,0.7041767267664686,5.405072317501531,2.2923144297666784,1.1695050857137501,4.095714478037559,2.5448563434334592,1.902773549772077,1.4966447610574303,-0.5138462531393116,-0.25481211428656675,-0.461074679476533,-0.4133507921685807,-0.556667493594011,-0.4211080626238357,-0.29616229249540177,-0.7217927483552878,-1.4521664544097987
10.786405549168785,9.344550829960097,8.014586209190643,5.904507676297452,3.517982122648293,1.0963199672190804,1.7057163174457983,2.277960775619782,2.2418560712868323,6.259898354033365,3.107193687451062,1.4255100589808196,2.0696015385205087,-0.48677697730893127,-0.48851489503456563,-0.5732463708136225,-0.9967768872610755,-1.404073686691268,-1.2756737252298824,-0.8271916808591214,-1.3677965999562316,-2.228374615646335
10.869991654194168,10.08680972952172,8.713806210374873,6.04683382100862,4.324998562057833,1.6791786449815815,0.8756335129684975,0.9710457483661791,0.4637728046952415,-0.21017124995575812,2.0674502667419072,2.4852521462184782,1.5681165826800525,0.7910194847363112,-0.08439894361510043,-0.5701832677942217,-1.1946159626354538,-0.6660476759834112,-0.8164126201989019,-1.307888192163906,-2.1090707350950533,-2.9614092732201738
10.99097795740871,10.429813195449807,8.530505224150915,6.199030377619786,4.3713176273159275,1.2207884171305527,1.5754554131004914,1.0268980249362918,0.5316563425363993,0.13903327571328244,2.0908599214092836,3.3224576707346793,0.9341246447444429,0.7479359792077173,-0.027277765486361273,-0.31567163004493876,-0.7531543506064886,-0.7179269982208758,-1.3528760902632528,-1.9551089424679564,-2.976534977088825,-0.2453994073883125
11.058906935299643,10.40202536228892,8.175574148725332,6.965916594749752,4.215385172825611,1.4635619044878494,1.137317474838135,1.1664259094668614,1.1964942972351462,2.1719632299772016,5.219104105514997,1.391450383882097,0.9123742368812819,0.011645362620973756,0.4083648996562257,-0.3772211416628374,-1.060602809527345,-2.105455419324702,-2.2821317754986143,-2.5062131362044027,-0.3533475996594767,0.736929263788721
7.56516402067282,10.077259999986545,8.54431320375032,5.707599067682772,4.412799398018441,1.948471738043729,1.6476522212599536,0.8516695562149553,1.4881672860768609,2.1455311121166636,1.0084213330658813,1.101850051455351,1.275442965818986,-0.22407115859947052,0.7562265954245492,-1.1570347216917156,-0.5887355891086868,-4.275617439295077,-0.661631258742245,0.007084521346892671,1.9865670231708235,0.4749321669687041
6.636414729820877,10.155047031316162,8.50473755933376,5.975641284095962,4.413915398420895,1.7811223933335911,1.1898828778287014,1.2418749246440541,1.8707551008728842,2.187593779164985,1.4908497018466982,1.3925777145495446,0.160905621227153,1.6604224653328432,-0.017240681035929097,-0.3042155029849448,-0.8270008654015208,-0.027831877227958636,-1.4751062606668481,2.0933112782977163,2.1541763639780593,0.548769640935846
6.1744733108220355,9.888345298848085,8.66892324735125,6.439369706987194,4.613310802919274,2.7991600613007472,1.6572478829646862,1.6382343461288769,1.2713213422026057,1.423408262816028,1.6081090522340795,0.3239877400145072,0.8796319360914449,2.8871410177078234,1.594080693970937,0.8089017400207528,-1.4707283563657538,-1.3574461643158762,1.00176924366199,1.6660736363852982,2.487013155447329,0.7145079854974754
7.95649541139879,9.416779585666506,8.480538618267634,6.395098153260388,5.24229238697591,3.2427269669111913,1.8859253223651997,2.2653725756310825,1.7337322959915584,1.6099194399851615,0.9753076813990078,0.40606717657714436,0.17364212715360616,0.9664247905946055,0.6902121324333622,2.0443255108675142,0.15218566883956564,-0.9415447187413308,-1.4225707274762867,-0.14499370904302705,1.4735269615881201,0.601831347519165
9.04683071734216,8.406217687240954,7.978250110836212,5.969140831170978,4.568677055327784,2.5257453617350283,1.3665124208195427,2.001269441135838,2.0573746292122523,1.6350330413869985,0.9388949186888815,0.8309788774519885,0.9976137798965737,0.19006581945683967,-1.3079907952535372,-2.1100463796687694,2.0391203980897705,0.7167197729054848,1.6763986660256756,0.9423854660328947,1.4854641588962165,1.116811980400914
8.382304562308695,6.907929635741325,6.87499790362953,5.156168980532559,4.151045285355175,3.3538433052648995,1.6683825887251682,1.8999090699567633,2.643622933214567,2.281677710511135,1.4258826964705793,2.0256224799887717,0.3305689832589565,0.4071535214935226,-2.2220596628168794,0.9253452559094467,2.1951493804426474,2.9486652644848905,1.8515940649416693,3.360160705424097,2.847277433034335,2.1375371063619273
7.983937852018478,6.783233047623252,5.753985909205498,3.8760766010778633,3.5987366226630186,2.88035933040299,1.1764009437560583,1.526191106728848,1.733896250937641,1.6392328995925158,1.842367748032831,2.0953975948014434,0.5619518911008837,0.1220110744945549,1.015087416498303,1.5346940948312142,4.536321710617981,2.629602420469284,1.4525607143335535,5.30383335455429,2.862921931897232,1.870779229857273
6.995351325364611,6.316000182909913,4.537579171121567,4.616563711156097,3.224635872051139,2.833352260269636,0.9550892322266584,1.3851401668218133,1.889684133535127,1.6974185291598225,3.0549732656929685,2.004530623344392,1.6094537152510338,1.0917340813952452,0.7429908701782258,0.8593152112894976,1.0934355083710106,2.753503533516235,2.0790237774158276,2.911192624810678,1.8499296016138116,1.8863251388468099
4.747309790647579,6.970767317896847,7.114879209591018,5.442445582916288,5.540193614855048,4.46561358617182,1.686883704907846,2.2453120164654856,1.7923358715424593,1.3475416870462633,1.6542929587092838,1.8665622013635337,1.314405818511031,1.166525428181138,0.7605711543474787,0.382471020268451,1.5474765525179937,2.7210491129959937,1.1781460347970347,1.829983231867022,2.3311019300138067,1.4560516157593926
3.97403449780987,7.052653063867404,7.225437701765724,3.173826619746244,3.18159560552597,2.914961581506838,1.8583679222468392,2.076053511746805,1.7963433466198324,1.5660910821703338,1.5385661292213484,1.0224979146364717,1.0738396705309412,0.20732220459842823,0.05933528586827142,0.7640561769403971,0.5946756389895071,1.2245875632376815,1.6962834846819819,1.1897516697255897,0.9332264624267596,0.9914202610937713
4.070325568206838,3.7322090976610127,3.7862694023564605,3.0746020480310037,2.5222415343681046,2.1236464995727067,1.9705143311545799,1.7229420007486007,0.9924685176231298,1.5394080057839028,0.5948778921640032,0.6346348407462903,0.42972616187654467,0.16638979001079773,0.15323991721261043,0.5974025987850201,1.309831073523567,0.9160457109477413,0.87599115853805,0.7263517673562951,0.7326764959968797,1.7356888238239652
