script/wind10m.json
{"header": {"parameterCategory": 2, "parameterNumber": 2, "lo1": 3.000054539987559, "la1": 64.9999836372058, "dx": 0.5, "dy": 0.25, "nx": 34, "ny": 52, "refTime": "2025-04-23T07:00:00.000Z"}, "data":
[rows 0 to 23 of 52, columns 0 to 33 of 34]
-5.760114638692306,-4.816333009462981,-4.61229179750194,-2.9842308169573526,-2.2773094445422757,-2.589468118800676,-2.6099909246419095,-2.5253177301389504,-2.7515632378697488,-3.4428774766876806,-3.7788254774595167,-3.9427891566247983,-3.995301687558702,-3.7296701140255037,-3.591608465809164,-3.702665849265455,-2.8762649797063276,-2.4727895050934197,-0.4513216154448409,-1.1893138589536285,0.015992681846008903,1.7341569504427647,2.209299782100109,-1.1741162224410948,1.4326111159512438,0.004115809660259119,0.8223116727348243,1.1455916192261333,1.5925899016635812,1.874233863112101,1.7956516526829045,1.8841497361806845,1.832034394224115,1.6523600037797153
-3.9000420387825487,-4.13591261928713,-4.263504054683695,-4.12383913215065,-3.01273555659092,-3.6106762028216624,-3.1630822228967963,-3.3157133886882653,-3.826089561259464,-3.9248047323100925,-4.264119002602002,-4.149602067779349,-4.275330462183403,-4.432078943578025,-4.327029940420757,-3.593379201834166,-3.12707112293882,-1.8902211661061146,-1.1923578467544007,0.030378734692693626,-0.24244787952263885,-0.055487391973851954,-0.2667559997172444,1.879627021378512,0.19634949958406944,0.8212855772283328,0.6496034744495398,1.3520635979209783,0.8439275392307178,1.572525106315753,1.7704222973406014,2.0281354837522123,2.1513412676438155,1.832859879882675
-3.859827670824061,-4.234370469095903,-4.232383129987335,-2.4831601841334114,-2.4188190569460994,-4.098374207793438,-4.1715445661360855,-4.110976024649099,-4.328134825449232,-4.430362520691461,-4.5705391850070525,-4.489131853224132,-4.556983043936372,-4.665448853141099,-4.366546946532462,-4.470642905972943,-2.1070846584809773,-0.433507098824225,-2.0040521192224108,-0.5244664226031096,-0.9484083436590596,-0.4074633366484528,1.3210966393001988,1.454525485890015,0.721866789031844,1.1745244049200216,0.8491024855766293,0.8825182842574364,1.3293043268222648,1.1249592747860755,1.3280053970193955,1.9107499403032189,2.2618439754085204,2.178256744611655
-4.627931738067461,-5.1323684657049675,-4.190757163128979,-3.6492593480300446,-4.59117078126294,-4.908526488163992,-4.7844914588566905,-4.588876490541763,-4.945898188108582,-5.112650941178108,-4.9774601258479265,-4.879465095620671,-4.629710709805084,-4.962878269513496,-3.9511574656471846,-2.25939892735121,-1.2301221855789641,-1.2233834881669068,-1.6261822358672122,-0.5819486153772346,-0.5397717633890453,0.9580932255138824,-0.48383017531455996,1.2819933835241994,1.6054868448486692,0.9990018420253951,0.7883229320111064,0.7544618916304828,1.03176274697843,1.1494703529803363,1.0873926618545495,1.4010364636330528,1.560380275883738,2.1280125383499113
-4.372609738254884,-4.820519233258298,-4.943554206689867,-4.318776264934456,-5.627907868984756,-5.475441614504895,-5.259888044166566,-5.175334238186497,-5.508126895944137,-5.850089058217465,-6.1370105935122865,-5.916508970928952,-5.39957329054714,-4.46494181081693,-1.6213846886876568,-2.4413008688103606,-1.2678664152142738,-1.3406072150679722,-2.1974453170769124,-0.5449876720860296,-1.3704255216117496,0.47399808248802616,0.7440131173858847,0.5739189927777522,0.6135547611876081,0.7835192085045565,0.8460922264008452,0.7791440473745629,1.0581775181845674,1.6042618448764923,1.6722192477929314,1.81232426411244,1.46353459428902,1.2952127426684237
-4.703291636677291,-4.809079788434251,-5.10760086027688,-5.351352882722131,-5.963578731688771,-5.897398200414957,-5.998626375850098,-5.886885133202455,-5.909025274157358,-5.91873003122131,-6.266118677806407,-5.875243497939864,-5.900297165875449,-4.015687031989103,-1.9794916951930768,-1.6320293792155118,-1.493607916960507,-1.1512480656043713,-1.4222664637574682,0.4468756916487032,0.5633643999224164,-0.05849066077137242,-0.8022973582599998,1.007067559354557,0.47934507648922,0.79287996715499,1.065443920188954,1.3259044438745429,0.995522168080149,1.4148017842436105,1.4807680605972309,1.328014205382612,1.1440124767570896,1.1039722367318672
-5.273692714200666,-5.160385943107092,-5.78782525903523,-6.172935026446214,-6.7108045573750355,-6.621797499625967,-6.650124385522059,-6.804873490497753,-6.652604908999654,-6.600322057128817,-6.070538986444314,-4.040678091520288,-4.91250346396575,-2.6351209145545536,-1.9019370725291684,-3.6800000933322905,-0.8200606409324148,-0.6648891248644654,-0.5808751243424285,1.4374058852326956,0.8678439745383851,0.7918174380416388,0.9463066331208059,0.6095148993315181,0.6088649237106923,0.7066027359509064,1.0270490663251937,1.6055011290902603,1.586297748045191,1.740568503812732,1.6354654971230649,1.0589883621250382,1.3337600987152074,2.709484940979281
-5.944511937793834,-5.565981549632245,-6.142839032544332,-6.652493949721612,-6.879045868400869,-7.119098924228986,-7.368869950847011,-7.741194740983161,-7.682286293831648,-6.787657481369193,-6.1813147994636966,-1.3293013962254259,-1.524026532704776,-3.791718621867253,-0.8960798304082576,-1.0921312005116781,-0.8579952628330548,-0.9364919004921357,0.7193325457372298,1.2365333089817774,2.0751974311746153,1.2951079248008004,1.5825351254672675,1.8399634887341993,1.3764207354504634,1.1897335480036377,1.408694617426371,1.4841272875326317,1.3086877532133316,1.4019221348085256,1.7153473800827428,1.5654251867307636,1.7411276730447518,4.236291818714909
-6.42495447867936,-6.5748121421585015,-6.937120051927837,-7.464584147958238,-7.699789947089038,-8.019345321464066,-8.419939219545954,-8.710124965387296,-8.697984305446074,-3.076258250078296,-1.624559911085814,-2.2968866296769077,-3.1396599648462606,-2.28155307425454,-1.6897720635325868,-0.34325275742148204,-0.34064095064332817,0.5145618390774129,-0.18035598170917896,1.5317956667389576,2.85454111191061,0.9117750686902759,0.9797410482135189,1.635456077813087,1.6393740780803066,1.6759769302792786,1.647895859887645,1.8328841440412056,1.5470408661741586,2.390422231963057,2.044545840160829,2.0448482297029447,4.687324514836799,5.5965227831426025
-7.5469123613326135,-7.856640542813099,-8.108200530504233,-8.366749837815252,-8.77156405647734,-9.099984614171662,-9.115244077284487,-7.34744254331775,-1.34273835366445,-3.3094338369299954,-1.7779071161880105,-0.2118450310702866,-4.636592303553014,-2.0563070175434675,-0.4509714110154029,-1.4299825962252461,-0.2957720949408601,0.9122837526094381,1.8417394625756107,0.7775739208975438,0.9744674505219112,1.0675049909312333,1.4317513050521034,1.3471136122547136,1.8621188184256954,1.941417182044633,1.6338067108968832,1.9181829335338287,2.2091110087872994,2.0875841024579946,2.3444283641962516,5.23345048805793,4.856384899460414,5.4566052851325715
-8.617334714015996,-8.582730330327525,-8.784747487928689,-9.041026245027197,-9.234027887201464,-9.215767345863883,-5.244798879389428,-2.4025688855049783,-4.618628510714274,0.5941323629372226,-3.002067168530418,1.1478077786486394,-1.067261034853185,-1.6786128613028504,-0.9184750799049237,-0.6265137557186012,-0.5743973017256264,1.1636118097156305,0.034974432240616346,0.47888043928619123,0.749645843383316,1.2224624799816766,1.4157660173345212,1.5043887558274307,1.6298066332049268,1.242930996900215,2.589245326655202,2.182329179276969,2.1231648979129774,3.0600365181888387,2.229591163795303,4.404806487095343,4.717600042831018,5.294646466966768
-8.658227510544442,-8.959318148984673,-9.215576267109107,-9.521418788617828,-9.088395130296712,-1.8317851497955553,-2.5433972029959104,0.7182373653113212,1.113268418233551,-1.7376707625810335,-0.026638173279673976,-0.35680408018747234,-1.247329975773079,-2.226363390553203,0.18819623484941286,0.15036456129838596,0.5504184030084606,-0.397104778741744,0.1948392656654634,1.4844777791273371,0.5540139620328814,0.5179420222240554,1.3637166585432223,0.6852893101381864,0.7547252779087549,1.6615567921261072,1.613806711280048,1.7195288129729582,1.978259928188231,2.2356087128154263,4.563868966556964,4.041260024274052,4.147541981721108,4.157569360892821
-8.696078552956276,-9.006960297772551,-9.097651693836411,-8.427909038723717,-3.6329923592613387,0.1923411763941613,0.564544213893111,0.11950168365370202,0.9518168186649375,1.8169790981182437,-0.11171365797926358,-0.3865460432514577,0.14390270925331342,-4.074775795265552,-1.900189366579316,-0.24773912964495137,0.4358986539302388,-0.09280844003507761,0.5804200113796486,0.15874493876285203,0.6890667722544833,0.8955347640435194,1.2137881907527528,0.019861978774186325,1.0037899164556676,1.7249869407285263,1.7461232090111456,1.5266133974809801,1.4392258797929052,2.0329037379196193,3.496248427993691,3.3015762517405025,3.388292124693283,3.32449664764902
-7.949353978812024,-8.416906512881475,-7.959320467579344,-5.041017555722933,-3.3721313824878214,-3.3999237919843774,-1.5544986718566225,-0.202307669710146,0.10497506539472173,-0.4916280665317119,-0.9238874131812443,-0.2653198005251525,-0.2804076072918483,0.9563725351309555,-3.2347988075338163,0.6205187699943376,-0.39538457433783386,-1.970919059818788,0.025749579806519252,0.589445810196349,1.011623121022979,-0.29686845779160526,0.228218078679508,0.6682539319049483,0.47109591727531475,0.9834936060276559,1.5014782419764965,1.3118016671748118,1.9171747714208407,2.084639788192892,2.5530768480961052,3.0000269625482074,2.836479267763297,3.5404503850560674
-7.162477706104708,-7.14320013226167,-5.484497564834647,-2.248641317567434,-0.2784108149709874,-0.264437494713906,-0.11000968028938252,1.6676350021189237,-0.38219756609983035,0.32987214636507284,0.30517675284254653,-0.212016342664803,-0.1423121531230392,-0.8972897579018848,-0.6240879062278037,-2.749217620011036,0.08625847657017494,-0.17140129959062736,-0.841301764373082,0.3482906243817196,0.26320292506582815,0.6925910266113777,-0.06547730830861702,0.4842462065798453,0.20805423443540183,0.8853562874924649,0.48053699737146427,1.5065956543559962,0.6794741557223972,2.2763303974802755,2.6690497641041246,2.9033845342754003,3.2758352782541738,2.8846423369246446
-5.832098564038985,-5.136140834904411,-3.8306443832757604,-1.1102895827169836,0.4898041399135085,0.03162958230780078,-1.9141817337885454,-0.5238816638153763,0.09415061684904513,0.15062890835383466,0.032296743216262185,-0.15113369495661436,-1.623969817312715,-1.932765188420803,0.4968350623277113,-3.2279771248512446,-0.3058839965372757,0.7287870274197602,0.22052167066023107,-0.20372327191918704,-0.2554191987993006,0.9520764247503304,0.6092428352448678,0.018508640918395082,-0.5550320748550726,0.17174754408383583,0.9788133390892138,1.7882840472900872,0.7901978574888363,2.322607686897904,2.3761102540849945,2.468339643303202,4.038955473135149,3.344092468258367
-4.7384561307499,-3.801227215322568,-2.890647846598191,-1.4436392895260608,0.42696808772289807,0.357920594972603,-1.5420112726155877,-0.226767774046331,-0.8121836531077072,0.27023500126715444,1.0536447578617336,-1.3867440344306663,-0.7441468266870198,0.42102761204917644,0.5222209491473281,1.0615190008845001,-1.4824202652917071,-0.23071105926744603,-0.8849978801529452,-1.3961102824575216,-0.66898389931868,0.5025218152998587,-0.08862872807201755,1.016925617449376,-0.49499136616902345,-0.33226046425980943,0.06356057008381487,0.45583556175049267,0.6961663831269675,2.1399534436325567,1.8981471863679171,1.9430145590345536,3.0344155043527787,3.1699805705021884
-3.3305540447070623,-1.8232702546325252,-1.4437474184150458,-1.3417142736911,-0.49235428107495105,0.35066136479127474,-1.430715427271854,0.35093907303684796,-2.3597608585910375,-0.9693113225657034,-0.7830783892294944,-1.2753751253497403,-0.060573881426509706,-0.8741978934267777,-0.4743839043231351,-1.4201437182629075,-0.006304527138428584,-0.2058193482831537,-0.7585804184028092,-1.02201467442858,-1.071142901150155,0.8512555365057997,0.5321750999514666,-0.787126497593852,0.5654079251925693,-0.31100333642488664,0.8603436453907624,0.501967900484339,0.39770245459347214,1.4636831356850117,2.3428495870370383,1.9617351871213897,2.444773575775733,3.1954601719600295
-1.907772582238721,0.619578348589145,2.526259222262381,1.0323746540836198,-0.25430738659182445,0.6029387042333194,0.26730308899221616,0.3804348951054032,-0.5671719892594044,-1.365908026593141,-1.874819710952402,0.1329416363175217,0.13767499969185587,-1.2525174899524087,1.5772155869606657,-1.8664036626814968,-0.36521280238380277,-0.07163909182801283,0.6791968673885498,-0.37305111985172623,-0.33939632285952864,-1.3366089611134329,-0.7682348206355203,-0.4125459149958864,0.2722596676172015,0.4115761761531576,0.7646896829089656,0.39631109142793547,0.43653165952043016,0.7950156252674832,0.8467593863405587,1.5196302125578223,2.2637625423365146,3.0080150064826072
0.25034511013374905,1.4753508099972266,1.604910146675336,1.1006426172317847,0.3514467986486572,0.17906601258649824,0.07042235912785487,-1.837320492917386,-1.267420374903134,-0.48735816288640615,-0.9123789917095648,0.23881335223762523,0.3760879746602801,-2.510069112240683,-0.7050685048041212,-0.08173299800023685,-0.9394786516589376,-0.23287061695989528,0.08610829692146704,0.3197516144305634,-0.6737478841144003,0.08679827852747489,-0.5768997122689344,0.25336333231288566,0.13678982982483773,0.43914498770154514,0.5895899080850822,0.5739518661343478,0.600566953127221,0.6943363730924381,0.5457857054036657,0.2700024990647851,2.078127290821819,1.6346716471725695
1.1742242464798385,2.20613794105981,2.4513871692353897,2.508990490947685,0.6306324183945505,0.79315494605137,0.7479446431565253,0.2350344729341401,-3.5525556672763337,-0.8205040853353757,-1.2504046164778286,-0.5880428966836808,-0.803329132073946,-0.07160254948798096,-0.08415381589941277,-0.8929908624808945,-0.3876373898324925,0.571135309395192,-0.012404133100831957,0.2918997672323031,0.012088469477334617,-0.006111712708846531,0.04519107555659645,0.25685780226130567,-0.023489071760948135,0.23345222094569465,0.43146046412038624,0.3168395822092063,-0.12501133999384312,0.440604415058607,0.5461829711690371,0.08781948071970985,1.2007333838187346,2.539978612263774
-0.03274427487384317,1.125951890846771,1.4729815622595177,1.6883430429704909,1.20008480726325,0.4303144510965001,0.0232463863010129,-1.1897097563872943,-2.9948693159901243,0.4361361931658833,0.17593387029534632,0.6350419812254654,-0.4760658955338816,0.7839378137947184,1.543202562345696,0.056970146686969966,-0.3914023594341389,0.13992474294480187,0.2611439579562169,0.4663081647728253,0.10985049037559827,0.09157080084234764,-0.1076405781273923,-0.06857986442913332,0.08510833103020331,-0.09671082218653956,0.0036765865550969445,0.48028964047998685,-0.09239150071454783,0.03973351753783447,-0.06751184992984974,-0.25707982415342123,0.032232222147182084,2.3728289443546573
-1.5641839934736237,0.011776724618859376,0.9362708289238723,1.1473213154670798,1.0023350474433748,0.7384077770978077,0.30795365945750913,-0.8346480613601577,-1.5814533384707106,-5.653993444014598,0.08753392240752585,-1.1504592447912305,0.1741861592793013,-0.6356350269113638,-0.317583509735399,0.5066601562053699,0.021723352260661532,0.19402432690608037,0.40113299246004464,0.4788298123634544,0.6093844175546623,0.10890017266332243,-0.6681831903711916,-0.3937082361520861,0.04459750954480171,-0.4988865589137477,0.6114556271415158,0.8606786278579087,0.4484403112950093,-0.09418268373469242,0.14393667162917093,-0.1941931617739633,0.864517544524141,1.7854934290525701
-2.546566983577851,-1.5712647494950942,0.013183870078351678,-0.06788731539321713,0.23889089272598737,0.8442017578959267,-0.12855834075297018,-3.073671960337131,-2.460045412872819,0.7636220817833362,-0.47728456053686014,0.15599002998738004,0.040432044530155524,-0.5378986963195772,-0.971369426839498,0.24159539136832928,0.21669729285110462,0.3142381345625224,0.4274847441230747,0.6643275825004497,-0.09755787804342464,0.08685645369377225,-0.18685001494085524,0.30743103075727185,-0.3143462025167563,0.5535668606509688,0.6921734328765363,0.6810684925759921,0.566399693458668,-0.022077955544649946,-0.9347384390605741,-0.36668974535609444,1.6683932977172788,2.698236273938494
