script/wind10m.json
{"header": {"parameterCategory": 2, "parameterNumber": 2, "lo1": 3.000054539987559, "la1": 64.9999836372058, "dx": 0.5, "dy": 0.25, "nx": 34, "ny": 52, "refTime": "2024-12-01T22:00:00.000Z"}, "data":
[rows 0 to 23 of 52, columns 0 to 33 of 34]
0.7299167564267742,-0.5891850758397844,0.07732883100138747,0.1019622112363336,0.8944563468992683,1.2620520364245131,1.7400121771060773,3.042073644327303,5.622894631844942,12.747319630790173,14.538906575139626,13.992495848955173,13.57408726853428,13.994524818235936,13.65978326309897,11.896771044854002,9.522192567142685,9.223077328392176,4.624950064597645,2.8034542872731327,5.638601038768943,2.9390831020954833,3.9122366415600376,5.090268111067895,4.22649091056677,0.7783409613994468,1.292886416060399,0.9305088334860372,1.503426884014261,1.8369287458100116,1.3573978069521353,-0.7381346772172145,0.1993725997426259,2.0218083383950716
0.2504880047486497,0.38806454363717124,1.2890661051218935,1.3854756080306763,1.8438905883332048,1.9255342117624576,2.748008090615745,5.158328268052194,12.555393801218528,13.888414133175685,13.533624605846859,13.984029750459976,14.413500505029448,13.445572991313384,11.80180525491461,11.249978218629257,9.19370399918374,7.188954121657609,3.567280520979963,8.729939814966198,3.355109148853346,4.94937782384593,1.0967504855807382,5.672393399988489,0.6447178501399278,-0.9890921825236962,3.4589369615305277,0.00874117889422127,0.7361280207462844,4.440549981912563,1.845619681296847,0.14379395938696754,1.088307690361429,2.419143554677846
0.7822862654003234,2.0885231389701144,2.9955781638025676,2.8575663643570715,2.4945108094171298,2.480354069508841,4.908540578825208,11.929061575375867,13.753552656663675,13.217664498332146,13.74557824906777,15.322034151099931,14.352445731265307,10.257755385625199,9.04044000752163,8.75080810257862,5.70061250605044,0.33043433968994596,3.2432551801780716,1.6937255673184735,4.785085036839746,1.8094777729620002,4.513175242712881,0.6973844245643074,1.4497209215597813,-1.398651937941112,-0.10782406868453225,1.8441711563543648,0.7771166552160792,1.446281542810568,3.636701973243125,-0.21212800000062476,0.22562507640201346,0.9820489246614514
1.781975225167447,2.6318198166595113,2.8568489422960703,3.1685597309171896,3.0795291619676544,4.866574106457268,12.135590793823578,13.926023055031882,13.247527135826726,13.54318524729889,15.532134171125984,13.801103702207302,12.17287460208905,9.292388203197737,7.5646460574412515,7.712144047555289,1.5657045471450763,2.1472955957953905,3.925230537807019,1.114901369758807,2.6966547750401313,4.8031300090801645,0.2790899767339521,3.665349586141352,-0.26499865533574385,0.8338694883712752,3.2355458526573426,1.1408715242971401,0.6484518122917494,1.050234431101019,1.374238799612333,3.2945812706772104,0.5698282403262167,-0.7781376163316334
3.06518548223426,2.945445267387047,3.002234118690267,3.1139608850163274,4.663475071412066,8.968718425490032,12.941745469105223,13.249299610120804,14.87612788241023,14.768873297899626,13.412776396999275,13.885770189389106,11.012756309670149,8.842881733959208,3.6072205725778086,2.8106228591634905,3.5446662933891475,1.5777004986223528,2.893963876761399,6.680066516884708,3.3408825473482944,8.220945615926126,-1.7356716780233854,0.8591221572047417,3.3233035846627144,1.5035914284647534,0.8243177075927502,-0.919930236201443,2.7850846068004103,2.059562099460437,2.0882282525681117,1.416595377104127,1.231082556115752,-0.4085204926178771
2.5310018905042804,3.0281426116856323,3.1119885696016527,4.116525910926955,7.1908276335818915,10.33269550020692,12.694781268732722,14.106136218007443,14.772171262652357,13.541648678767435,12.475046541022245,12.738712659670673,10.982526772523018,6.863722540218036,2.3380043330427345,2.504027259357526,2.284017150357754,1.9351155075762465,3.9774563048550395,2.6325776864621213,0.8893566839170289,3.7036592793501644,2.5857036719974515,0.6538463367672201,1.9895957395833208,3.498920594165799,2.3029767936061356,1.9553081678685276,0.6992041368892619,1.034891278278172,1.2970114839922473,-1.7963849853421485,-0.8108790209347557,-0.013610556369718387
2.901648358171798,2.6967888377987728,3.6134584920071564,5.995958796235214,9.303746996546721,12.535171824049646,12.023314807485253,14.338227226699619,12.26875079979194,11.47996919006542,10.83403955843504,9.859561701827573,8.220155923850784,4.0713951055208435,-1.829177385578365,2.9915300748228857,0.5594309275900184,2.3304323751539155,5.700113079787524,3.7715187498387444,4.266235256650843,2.508875933496577,-1.0840219269746831,0.18592150544376848,2.120903772677891,1.592556084350013,3.254471235675983,0.2504393923622184,0.9622465488785883,2.7090105952253114,1.1242181284163817,0.36924594973497227,0.706351880086242,3.0532989850020744
2.71677587436556,3.2164550723641483,5.298150377330632,7.7637212019184405,12.039129499050652,11.253345644130718,13.879933420066141,10.42403081344752,11.659181231187139,12.455079523607,9.859806691581122,0.42306386508036575,3.8698486344697764,6.618386900868771,-0.7171483851919699,1.8333532392502052,0.32828178769617133,2.7020692839112614,5.631435852249065,4.854482817630752,3.3636110242258175,3.6006686353466,-1.6823595687092068,1.3673154092389341,1.5308358501167236,1.8591756659636554,1.0561914517746507,3.374945362399368,2.6662822202507694,2.7887066453055804,3.324822460724013,0.30758924593465925,2.1481312441491918,5.334857885248993
2.6040704806907775,4.070196139486711,6.48249221355646,11.236371675621093,10.727957259514742,13.899656477796345,9.395168307130401,10.437947952327718,8.250937589774695,3.7398422401030227,2.5560019918592825,1.1640999230852032,4.147206151443354,3.562336684506978,3.5882101632259844,0.7844995296989865,2.5911807261335746,5.617925966738351,1.581591097259143,5.665548762570405,9.378938493432535,5.334907241979026,3.7597729864670186,0.7054844691382248,1.2565862005710795,1.709857412676654,3.0494297824999546,2.544178848871367,3.835216596471283,3.761250439697476,2.096116483048802,-0.7381912134618219,4.027521910968465,5.489203696220567
3.064952725222903,5.274879469625724,7.253556760721703,10.164664049341239,12.927016486744062,11.400182799248423,7.897565639570438,6.059234737074171,2.1866483423629366,3.5572651109377555,-1.574186964476545,0.27008270848411453,6.908482269543372,3.513261796420633,-0.8676750284166255,4.213523723928023,3.7507702282937063,1.9222738201486218,4.443342071226966,4.0547540914749,7.404613968442995,3.4076371254408735,3.114695853105776,1.6551820695048711,1.341009063234997,1.648416528350571,2.8356743633511012,2.41271487358185,3.217991823995972,2.667874648699016,2.568069365377381,6.16635966293034,5.953009541705002,6.319639291974891
3.9252512866079923,6.073179491569927,8.674009879228736,11.455295354848202,11.462776253306233,8.02257630770252,4.239718316175279,1.298604019321159,5.537003717705564,-0.991675953983699,2.803792706479498,-1.7711901401283012,4.71344341006788,8.772259915217717,6.93095023189909,-1.0082352979226226,3.4510918277416573,0.9519002151773296,4.624051593740312,4.154984383278233,4.221365660754016,2.306535622838573,6.108084256347731,0.903074359915238,1.0071444106749272,1.686183260917919,2.011833777171413,2.5034707534163716,2.2385420044730067,3.2821717441105625,4.42873662386039,5.900821948011865,6.913240023738671,6.396832076647016
4.768948329766631,7.01854041570487,9.792373393544043,11.05177783387722,6.892980862475591,3.155488347575516,-1.1193293707143,-0.36711747604780465,-1.614652666230557,4.4213187812757155,5.963774027558183,4.28910773598216,-1.515311632395878,7.163958515024418,6.8977066762189185,-0.08002095073456399,1.0527132459203823,5.313112025379616,5.126994203406457,4.347763646444072,5.244492394030339,2.8295922890905216,0.311486354762161,4.247929422897978,0.9862529034230414,1.6002927674531107,1.9829111613377262,2.321058927811575,2.1229495744809004,2.555759546946629,4.983657002959791,6.498882875275324,6.170699256333122,6.264749962703645
5.759429375301975,9.732020355077927,10.185905435061564,10.362482324707068,5.619348316602956,2.155057835342038,0.31063560818905234,1.6312433474565544,1.0613229651052665,6.789200738725755,5.559827308262277,3.9490101282726755,1.252800292652301,3.512653586844781,2.604344949044304,6.041263888719775,0.45390286754506487,4.355639414556984,3.8674029406751202,2.788584098921759,3.0548848232199464,4.814573787483801,4.359899148056469,1.3951026596246803,2.111298573091018,2.2397393752685377,2.2107564586576873,2.216516249924367,1.5460985429438263,1.4387089838854252,5.470150176805084,6.273556808594439,6.1346088096594125,6.550607181178109
9.225929043632705,10.712179918195268,11.411609492373673,8.798487268621765,5.672200798541819,5.338159352878508,8.338513719169258,-1.2376946898715997,4.331156427886584,6.74269740274743,8.370980092594325,4.096779773147471,-1.5821335805309782,-1.2292928970813117,2.7839026076320397,4.181495521342179,3.114414955690934,3.84049860988159,4.468673181156201,3.053566859364459,0.7255185350110929,5.530449036398038,3.759102306038932,3.6785177993848994,2.1791073907726406,3.2510508422881745,2.383543367350648,3.4405577329671724,2.113020687455227,3.0521532809117105,5.045765678371056,5.928824570151803,5.632491398715524,6.350124508123181
9.999514513461946,10.1391910070732,9.998207755478237,5.9664436132813226,5.081606608208044,2.2702815260419684,-0.081121354621307,4.415547639080829,1.3889905333060135,6.000400924786203,0.22391006294937787,4.182653581028649,6.812439393331249,2.6320954193261237,2.4831864780743578,5.20002888304357,-0.920888025982887,2.359616455735716,1.9803498458558757,1.2635148450216107,1.867200771051808,1.3798403592449762,2.679362289444947,3.5950858521768905,1.4399040766426412,3.0229315502237974,2.2676802702517476,2.8801986176620686,1.4080926594380274,2.6347388651253825,5.318128854592723,5.949747508263788,5.208103900056277,5.22009435195959
9.715296906702672,9.92352142289553,9.725581846267353,5.6381041528871,3.1624981931964133,1.7330301768838112,2.1215163834072266,0.6165516052332117,-0.9440795116518395,3.4884589596613873,4.125144664873942,5.544684891014261,-1.3245732588580623,4.450906241229876,-1.3714609093644907,1.625564182602743,4.158315985013893,0.7932159234502316,0.8362133415678857,0.9377115913977008,5.342276475718192,3.377671014502785,0.5833297100816421,1.8219262715543727,2.3499911815972268,1.8657474348551444,3.327969577017449,2.7441810880704827,2.6565204049275324,1.8262392814397599,5.206790972169903,5.218756900481981,4.130278040138785,5.140249847260232
9.386689856273724,7.855569499706059,5.814188561492168,5.8110903945002335,2.0754147409211794,2.013456373296728,2.5054160676584356,1.9920422978828571,-2.1713663409203647,3.14742598160335,5.9541392801462605,6.959925817397907,1.7625195467797272,0.26784508356771797,-0.4155351191154703,-3.024755440152299,0.4640034751732364,0.7164279352435882,2.17479056322801,2.0695023140516433,2.2783765636087803,4.850625333571796,1.4844345825325809,0.8606193197608688,2.5666964748724075,2.360779535463364,3.123272140910061,3.357601504871374,2.952292631998947,3.2768976821742237,4.840376019445691,3.6616305974399315,2.387687892670444,4.907590901866062
8.467074525266717,5.277244220366858,5.182421590158087,5.205872392883264,2.5501383134221074,1.4487007741236866,2.295627748627547,0.2184190855895366,8.193029092261169,10.10246346860612,1.5792764463658036,1.570520008897918,0.050925897670928616,0.11219183214772505,0.864991699008442,2.7291796939064024,-3.6174108745837086,1.0953350694405404,1.0260914779548718,1.8990701509505772,2.260101599356676,1.3669119922288264,1.3636150715475361,2.749895629651978,1.152918388963434,2.5838867700708117,3.0460074805734734,2.7487255690679984,2.2726741016555723,4.114175636789989,4.5326430985491575,4.468163315029776,2.1640040126803712,2.491864380717802
7.081416733633403,5.027851070063392,4.981702355662398,4.373479419394664,1.8929110277725087,0.41904105714798584,4.234545343203741,3.028696297455112,1.1232043299180934,4.839976869622979,4.5132661998033905,0.4789535032224984,2.7412187503491006,0.5623805069052104,-1.7315638217835685,1.8152791508374793,0.42730248857367237,0.459434157707027,-0.022107014015215108,1.4300331992071078,1.5562956083392,2.5720004163251633,1.9109946639438218,1.7855307959286386,1.915493844208753,2.3260908573415695,3.0048486184098846,2.49794957108927,2.1408417966809794,2.670801607245594,2.683227515206063,4.025004909181117,1.1454038860548008,1.7199216889447881
5.076666513820247,4.300660785444275,4.1532868132046685,3.1947726476629024,2.210055072339284,1.444978571012186,-0.2947969101620742,5.832218125665387,6.799698925828084,5.3561511593132805,5.189229522871048,4.116561065673605,-0.07468313118981548,6.445117996890463,-0.631646564289144,0.627572155319805,1.5176753466098076,1.4015795029386005,0.8872819465602988,1.1471977416419576,1.8299715102591334,0.3950264015036278,2.127149197199667,1.8248261939542474,1.1037553445193202,2.4462861024853555,1.7548077657259433,2.006240742436698,1.5420557858430302,1.687060286336427,2.0618688156467266,1.740871599045181,1.9017896519300659,0.746576813210387
4.304636852577366,3.585947124463638,3.117388603797111,4.496058069105516,4.617674026451589,-0.37764100345254564,-1.9277273955953118,0.4440619095563631,5.37400482240177,2.402003245739556,1.3449359600587365,3.737558974990794,3.0768126372469333,0.5123203566597007,1.5758952405508375,0.3930679341523668,1.9144403833078567,1.1840044035051351,1.3951479680030539,1.368807284256644,0.7751239905435228,0.16583850639259534,1.3557053170842186,1.5795004045398353,2.3054625474920005,2.627781459408909,2.201633915800108,1.5291789811275576,1.5315477314076218,1.187972679498164,2.5152547025762573,1.1564006219154952,1.9284406613202063,3.8119246437714236
3.2934911989247917,3.4343579777101785,3.4002819244089957,4.793079069529849,4.647535129173602,1.6812599609073746,-1.3841537180555812,0.6380160468095667,3.9652246388839374,-0.5002406978828751,1.895644198254794,3.357582489425412,-0.24739925814080502,0.20171742107790105,-0.48772394185237616,0.5767622802878342,1.5466045037855927,1.5013609562018728,1.6883164436265221,0.8408540362954283,0.45481125570969694,-0.03567605721373098,1.826336130575135,1.7168990940580846,2.0000014459796613,1.2587290366123303,1.4498397087366839,2.2117804845670594,1.7185437831760582,0.8451103606511687,1.9003917716506527,1.5586963869942374,1.1865024683257535,4.849234506020739
3.5089522232737633,3.2226919243725933,3.571922608134849,4.393245382417669,4.21447493503521,-0.47472256457806083,-0.5712334264458935,2.589029473209643,5.374187991508228,4.864731347216124,-0.7143130650692662,-0.48309881078057093,0.8396392920317871,0.9787949285141272,1.2191811107922186,1.650970622764119,1.508674252408616,1.587161983816949,1.8466354319265776,1.3508985950077668,0.050198136015750565,0.6741311937020251,1.7255339259661622,1.8658029617588547,1.915688782724622,0.8690200225184295,1.5818012550885938,2.1902329060547787,1.3972106420745265,0.6893039869795297,1.2028003345463936,2.0580225897260744,2.793269912455994,5.551804922052065
3.0475135988508657,3.8562380398981086,4.359206778325463,4.65262460998176,3.7952407723626527,1.2615871210171052,0.5385428310834105,-0.4886716853175466,2.837319383265667,-1.7799028566231048,1.023893206899471,0.08630380806049902,-0.29234147285072604,-0.03145077043853068,1.863088285497463,2.364065088496709,1.0413314691920914,1.7095680968018667,0.8708098398953668,0.8035590664589023,0.9632627239693843,2.292115431724063,0.5800469308977211,1.019857582444298,0.803343400642518,0.8288660464741477,0.6241148608139122,1.1987627272620958,1.1502162134219944,0.3782121705796232,0.757253866686633,1.8005994036003006,5.58053530495033,5.318487710994127
