script/wind150m.json
{"header": {"parameterCategory": 2, "parameterNumber": 2, "lo1": 3.000054539987559, "la1": 64.9999836372058, "dx": 0.5, "dy": 0.25, "nx": 34, "ny": 52, "refTime": "2026-05-02T21:00:00.000Z"}, "data":
[rows 0 to 24 of 52, columns 0 to 33 of 34]
6.832689277167987,6.674084401948304,6.517129848875703,6.590803392500858,7.110825007689893,7.320582154173244,7.332022205685324,7.677361322733545,5.4710780689085405,7.561494222107132,6.067874577803741,6.976292644318688,6.899977643650272,7.600092750126936,8.060133673401955,7.964525002892143,7.7109613658214515,7.642135032241748,5.134070404433464,5.9383932924741,13.399049839775564,12.718476849577932,11.398973877933724,12.235619152852061,12.457038153647687,8.474718672078854,4.116309894200185,8.730941702549707,8.110072901171861,7.564886816758354,8.363594386199948,8.820084503629417,7.931868554189578,9.105896853200838
6.145138877720868,6.2755547239890825,6.15823028871915,6.143907646247991,6.554853555240075,7.033373959003717,7.4634492985791265,6.764396827430235,6.692285347280231,6.020316802884347,6.850814569688673,6.1038745916425725,6.290137996735488,6.94970704446957,7.372055070108838,7.840693774304595,7.396029646170735,6.184894362078787,8.118322557617478,13.044038972826806,6.218642771748456,10.252423647264372,7.749371952639767,13.275986850618263,9.000019603060226,7.572756496675102,9.078829963246863,6.728667664419788,8.715869401932778,10.051188416669982,8.086385792919854,8.362712240596585,8.364878584681232,8.949566920649064
5.663205745817676,5.633852323929557,5.52254001499177,5.532928044708861,6.013973070042753,6.379386966943507,6.678475359912939,5.102452967534195,8.177432777764382,7.239793828357087,6.330198872846249,6.355924729921826,6.09744871262316,6.1521812083346195,6.397632606076249,7.5662444873321295,8.352997525245987,7.274228872684714,5.646361851418117,8.284791167205587,11.495325546077442,9.539926519704883,9.618525720227586,13.408756041186994,9.621452142924362,7.067314572055325,6.6913126226560395,7.232755907537713,7.602699279177882,8.547303847285221,8.76870640161111,8.710599751136062,8.604070605473959,7.546515958011408
5.058430967700376,5.065100800983159,4.800671990581162,4.888659791832596,5.124379448138314,5.490492995369913,5.963103872325794,5.675830796176507,6.706232684558773,7.112965906462116,6.214572301199803,7.01674723463006,5.744837605917029,4.962400990076139,5.430272449706362,8.007674264052135,6.276347478777278,8.369234601869792,10.993909090522934,7.8753046563692255,11.088404955420355,12.547333179404067,11.996064432281775,11.304578525052396,7.764108208359823,7.181438412629396,10.051706522478721,6.753318017390026,6.992880605279392,7.63754132835621,7.307922871281047,6.526785742886,7.256199489582974,7.70189238332327
4.411647027793883,4.481186907250063,4.200781962217432,4.3308631431017295,4.510594530063855,4.6892942114555485,5.049844763286398,5.767794077351139,5.861357619132593,6.222942763548343,6.471313778492969,7.631142461420968,5.985906419322337,6.030065925542967,6.400641408698355,6.35357860221014,8.345556618445341,7.277068882893493,9.139565687643595,13.155535389418054,9.71961442825651,15.371898755431213,7.540790472157992,8.231136334785234,8.841440448840034,7.205246372548213,7.836181993774415,6.518265914686496,5.976587518664422,6.610299292332611,7.584447606791847,8.078318161195336,5.561887049887887,6.378512905017504
3.9142271601647014,3.8520181423179007,3.463830418846748,3.6301608294483367,3.9486332225352134,3.9710388502508667,4.080137694058015,4.112168955371225,4.789901553805176,6.144608087815308,6.291473126776707,5.156180655414894,7.126533804882946,8.718054983524363,7.608151271787983,6.256685247619911,5.387078054348551,8.400514870800718,10.349184639132256,8.395756683982212,9.646372310603043,10.75278459385269,9.972482162710726,9.089707289676406,7.909185364397963,6.018937396693062,7.73027413265915,7.899346686819139,5.064805968336326,7.288894556075542,4.559674303753508,5.606996457455823,5.796321345000384,6.776666909464575
3.0054944343933054,2.7154382550076024,2.7053435264738552,2.6886289496848126,3.063220703887727,3.873722046038658,3.3151161958752478,3.705209524418275,4.821336391321267,5.760924677375632,5.607009363938526,4.939110099564702,5.059664187735305,7.03762881650175,4.982937800036288,6.286283429882182,5.661438883174553,6.359488948892768,9.73386368735397,8.042791322914265,7.255045128983424,8.578853084170667,7.865944237463015,7.212445522896033,7.011379798935456,5.472424854808331,6.675093898347639,6.304312176506363,6.042352460721666,5.0720487782482655,7.223795542208801,6.878737496043496,5.813428420285765,6.692281851281954
1.8042469700850183,1.6926768731021955,1.6383165242284017,1.9827969822920872,2.4542799997309444,2.4184753883297723,2.8758315895160447,3.577507316599214,4.085822845326607,4.270291898760977,3.534859789569363,3.3133874841694193,3.7624192191232155,6.125396218247256,3.340208617954213,4.225464933734878,3.561741551626636,6.162634657489424,8.266865748222726,6.684146209977765,8.694152090604101,8.437727877846761,6.550602305424758,5.75447044880157,5.726878547641419,6.578111429573665,5.297514642009318,6.413052820327413,6.043030436662985,7.610943784573433,7.538884922369387,6.728669553665591,7.10941922562991,8.178684456811093
0.8304852867578821,0.750925653659161,0.8802764744736549,0.7658502138813706,1.5247692866043463,1.421186669831253,2.156430746859863,2.7608742248404647,2.3801249589939673,2.6051873159192014,1.463890407694205,2.6468845218050756,4.216244113785516,3.3221426468390187,3.851053869892868,3.6776448140474622,4.509161367192489,6.182921709027671,3.269484469239622,7.2662778284737275,6.657526417281587,5.580715502487285,4.573081993725901,5.655773451823438,6.193423299754447,5.22670238778616,6.820214872381939,7.467895124450482,7.237916706391343,7.766563456279183,6.932431683362684,7.433971175301283,8.017303948156757,8.953728152028239
0.07743997210059425,-0.11146102484443716,-0.15360123256132116,0.24779824775028864,0.4307633184763293,0.8725739151630998,1.1836848845452603,1.4422799911857112,0.8935437386884741,0.014475253151715009,1.3491654169970646,1.0976167948376683,4.6842959576634025,5.308304976552647,1.660369039168205,1.9772262789957056,5.314578693100586,3.799361762578006,6.095451564005874,6.6144087883567435,4.448449606055436,4.5858460852887,4.305761675200803,3.853266394391757,4.532287539350688,5.4003721984659006,6.765932389404193,6.628330703092225,7.411861896718516,5.823821405582832,5.35909476802423,7.074453471905976,7.984510400601519,7.81167010247742
-0.7989094930369026,-0.9478512073822108,-0.8083671513953783,-0.7333082692572348,-0.3197974910632877,0.11853734249203687,-0.8376353583996459,0.3110299101391579,1.1468012175288889,2.6427669401490737,2.4440639084304148,1.5848045556548254,2.149049085612904,5.251398456801242,4.0192273635268885,3.7892692283805727,2.8110157105335096,4.1632955785582055,6.207712142828232,3.7096100582322196,4.104478385466336,3.4978000778180323,3.960991717640102,3.0458512483335918,3.581400809404238,4.066544508485052,6.107328451007758,6.344242409870262,6.978226917578976,5.657243340005064,5.554879679802314,6.631482118916285,8.155659363273166,6.478015501723015
-1.5118156624096855,-1.6300243737069282,-1.282878258523849,-1.624186612778256,-1.292617705835221,-1.8585597040972321,-3.799673366859901,-0.483210597400639,0.5939717856739145,-1.3804052106287181,2.14394559193507,4.152492506833298,1.8086254540842877,2.6239025886521654,2.562108191129103,-0.21376470699700534,2.16983665137002,2.9667693070007015,1.4743054932830157,4.6842674622750495,2.975802844260034,2.7566623198903444,1.9274833014929866,2.7100288078387647,1.5171659368445076,3.3674630632038913,3.9462841627799126,5.568978200055479,6.134477947632462,6.621552012288642,7.345719538366427,6.448535278947253,6.542302180770245,6.3800967350894044
-2.1693246646188507,-1.8968687225510443,-1.7453723153523983,-2.220190809012515,-3.624988233771158,-2.069536953732205,1.651337464946516,1.714971363497843,0.5282622350129479,1.7514398263795612,4.4267102054106156,1.1932254246943168,5.248693101138619,2.930160730399334,-2.228534170163197,-0.35427286991509616,1.0803612811312702,1.4755182296836415,2.0209297158359494,0.4662257655141328,1.4937504117805604,1.1152976767812375,3.189389443633865,0.7345132110927429,0.35219546599375795,2.7400619188714,1.772179696143457,3.792126846117203,4.716519826665861,3.424144686408808,7.63303190613737,6.294566833249193,5.22482637403402,4.8572717222216175
-2.270352959644555,-2.2227003323513617,-2.400103809644445,-2.9428714667183797,-5.140711891777358,-3.2537855318381617,-2.374450733699369,0.07539524927508703,-0.8834863010965134,0.32615060237651866,-0.833508409908208,1.1978039528850009,3.06191482399947,3.487170184199068,-1.7735562293491103,1.1594487504835702,-0.7375387276878898,-1.0794715039503555,-0.36566735735303685,2.167318639649786,3.8289500994318013,-0.43815957801600225,1.473529095299242,1.814743608555886,-0.4667860160331604,1.9106731287647374,5.091218051801078,4.599331194104178,2.441792499286824,1.169348142768084,5.601802894314578,5.54492938100061,3.7431368640887137,3.5818081685572047
-2.155934607437397,-2.2605073023536515,-2.381941571859155,-2.5851314189225874,-1.0145494090879688,-3.230586312264684,-3.4488986452001664,2.036498584725212,1.888189187307265,-0.4666629289426018,1.072039423327848,3.8204124077107826,2.0579267559060765,0.01883144024935805,2.8198134524343135,-4.908852653157104,1.5604908291840145,-1.073368393243359,-1.9547748734731016,-0.6934067200444191,1.9310244022273553,0.5824657126062873,-1.7846949104629644,1.632102293039394,-1.1511645400043127,-0.03299421742822262,1.8472036010622845,1.8700720634217962,1.8062343247636348,-2.180711561978959,3.6005532685295782,-1.1852344742767493,1.7681009191185828,1.6344033809791791
-1.8817648568396304,-2.0354745112838954,-1.8345982421506726,-1.8592101186452896,-0.44860785007187376,-4.741668176059231,0.4073397039285165,0.7693256408637392,0.8919471977026471,0.6737335651728427,4.6319902478866455,4.864607142463675,-2.8655785146602852,1.4877328711007682,2.7477696511214558,-7.320627779842964,0.3096297953811458,-2.495815521178797,0.012929839656849861,-2.0146815923673134,-1.9307055029331195,0.9550805311904302,-0.032208187419242376,0.9566172849049304,-1.6359874025354044,-0.9353751193325802,0.8066535534322937,2.2420026420567862,-2.182614673829459,-2.9358329448742504,2.424851963851705,0.5455788042187737,2.574033356431437,2.0254032125805885
-1.7708920620247388,-1.528019470299903,-1.0287682561431613,-0.2043034138822907,-0.3503776821452474,0.1745235724362492,2.04264965473895,1.6981445690736923,-0.818951403721437,0.26873190096271415,6.950070636405131,6.5243915705623605,1.5597223864807472,0.28397729916233694,1.4202072112038757,-0.37289246900313805,-6.940894569496974,-0.4112953688574765,-2.3892218148690514,-3.726293488182261,-1.5481152634810411,1.6178642235054819,-2.0966241535842802,-0.19612284888618517,-1.9579103712787296,3.752837913751463,6.188633104704173,4.075526591087028,1.1383722252180304,0.5748335031776113,1.2192357983104447,1.8457169008807124,1.3357461570152602,0.4086603396661242
-1.4578747882823837,-1.3331700843631857,-0.4985580293172369,0.51343694865097,1.9938875838303827,-1.7741650043523318,0.15399971681956198,-0.01948485178256128,3.8520752483670817,4.238757096790295,4.190296513761165,5.192597134399087,1.6116578986331862,2.2460099689077695,-0.536151101817308,-4.2968619053293065,-2.963020715886017,-3.2590907161017406,-2.6327743264916985,0.0949680222565566,-3.2793456189113313,0.4319128181487726,3.770551513688057,4.674476304447811,2.9848166605039785,5.657025504579293,4.874503212960899,3.1806965618447207,1.305979701733183,0.4414754668009413,2.350945900341982,3.028358506308195,0.963551970708028,1.765121991716681
-1.6703097898083188,-1.5602222201463982,-0.5836085152226416,0.20308143077583923,1.6234844974235902,0.964255767834133,0.7167154189788991,0.8005774608625004,1.0778066443442493,6.796517581084457,4.608506120932791,3.773569413481386,2.8829949500362586,1.0929067392397573,4.594879710316318,2.2983782020952144,3.562949002811041,0.5206886733178443,2.989411483365647,2.976227561812307,2.220359731278295,6.529136203780895,3.924094790541805,3.576972615926222,2.106341936146349,0.8810433024753658,4.771734697771282,2.395979781444171,1.1122345811727168,-1.091946106890379,0.4773161770604045,0.6286412864100893,0.6031864874580645,0.861269699413337
-2.116729960283421,-1.8240367181968715,-0.5555410661063944,-0.020651406223213754,0.5570908549945824,0.8932632016325386,0.8636175061834813,4.513500519135484,4.0509453769527415,4.186509415928123,4.322188431257114,6.8953782898011164,3.744070211528723,2.692056171590898,0.09773622471526386,2.053102789906425,2.562100553394773,3.4741051895608317,4.578643911201292,2.7826281779978874,1.9512876656580258,0.4063896103303579,2.091157509269903,-0.08603986872406741,1.1472849778850227,0.25518201414750574,1.3569424490441984,-1.6662199020170392,-3.173622212750414,-1.6611724104930545,-1.247603693876214,0.7092075401295086,0.26760126996865696,4.8494704410815626
-2.518606972649942,-2.0254724741071297,-0.7690259296753023,-0.3434912206408073,0.717160337022306,1.52476355841192,-0.5235622757719159,1.2441018348446873,2.945531512766707,0.17917572154321773,4.201854612643894,8.861771383585351,3.4308302382342393,2.8013403569286712,2.5185137904644614,3.4607735560386588,3.5411735880904294,3.1987853134999535,4.511449938179625,3.4103728771096358,2.3062624092632182,-0.9938246617225327,0.3108110293731605,-1.581730957366616,-0.9306298610497247,-1.1439201314493515,-1.4027164506692316,-4.227910682909082,-4.759589816527543,-2.9952178242625376,-1.5255302953211354,0.48422490055618406,7.9379085697164795,14.597636845712046
-2.5770284083537467,-2.2936114522042987,-1.3971616516857608,-0.6682543962735181,1.1565476051509789,1.710784054029479,1.3668908856770678,0.5146511448870351,2.3925474494905994,2.116616857841108,5.224755031903507,6.327919197730036,0.5985930352987973,3.5807161305870943,2.417790570794261,3.195178060841405,2.7042301614974344,2.2258404295387386,3.9216281636260897,3.0454864954478222,3.018287193594676,-0.3095106573798171,0.06872880355793975,0.5859160128332355,7.296665057926188,8.065272043274009,7.590134133602017,7.920960596368817,9.022419015432597,11.16230324811055,10.12348415729697,9.862037630860772,10.675389063939617,14.258053008919848
-2.8486674754737167,-2.0231225582410617,-1.6705135485064315,-1.0059423454465461,0.5410050268795727,2.6257801408940833,0.2468177425806792,0.27875747068937606,3.8997600166548803,3.556914485605639,1.487009804079535,2.1812717106539075,1.9007459015153583,-0.2431452276444097,1.4356423049123932,0.8651293635197654,0.31531906645252034,2.8847299252975533,3.3300582608283835,6.114951260377355,5.755066770715565,4.9513078118101665,6.3107594104635005,7.190601427209125,7.801458782736365,7.827257632010148,8.800944154072486,8.867690659983559,8.838720139955596,10.76461438472902,10.714629566128957,10.48837148674697,12.3712100369696,13.8017384268883
-3.1421647918522946,-2.5156870537841174,-2.0995051123239636,-1.1205234951365577,1.8591051290698832,2.8614811363801724,1.463535248124716,0.2501631294133882,3.6150981693706914,3.1765199645283873,-0.7883108261400031,1.0630883161686484,1.1471045842214302,1.5164112762934063,-0.7086870359830292,0.17214635608958603,-0.03489663183741771,0.6214716339907036,2.474353387049971,5.303588992700758,7.490686977314844,6.814708760242715,8.351263709955383,8.00396249819731,7.14091614711216,8.550776439068493,10.088301836293518,9.387111018558402,10.064416863992736,11.241232309114794,9.772244406276016,10.234522029107818,10.161706333194676,11.167532478967942
-2.9936390039679415,-2.561949083800829,-2.5661788988697087,-1.2681599973363966,1.5954561605627893,2.1705426384864577,0.30311536934913735,3.171614794321482,4.936340130395388,0.42025723245031027,2.0860715364311333,2.210161233924207,0.4691638943761747,1.130764933161739,-0.04015354845161316,-2.296471267997666,-0.7596177007324524,0.7081325132513803,2.470429012818772,4.655296475087916,8.088407134488085,9.811079151876124,12.938272513684057,8.188626750571922,7.40394774823217,7.171899058512468,7.379039513526077,7.9437435934383185,8.004044009119683,9.531791495231431,11.752608035847238,14.208665774293388,14.961102315267652,15.707176579742356
