script/wind50m.json
{"header": {"parameterCategory": 2, "parameterNumber": 2, "lo1": 3.000054539987559, "la1": 64.9999836372058, "dx": 0.5, "dy": 0.25, "nx": 34, "ny": 52, "refTime": "2026-07-06T12:00:00.000Z"}, "data":
[rows 0 to 24 of 52, columns 0 to 33 of 34]
-3.7438499220132075,-1.3408270258970352,1.3113556056769704,-0.3993228506706147,-0.6512677350780801,-0.5873325469225003,0.43887034557109483,-0.49266851165928977,-0.9964193510745146,0.10133527294651637,1.4595343041764248,1.140124067640187,0.07898191419802021,1.1915580956742045,2.187234126789255,1.4999163767315622,2.9181692813990607,0.5050606497335167,-0.09027279774257747,0.2866181578785234,4.739308248572117,5.0536960089829455,6.960072754822103,0.7774736949818749,2.368706460212813,-0.5140850840788147,1.0987579244578345,-4.305918098796826,-4.549221311647932,-2.6359668832140386,-3.107157473786112,-3.2536003479636415,-4.323425640005567,-4.282588896123311
-2.351629174838514,0.6666569299369607,3.0272509936121486,3.5733859467833398,2.5262409166044724,2.445774271905947,2.774589014990629,2.3156835879861606,0.3160231154081454,2.8518498332864946,2.6329466458590347,3.870542129123343,1.892079436214653,1.8559059689012205,3.1535379126584595,4.193430223611953,3.9907327156951,3.9844178660415905,2.269592872938171,3.3638011953935014,1.7943448952633971,4.86164502162818,3.21783363649871,8.383022888103897,5.356835458424179,3.9616640638047538,3.5380868853571945,3.229065938684622,-3.5573723506170523,-4.134536087067134,-3.0899588550176196,-2.327360803522954,-2.909788404914071,-4.195687198795124
6.297241632692607,6.445726886739843,6.275778730316803,7.022266363933683,5.156761765714782,4.631970070932601,5.582196037582132,2.85017868220452,3.792710025630219,2.7456922470135474,4.54280042466964,4.772221759663087,5.4918837814009756,3.4142636015624634,3.426385453558464,4.461629264548969,5.353357653372192,2.2369017476739095,2.158350015838509,0.6725725140194181,3.1477128509303256,3.698046755847593,3.5693991525879616,7.76153152080808,6.501058409019699,5.050312182721983,3.545349532866661,3.1998925141643135,3.0446094454690305,-4.644978763755653,-3.843434002731497,-3.229660293600363,-1.6973491620240808,-3.7451496293460345
12.23948246350721,9.627988093954908,8.624068586876955,8.85331626401505,6.901900766666416,6.830399645033072,6.393274476391984,6.106632576404307,6.054074805032145,5.827360096162163,4.682715041289841,6.763093081232781,6.1477268728610825,5.880924105672363,2.840098056086273,5.312964143676613,4.3641257661195505,1.3374440572378814,3.1976154923816704,-0.5742165575800927,2.5643891839591775,3.73569789259379,6.549850834719217,6.420995169347471,6.032662413278397,6.55732648252543,7.1922982914871065,4.794738760897998,3.3454052753382473,1.3168811815593988,-4.02002644758064,-3.0132609007674076,-2.972950532525706,-3.6447975126922993
12.955705023459965,11.93829864940461,11.31638950042424,8.610052691069713,6.925569167803013,7.49831638820303,7.842719222313664,7.958690518952994,8.02739056619279,7.932352462596544,6.804514520862239,7.3840786898879145,6.881366487875783,7.0930027032098675,3.612607440571728,3.563142457174944,6.161675795514416,0.17743125974382565,3.26285413454383,8.11378340004056,2.6556960774471867,6.580846855605682,1.3822186267947145,5.173033587877802,6.6926087382781745,3.7369956621151745,5.184288926913913,4.11631720532304,3.896338915224351,4.097967863465199,-3.356318812077829,-3.1397515111404353,-3.1360402276853914,-3.7272733900812454
12.813181377650393,12.575675491372959,10.4580906656244,9.610574031522486,9.020924493350648,7.414362309008598,8.914476804843149,9.428971963675538,9.516142030457257,9.284594742677761,7.854738312332567,7.7558591677718285,7.947563485000808,6.99749466300984,3.232054944253022,4.52228112214474,3.9274674260458204,4.8327756291046375,6.676004053121689,5.343086662440204,1.6719226606124886,4.742877690598853,4.363232433244871,3.9830929635052397,6.043404240337315,4.625238823652176,5.685056566902078,5.777545207874132,4.542609813646536,3.782757122678476,2.981829797474584,-2.3681861645182787,-3.5135728769983507,-4.1298313600666985
12.469638609681825,11.866901293143085,11.133610788243734,10.898964612454165,11.202883652478006,8.977836335929954,10.100522067006173,10.374835720894502,10.467062622862892,10.047550900776118,9.027769822274394,6.985961207902533,8.294229530761962,6.689312592266757,4.635560376985455,4.987321831737289,4.258134930879673,3.8629425880929893,7.5005091437323665,6.020461923526367,4.956766254906084,3.887074336182222,3.980781187975432,3.2992644095641355,5.4156445227273595,5.539637838176451,7.297368925917551,5.260163416202727,3.9358905636924835,6.4619148050267485,6.108168809575895,4.828668061864864,1.487118031378455,-3.602861105306601
12.002120778279684,12.075306707569128,13.074125372716592,11.601393819697137,11.259002523787867,10.63534847265184,10.637244852858904,11.00681007256218,10.859033281685676,11.480191785004584,11.475691978864512,4.076800813646294,2.49700328959345,4.8787610889840005,1.126929525618939,2.556001660623913,1.3430074482066976,5.042861525726358,6.060948084381222,5.894658982507023,5.755834878619667,4.494153654170939,3.9776399970958565,3.601565254445192,2.6225475929340223,4.575138813043092,6.3676300324976065,5.6983679271727175,5.272256924831059,5.2021310469767394,5.577320232158538,4.6896448825785635,5.00741897250549,-9.946752314636962
13.521265112364425,13.6273948901242,12.811988412070784,11.573115768839276,10.7363927069853,10.762028459600833,10.827661138036888,11.475444517207167,11.168882080417678,6.675440449644678,6.445819405645542,2.801850015295459,6.143517910382758,5.584799416079974,5.6111426051678,4.121799388095974,6.093953676056165,4.1847219400467335,5.751911329597782,6.793073569860119,6.278887097680723,5.401259274474862,2.628598674823236,3.500403865876996,4.385530295376604,4.257344460839576,6.241816071643314,6.54599267347765,3.931489388972962,7.541630106698284,6.757441143109885,7.484654324367379,8.3382773227852,4.277538461448989
13.271896027713947,12.210252205346999,11.027129826133553,10.743387657824695,10.566700559006712,10.281973762770676,11.295273132838979,9.839509401651647,5.239394884542014,5.789006574688458,6.517697363196109,3.440637415335599,4.662291487757514,3.7737161992573656,0.22173119983146253,1.1307422633189104,4.190854502813538,6.3892496586176035,5.789893760074268,5.82065408447569,5.898403435692014,3.7935561198207255,4.647384900547877,2.831359157629304,4.02199769296527,4.621857204859833,5.284555341839719,6.237451571153958,6.46345798023143,7.5765149893327965,7.82976141524984,12.790879786339856,8.907189203343677,3.0091426049663568
11.435705841074439,10.725670807932485,10.605624195795386,10.37629293047871,9.690115304128241,9.911471114745641,9.240985168108924,6.534480775771063,7.248473362990167,0.8925513005941463,7.071294199301047,3.9542517983637286,4.95193542260396,3.363746116582073,1.8459118378578785,1.6990127199464884,1.2367338692493415,2.53639283616247,6.987177074603944,3.6711896491351634,5.170367379051431,4.424263341556477,4.775997835570463,3.2543763520020597,4.139116834669209,4.242386113298008,4.988919741661076,6.152610109029524,5.680793675030535,7.723457901577718,10.987182709621539,11.708759720231644,11.80902222697286,9.057144643646017
10.707915791746904,10.34850082769024,9.938973531241727,8.940626461578395,8.820964222937604,5.663577996516246,4.397505126338435,1.4628151064859416,-2.2212464954301807,6.172091713407794,6.5212081439548255,8.320371034962335,5.66414633329476,4.607961631369603,2.017519364924448,0.159154568021125,2.0019204658624012,2.7165992705458506,2.5058007799708117,5.492300611403757,4.554648506650533,5.090434188854845,2.93832213953603,3.5807810365268677,2.327519913766666,3.8499874140738903,5.088311768806605,5.53476773422822,5.110900133735269,8.811287587114428,12.626090306804684,12.190350784440698,12.7097550953561,12.762379194491086
9.908844426576389,9.297530137305312,8.378555208116898,7.771544177829452,6.750540851247955,4.111461511685815,2.7785302853118004,2.980000226897442,3.480395188349,6.465493297467086,7.692960533950582,7.731830413061089,5.812622716696602,5.520643248057514,3.3441992993407967,2.38996033542339,2.6262629104415876,0.726263820057416,2.135181580849367,3.013415178636545,3.7164489285360127,4.648797796480258,4.201502911852217,4.720673619933676,3.6055178973928776,3.567513273846783,4.760661500166113,5.879911991799059,6.83915363744023,9.601848638157715,12.203901903126946,13.874556208116616,13.278728826340616,13.083305975370115
8.413354892072494,7.967622212105737,7.571363107861155,6.230774371464003,6.171178840358807,5.519060651101942,7.202514365588017,3.243442583855997,6.315893993877765,7.523432759464769,7.504007545013591,9.356993654636092,3.929259551785775,3.7056184207089635,3.822742627960163,1.010034930608931,3.0697869034637493,3.6200202803411465,2.5548697486452836,3.2105968459491803,4.0170759441604265,5.264877083474297,4.3756865731855195,4.370388355074019,4.820446664158439,3.6340144564535395,4.733196893772085,5.692777227613787,6.053226630659708,8.532132584960369,11.107033889617867,12.753370458964644,14.25524343472567,13.818710599271096
7.126398687796163,7.011729899560097,6.2203879018394135,5.263017311066238,4.599665721560676,5.017639430227197,1.938569789414076,4.492955284197706,5.337420276181193,4.230010911790315,4.70927461762071,6.0980329086670535,6.58164260539205,1.133893187850282,1.9256963686111643,3.357061100313866,1.4660671500374867,2.20898930091036,2.643779758515978,2.437808005198815,2.9311081699180566,4.110817073770588,5.21433064916844,4.865160820311025,4.146355854707929,5.167990308718616,4.843967562132204,5.310154994761436,5.382177466102833,7.552472290592007,7.105489705466603,8.360847309672025,10.898369671377523,12.749099383049137
5.661974512819808,5.352786972121294,4.405149136741939,4.768238381737384,2.65961541186056,2.220847568595447,2.342469971395622,0.7507351024027799,3.44512418924485,4.557391087642097,7.816516916795158,8.965862584035023,5.369610186301925,5.038451211706212,0.33512745095629864,2.333043753026847,2.8121069298550347,1.4253299994207271,2.807683043251765,2.639623250197103,3.7055371345065717,4.328835105799231,4.1450125137800855,4.493553693104363,4.482631691030223,5.427671635990157,5.618962501554521,5.659192537050881,5.258885652648598,7.077418843456527,8.057882759801297,8.064740422941155,8.771631179436106,8.874942960243448
4.4586637057496,4.500220195101577,4.8451800373848695,3.712279222022056,2.342163957349667,1.277543967073836,2.8493184234365305,4.929197383334817,-2.632206049834639,2.2501873107138923,8.10758643496907,7.457023569859161,4.020720801036598,3.342063935824083,3.3523400242241364,-1.2611173215669227,2.713569054938874,2.135241312988252,3.321227550698014,3.2075799894057773,3.7044451225887083,4.625502388351245,3.6604897723036878,4.839320720852637,5.795592316428571,5.27765197315632,5.491823382677454,5.405920712091376,4.967622844687763,5.90674702673169,8.2348621342335,9.090019087005118,10.441180570433357,9.852564590557689
2.9171846724803583,3.726620761353075,4.244499063655493,2.86120356605064,2.7400563244350202,1.5590441315493877,3.0306620214839755,2.9960188601657656,7.98085296120116,7.479681258651335,4.7475474586319155,3.6030112461643085,3.4353355655946194,2.796104918486922,2.5869402864206394,2.657463445611946,-1.4644722745154573,2.445147375294076,3.367958557433072,3.8394189316248704,4.267161832378521,3.914651448868633,4.268231643072777,4.59986998965821,4.528399784646126,6.131805724061332,5.853503949570162,4.356631538307622,4.790350839581229,6.012544008517994,7.478107706777515,8.816292746908816,10.213364559987053,11.16520975060287
3.7094334384445644,3.156050105440773,3.0478003825358093,2.9773292320169307,3.978815975057269,2.923093046767693,4.6309824071174335,3.675146023538829,6.262686599399925,7.294137278819373,5.834907044402053,3.6736152426841646,3.9995979040932848,1.6934822216645764,-2.325559525047222,1.5194203624852882,2.1023207864797953,1.8442050509500163,2.6623062839242047,3.324056424439229,3.2405291709843103,4.539050023399112,4.125358648810009,4.369172248065122,4.2561719653040155,4.6146544825138776,5.926733080063318,6.081991307965497,5.6321471085012345,5.276763275602696,5.152928706616004,6.8033642278388955,9.74984608494401,10.747249274059024
2.3493204511362022,2.8477332561422433,2.920929007829761,3.004238539989402,2.9368442009593165,3.529480607191579,0.17453023688469343,7.2425551037959375,5.0424619483944495,4.478303125276399,5.063063387998153,5.65519576377264,3.339490954053035,3.4415967396189604,1.1290499857662826,2.5895942296503804,3.1516819062747463,1.5509432309503284,2.2132216362808808,2.917242147583696,3.3043933247884176,3.6509241967377646,4.57623524265539,4.170789196348978,3.934011755354334,4.189822951039286,4.773708056686328,5.575374711584912,5.533340723653831,5.474382676999261,5.7830162368209015,5.650192465335404,4.666703244904241,5.796426484386588
2.0371959990300854,2.6901134299804457,3.086408716559342,3.448292798929662,2.409412470548455,2.794250521456593,2.2211869740265704,3.002576552294553,3.8321001999609843,4.171493775348152,4.304904754752537,4.117209751884083,2.8101102997201477,0.6631001717817834,0.5400202198956444,2.851379797884639,2.6943558496004916,2.9402411789681446,2.7460013194922346,2.6957385489842376,3.1314603698405525,3.964070724654922,3.698690124923475,4.373900395091024,3.9106744460413196,4.029053818745019,4.656501741890351,4.529772688537952,5.092224092297266,5.826977113062505,6.4921862640254995,5.695685844113642,4.756109236916061,3.633801404549306
3.2301909498222643,3.0851533493822716,2.710553621046386,2.516372051070402,2.4316438541338563,3.8565807334297286,4.759135089987259,2.9801349657130296,4.5608764648140125,3.6904241930187416,2.664799575056897,4.192496131275037,-1.8469067589169454,1.7196696752709857,1.9435078197337956,-2.096749805071616,3.2245982729031564,1.9092061459673055,3.0274522032015794,2.7893926609663056,3.29135714895817,2.918650075214319,3.5694639064028335,3.924359782947624,4.123557484536856,4.269759257748652,3.557818244212896,4.655821833645619,5.582098940842931,4.918196568850665,5.48650889642449,5.695856446706176,5.89474051830961,-0.9344289503569729
2.5924508039264595,3.0285311073656187,3.320689150470896,2.4751047275793097,2.4166866974720285,3.3280325938675643,2.9065551967617465,3.3897458006943344,5.792490192916455,4.900279336812236,1.2475320462685673,2.924567429733215,-0.34650891946355394,2.24708839866012,1.5848205462282734,-1.04067850705994,3.047511772592482,2.992645206474458,3.1015757560224086,3.120797020819901,3.2133518485322368,2.7659474813398695,3.6193574796162777,3.4389568206684564,4.015233540270443,3.9162599428983085,4.197822607267092,4.723339582815587,5.200366962876419,5.358716276243574,5.082806488043006,5.6499714068307245,7.299754788216267,7.5638288761807315
0.9591197741665117,1.8290047448055562,1.9623359569405203,2.557031912483435,2.5131738828093844,1.8098809998566432,3.121919583740488,3.9861292583447367,4.996277436962608,4.248733417001493,-1.6978640885820695,0.07163182429750202,-0.4129506324720796,1.603869855304112,2.840005227349128,-0.45645054672733576,3.934899573869098,3.2995203362307137,2.255528895371354,3.2558538922174893,1.9380419431809361,2.3585903217381983,3.9639440662696668,3.5193498940109262,4.389955488090589,4.099207553174222,5.794634853645227,4.288852025181512,3.7130143149794606,4.076369731084367,5.758787306413794,4.718235762323456,5.81489743194428,8.178536555320015
0.3208271832311501,0.9935913620320849,1.564365209525857,1.0364602148801878,3.130806970436541,2.9891419643742196,2.7319830549394997,4.0595762263778115,5.417075280023074,3.0301444142155507,2.1704155603098267,0.6499944443589168,1.385368751129232,0.4619550644597962,2.327102194026185,3.7229907487047775,5.575595978359449,4.40199363887807,2.2653978709648572,2.0750414361684046,0.7908371484336071,0.05288203354269311,3.4163933404946447,4.197614021789999,2.660505877280608,2.5021370571897092,3.1050732028246704,3.9046551852802764,4.3946305326546105,4.541477921519882,4.400432456729653,5.650989712698339,7.009563325029429,7.796815539254636
