script/wind10m.json
{"header": {"parameterCategory": 2, "parameterNumber": 3, "lo1": 6.000198445256149, "la1": 58.999992894266676, "dx": 0.5, "dy": 0.25, "nx": 22, "ny": 24, "refTime": "2024-02-16T15:00:00.000Z"}, "data":
[rows 0 to 23 of 24, columns 0 to 21 of 22]
3.2752270179421092,4.162942451845502,2.649306929074405,0.2003767353101574,0.7204319084607194,0.21825876566715022,0.09491260401389562,-0.7772120472495606,-1.5316127171551899,-5.071976882780403,0.32536597398734907,1.42744767374674,1.512360677294534,0.08359088241593297,3.2085832081453955,1.7878525328190844,2.8120162828905975,2.4018576683098614,3.145815928401657,2.6474359734823207,1.863002638077181,2.5851009188736134
2.926335997930168,1.7040315145419227,1.814369036033313,0.5774315132190707,0.3981742236594146,0.7476256619683678,0.036222976789558145,-2.383019517919558,-4.130446588359147,-5.84393880532653,4.03923926498256,1.70902114705146,1.814226129586122,1.2704695066521992,0.6765837273881553,2.435339786950553,1.9389866417328614,3.357269487083882,3.293849139498305,0.9506662560156407,2.66403757644647,2.741400232593397
1.2967177994024095,0.9891192063251678,0.9790945087262918,0.2654271242423877,0.4491253247923988,-0.12356722328273682,-0.19456141973482707,-3.7357053100288504,-5.51438604596809,-5.663533435202319,5.1460314062070545,3.025883017662116,2.4605943455218413,1.5059200639200412,3.6048515838541006,3.8159008634661666,3.0180859028731097,3.0786975258865774,1.4339869729827541,-0.2165578334179608,1.7914534328147533,2.3276255743594607
1.7290085347515092,1.0471138373058422,0.11310043139867511,0.7887588459229415,0.0008232060997149384,0.9688916131952544,-2.4529526085319833,-4.394393111463659,-4.3495756188815395,1.499131788900391,5.145739954601141,4.880280536058768,3.197589534027457,2.7241366167325842,5.277720694171837,5.280761525079133,3.9565732681073453,5.486262080896777,2.1297625299015,3.017805463615713,2.672231106111024,3.062780814289331
-1.9574616453580223,0.9610103347161495,2.611809999017208,1.1955219867619078,1.5087232979241973,-1.1666660977506218,-3.474325701563432,-4.494697683889766,1.3366833011928798,2.5856591059332805,5.390805140035665,8.102856485824969,4.21046728430841,3.4572660270558426,4.817591665143196,4.537866530757723,3.82901906540508,4.434683810940531,3.6845834763197125,2.7570556855312582,3.475775538364403,2.4264732744889694
-1.9002845609008772,0.6893882132325757,1.2362136762460696,2.277087777177707,0.12291468508535915,-1.8223677726657164,-3.2888319590498245,-0.2680666635970868,2.873955862408957,2.82378871076163,6.277787798107139,8.903399771329532,6.2525432511487296,4.349945719415831,5.026960662890678,4.209113246474778,4.090930769109766,3.740110666026548,3.7076395723238975,3.530272655224141,2.8584666823831837,2.830159677405258
-1.280007320334427,-0.3413519935530728,0.2219742280547719,-0.04790164410486032,-0.2595930222195169,-1.9026137623077193,-0.8866843773505227,2.0340137884542377,1.4826434955701313,1.0649767484981423,6.721761278905294,8.545419989254253,5.517869054047081,4.411778994558341,4.118852369910962,3.629644101257075,3.8663617566628896,4.032326084002423,4.235155544137423,2.766814134063992,3.1998235848488275,2.472945382959338
-1.3991811370721627,-1.795439199598666,-0.7966106957966345,-1.3677666131425972,-1.5852099135776623,-1.2135916558812632,1.352241377593553,2.223528088813948,0.6006101012753229,1.3530275585973095,4.948918202123926,9.175361666357523,9.909734517427319,5.241645720031748,3.6643916508343874,2.4289941952981513,3.329956764857636,2.972669778544881,3.945029383307351,3.6126374846289915,3.032041841348572,3.9680087880935035
-3.461950797089502,-2.545527281470009,-1.943684651475132,-2.16009177404152,-1.9469245031246996,-0.4224999250604314,1.3539920147314475,2.441592067820256,1.844255348052382,2.5322971544851405,6.929875168531858,9.490533666851396,9.611488150735978,6.714482604902064,4.110123682632932,2.9419916737883236,4.018772254889076,2.6956255363696324,3.7829867571992817,3.4060949264698763,3.3699061363760445,4.249739266719126
-3.123183933005394,-2.704624383132963,-2.7310019753603467,-2.710538618621487,-2.284942204819774,-0.3510229850901668,1.9387125058030024,2.266920463703113,1.7501470940191695,2.9218236970241085,5.875258656982044,9.496499840392007,9.203170388033186,10.087041064156834,4.053997227235772,3.782057057439756,3.4363834395414794,3.209617517091402,2.897559798293262,2.9967392591739728,3.102429203729756,7.523198367463242
-3.5786274903752524,-3.5284389444607136,-3.1344016756247117,-2.803618152996608,-2.3203951699262153,0.6679427565939741,0.6311531284963844,1.0708792131400644,1.8555092626562677,3.397358059424131,6.589742883986079,9.870022155215784,8.838630068842104,9.249400183830486,5.081076818223023,3.3963113545130597,3.420847777868576,3.235515794877129,3.002176824752188,2.9162743784290694,3.2389052581349587,7.023436314382083
-3.950529277100074,-3.947331269707746,-3.2726157332182138,-2.6502050564032453,-1.4607706533180205,-0.09952267110951453,0.3170312073013125,1.3291534631154127,2.125618826446787,3.9341781299230836,8.53067114920805,9.592395018485373,7.912666854041479,6.576791683758422,4.300866041620565,3.5157605852957525,2.5251587280155228,2.739932123303514,2.6375414788301703,3.5273683443975896,3.7723746593498184,7.6708049581188975
-3.912269385420895,-3.666752095772341,-3.133383846384569,-2.283183610848243,-0.7803908053446875,-0.9210920166154929,0.6280791496327534,1.1961272572987887,2.9937075935363118,6.83277895956288,7.64332493679823,8.045502205568146,5.197832248489744,2.8605649452823396,5.4279104696660525,4.076623320730764,3.062481776749675,4.254900017582999,8.110664126895857,4.845500368171603,9.318362182310667,8.377640312676172
-3.9370953472349215,-3.5440702787432308,-2.603507100028175,-1.4725595219389873,-0.001803167706487119,-1.3004729858895188,0.34812308057158664,1.3273333731697903,3.444776864656948,5.624121678766775,5.966175193319912,5.932855649223009,6.167781774148528,3.6172605555433512,6.120763934688899,3.691610060138729,3.711750259314739,6.872832837013838,9.744008977386416,8.161890586376762,7.602797300859191,8.785198750923778
-2.6272538212912777,-2.430806008021497,-1.767102242321396,-1.2659086432146203,0.2326613234756653,-1.1148611648173583,0.6735356090093078,1.7732141023995964,4.185535949686381,6.114015384402963,6.993294947436908,5.851083740110697,5.857367838770824,6.451404033910257,5.715210140635677,4.567472162970702,4.271500487023075,10.305676553703218,7.923820923048828,8.729945585844732,9.414813068910133,9.687807863426281
-1.5261649753689406,-1.4161724968310891,-1.6465477237909725,-1.0336282843853348,-0.11398544843041965,-0.29599203080837505,0.8908587427532144,1.6472842822592795,3.7854583778580397,5.222586583858092,6.197738541004414,5.181196546507879,5.411713516398118,6.176727289314318,8.222964470971588,7.550357560148514,8.590786148003895,9.234973787804401,10.169349312420017,9.156216396678431,9.241422163033166,8.30188467391713
-0.7543806965720633,-1.0834305796198358,-0.8104227566072068,0.3484456430118053,-0.3448562656165372,0.5537927625315987,0.631065822163239,2.4101458147529655,4.69833405105789,4.824314775051485,6.639649176243108,5.470969812487591,4.694282514457412,6.138769215648075,8.134428099275011,7.3707021643076205,8.827160263759213,9.550417744599123,7.034686156833388,9.401893486590929,9.585242824398751,7.460177787751902
-0.22104371210997312,-0.1949509890098366,0.08376153258898425,0.5748991968267243,0.6948573086405262,1.3543967763541096,0.47186301093205757,2.5657583467398553,4.177048729006649,5.00567537234562,5.653968390260561,5.0650729023421865,6.083576236630078,7.94100378910331,6.595349943122026,6.534143721241925,7.963378321609079,9.007181714517008,8.333041347674028,8.633385438991937,7.443442604639418,7.3266161484995
-0.19052839307616826,-0.21327441526339827,0.49743607727223793,0.2858346691417311,1.440954238775683,0.8419855750168224,1.119663175583335,1.510221757296482,4.004601971692789,4.304996844672691,4.583115008940884,6.865412488967402,6.468569691046683,6.552448606710434,6.025509520324208,4.757360094624118,6.437372259711342,8.694477890329297,6.884495373389551,6.606949875055131,7.0764973164448435,5.629698228659851
-0.3819323005808822,-0.21262763282523514,0.8623390906195704,0.9824071111634355,1.3281780774252885,0.3870957774504636,1.1833172823636062,1.5151385003016695,3.655246689145459,3.9308657165976935,3.5844025369805395,6.551062038220374,5.91520850872341,4.441974769092578,3.898522393068706,5.323695772773056,6.5174698687727135,7.42422121272096,6.233219299849761,7.006610662612067,6.533711427130079,5.606571331661674
0.5188100451510816,1.3562194812096315,1.2558118766569975,1.8875556873659376,1.3929694882043782,1.2646962037254397,1.2289475961677596,0.6475271703514834,3.5210918335171466,3.447971615778189,4.574094365885008,4.8974457861637894,3.989787559348575,4.240167857432488,3.9124276097627915,4.408810676484537,4.7630644519520935,7.44453263114833,4.268858028462297,6.106223236328618,4.6776920403841675,5.362290719340856
1.35985060310085,2.2845505817271397,2.193997905785367,1.7210832462182655,0.9915360853494491,0.8714803477799465,-0.49616924753566555,2.9767001347701183,3.064543846111034,3.265641215808561,3.711979441243961,4.013192796804521,4.520488755647929,4.219389883219316,4.116094576085557,3.3312262259199903,4.333411425225034,6.004482726097778,4.465902713852997,5.3617760161935255,6.067242851411331,4.357425550575122
2.2751295043147874,1.8455024691020137,1.5015664025142756,-0.31562691018320044,-0.3463622814748027,0.0615834368328448,1.0700339372219352,2.8877192203424507,2.7817503684597873,2.9813357176036077,3.2605903079344807,3.5654607374301293,4.812876289788222,3.8618791312353578,4.182016523897576,4.279327176938008,4.2982756928614085,4.549625553511176,5.644109361398589,5.407859634749185,3.853909483195547,3.749215917188485
0.5678190690641315,-0.16694884396442577,-0.3551806366781221,-0.7042286740213534,-0.4270991080270763,-0.6521634032664592,2.32982677203892,3.194175786993639,2.411406325760597,2.8284805552085777,2.21171269696967,3.41629151344752,3.926906191246225,3.3937624165265317,3.4593303039499967,3.838292393199087,4.18861280213865,4.135131129321622,4.433899161916931,3.778992542013037,2.8668412077286143,4.125819160939403
