script/wind150m.json
{"header": {"parameterCategory": 2, "parameterNumber": 2, "lo1": 6.000198445256149, "la1": 58.999992894266676, "dx": 0.5, "dy": 0.25, "nx": 22, "ny": 24, "refTime": "2024-04-06T08:00:00.000Z"}, "data":
[rows 0 to 23 of 24, columns 0 to 21 of 22]
2.9653295982290624,-0.18373813848916154,0.6306811631820008,3.887892330059959,4.643700231633098,6.90641026081516,5.157733578907121,11.37280111523415,8.241389567419313,8.047149055688804,6.217349143296526,-0.9396438090395676,-10.820885742925086,-1.864324010311584,-2.0458609973886785,-0.505658384582327,-0.6302288023470157,-8.677841837481804,5.892877833456873,-3.066134667186354,2.5404504115465025,16.563500502936748
4.909150788345628,2.7386312209546633,-14.791343520207118,10.129870990572481,-0.7982078833718887,2.2954063590584206,8.594099202076443,7.806264235634821,4.833152518717615,4.403602336978399,9.97526895869885,0.9174121758197943,1.1520356028598429,0.999983037855435,12.367212459392126,-2.196104510268677,8.837813332850546,-3.3220829009467394,5.661881152052307,-6.306162433766634,5.003159598614337,5.104611741530563
-3.705117160052179,0.3452436134370486,4.765321374360927,5.206651578258339,2.7727463282091773,5.822291126622345,0.5943417412955034,8.12914051596857,-4.985096583166618,6.91807343882239,0.4142806895722399,-0.5138828867513978,0.7919707569155039,-0.9715613948611893,0.14600950649378733,4.434238324376155,8.892817731938948,0.0005295658726912078,-5.099198856155633,-6.590981390551628,10.720466084002785,-0.6692564848954773
6.138222252364473,7.212307688316167,6.890697766161539,-2.987490334658412,3.7856880185172144,4.567234422077657,5.6205813720572735,13.520724547757705,4.793428912075414,5.261907028434785,4.060303900203441,7.266639900825502,5.446107166494765,9.914276541291205,1.7074819459682968,-1.5995972748885945,4.910354537246471,2.268378073577551,4.242285573018566,0.5230378971305455,-0.4993382622466028,10.898239987649431
4.83373141475079,5.1022971173855405,-1.9839514336602182,0.12148971720813014,4.1397633969343985,5.603692531431612,-0.5211733605136782,-0.7733446086449545,13.982493124805277,6.147592201860382,6.493755918253833,-3.0321843554940564,0.5583714274941867,5.609390578315087,-2.6207358785417045,4.4403385878266475,6.095919355795091,1.0766950389290353,3.329855978512601,5.328179809779535,-0.6147644057069561,6.980331255117817
4.928598692515256,10.760206018979597,6.000409369045557,4.5925443877703795,1.108300714190714,2.1191291126866716,-0.928181056006493,7.789096968092698,0.7525148864941519,4.693493108803832,4.8580331172662055,-1.627596634387277,5.198412077077407,17.05606395364046,3.5628400210615467,17.067211560026664,16.52991255658501,-10.12157698053851,4.141672475217535,5.609951290666215,5.654196384547963,12.070347720913611
7.2636350148905375,5.552585289009157,2.1928990102894557,3.848346522963638,4.572869485673468,8.569610389282115,2.2004725239719893,1.1722151255383648,3.2266070638373283,-4.121967716776546,4.41897497558518,2.3788065541475674,1.4641785939195298,7.983232383711108,7.418581025345621,2.764364517340958,1.1161357188503627,1.3677380834661685,4.593045248105061,1.5308361715308563,4.479928278848888,1.8298725038518397
7.730381305816358,9.258072631265337,6.715538965972176,5.057100312267673,4.843089571278929,-2.2727502226652505,4.590770371753124,-3.9593517380834857,7.048241209598964,1.0291088450677603,4.827972818530331,8.119687704221109,3.2733548138942594,-2.6791128793634704,0.03440669818679658,1.299620445244269,8.496831697772969,8.91296200226997,6.217854606426903,1.7291141200245232,0.7929628638691893,-4.116946712100657
4.3868735338409515,5.956410471003011,-2.831460683272263,5.271059067757631,12.886346812293299,-0.17944859793036072,-12.55697430900351,-4.061961993464567,1.1361068358614295,1.1357081214995388,5.3270102337683385,-6.159566712536702,6.543715086772621,5.283863520468752,2.4983525418309793,-0.1967936634037824,6.260165189404541,2.1303461470528613,1.0149042910104822,7.005295678079152,4.502669911033339,8.92800886170339
-1.5163843500257834,4.2139837970818155,4.969499743560546,-0.007122026204798963,3.9471304308471358,-2.0115766531710895,-0.5752313816364607,9.102485763472307,12.38842693561009,15.33203211891011,5.354996212168915,4.976097799431456,5.545342877098011,4.286872254022032,0.7346721523543036,4.223500866632824,7.731636658564496,-5.930939546746037,10.301792209834922,1.2970838684155093,5.4600539915545445,1.9100045007866893
4.842456670291672,11.75595535890065,6.430994680298073,-15.216629829240425,-1.7717813546484114,10.03643305772646,5.654669561294168,10.870654640892795,0.9374200622707006,6.176994196460643,-6.480551130910195,-0.9372994017326426,-0.029572425019990654,-1.6382523602536956,-12.255406363171485,8.875540822309885,4.441969948860162,12.118496021184287,5.917813319179563,-2.971195744978551,-1.5859531896632977,2.6485268374092015
4.5913542326630346,5.745340314304321,7.010616309721683,5.346704329769401,5.4981148616527715,3.502439375487853,4.614644289170978,12.971756044905046,6.9665214956683545,-1.664541818960544,-0.396459160380637,-1.491152498812971,5.164076143317114,3.52613977678463,1.1119056780308896,6.269102685494508,0.8908746768694128,11.40390991651581,-0.06518156135263084,6.600874525693962,0.689994875307397,0.9188451460375887
12.254370460995904,5.298698149248671,-2.027088814241189,8.012073360343352,10.391652185283926,-2.766948236907813,-3.449782663688011,0.03660804723653478,-2.732704102836283,-7.127532391501206,10.708972760715286,10.340112002788846,4.269455945261926,6.814171786572446,1.365556435211569,3.342894138232755,-2.5875516253500783,-11.419889862561465,3.034114844185794,2.0646173346317083,5.5357981046173625,2.1996285263769884
3.6627987676809903,-2.6198851245401156,-13.59950372234861,8.959343506490447,3.7763245588331786,2.1932775919759164,-0.7101812098404607,2.702633597172464,4.661327966333311,-2.379547614759794,5.674074088394436,5.793794883004034,3.8487113264016424,1.107636503410293,5.953207236964545,5.726791135864826,-6.152612075098149,4.002820191834643,1.132865846879646,-0.5401409168672361,-0.574643131479506,14.434788443546603
13.376786201627343,-1.1174517954771779,-0.05843851800680082,16.164158543576345,-2.9797309297325727,-2.205197956638062,0.06116205930699797,2.977706839272074,4.364686075145879,15.92930187565539,-3.451054721032911,-15.308922300595238,2.797122496372401,7.537342049444978,5.443165930654189,7.5960639224337685,4.365848911651637,5.7933812185736455,5.075836738716512,-6.88380658460926,4.839166301151305,16.514017901648202
-3.8151246730705943,0.26387588537245954,3.896329497029686,5.988630400043384,7.380207348160591,14.649498738211772,-2.2754385479960573,-7.458934086165499,3.4950976492506665,4.773937452387343,0.5467601553262146,9.867199738544883,0.25916273730997064,-4.255662379686333,2.98627285017192,6.535760836759255,5.0541133280016854,6.174385091363255,10.34446661618014,5.3881096240395205,5.7918692417736315,6.6015679086612185
0.598419238140266,7.392256137048885,1.9156060946493607,-6.717783981137797,7.174565139746688,4.077676729331019,4.140524349294872,4.835060496761028,5.010266857995225,13.617510928309763,-2.0594244951843512,1.7100501003993624,6.223001041315971,4.205883410355584,6.08934981050484,1.8648149551659452,4.742461467562591,9.215050493291464,2.4233584106807298,0.16932316438988895,-1.4681903184940506,2.323562615179814
0.46287056444910163,11.602426166878004,3.238733136579403,4.2270183458916435,8.865756971958284,13.623092844654185,6.139539568528525,3.4182493683186683,-2.5971700881649684,1.5827828120810794,2.8320958652909685,4.798442250196803,8.015234690817087,7.494293764504805,4.028374205645711,5.05982336068488,-4.9825618779229215,-0.8831611416841408,13.900591999045172,2.0454839283339057,0.4987488607994404,4.544476525466962
4.3008947027827755,2.2487387275484707,5.98450656917337,9.454313046878058,4.77283090434347,5.559781780896867,2.750053475227795,5.7193198001166925,-3.736405288307386,4.392067068345165,1.7511174312941813,4.763143800212363,5.030643520190085,1.2900828597783622,5.8439810442957745,-1.450251515988244,6.104417921682113,6.726285181836007,-2.1906882505605423,4.509763940085703,2.426391083612608,2.734181166973837
1.9352189420805337,7.166827216557807,11.023269537988496,3.442325635904882,5.773496323177918,-0.5555439604375034,4.420670928887971,4.8709972554242205,15.870827017095744,13.54957165383309,9.16620997107812,7.73672096141517,-1.2726125166239137,6.282481443529098,3.1868134081126778,1.4602661411166664,10.608001568727977,-4.91890635774616,6.282737409239486,1.418970075718849,4.529636642359115,0.2863270188380402
9.180897907918695,-0.8923861161749292,-1.3365262228287746,6.634067474134241,6.5392868999621365,0.06710390827565108,1.373638195509308,8.538847048282395,0.3064367010652808,-7.513480977683833,3.9520210525427366,-1.052610749344279,3.8940344547263734,0.6086108607709487,5.654231344602829,-13.229946415582948,-3.9762516634806064,12.945017136698697,4.7718541316530425,4.8942556533593145,6.391677082197174,4.653681665788114
-0.013175493267970219,13.106239639167068,6.82353827706828,-2.0012726213708847,14.374745578877635,5.412512943812233,4.27744094034322,13.233733731715327,2.9477350926327035,-12.899341343930733,3.77744179427057,0.14039441272213965,6.483501312826794,7.321286085903912,-3.7752838192478566,1.2486938309768925,2.1517573048063534,-6.157943835461289,0.3151182314152565,0.5752638945570088,6.877532473207207,5.687133775665834
10.54137287079194,-0.5184803255441022,-2.393579870338646,15.424988557810119,-4.407509922105764,-2.251530553408621,2.7199634537418906,5.1334946265445645,13.170399282363595,-3.5506575699415595,7.437788530849331,2.6065437016126753,-0.08125798291830416,6.8644532337683914,2.988226357358847,3.7635586000521117,0.8190766132721391,8.162795521413049,-7.822100315153072,5.486953553348192,-3.129124967871987,-4.516773760023582
3.663857046082482,5.708933931114727,8.712446943415113,4.578291833543031,-4.082362312372408,-3.8966632924329345,4.014365537759658,-7.602822744710702,5.03087847846331,12.049932671612172,11.951810309259756,5.600976419636182,0.5229793878336069,-2.104571926378121,11.484565643652266,-2.764718345417045,9.545240917795393,-0.11443491438863407,0.6480595989972202,4.729148039206068,1.1854317401175738,1.0929822196644112
