script/wind100m.json
[{"header": {"parameterCategory": 2, "parameterNumber": 2, "lo1": 6.000198445256149, "la1": 58.999992894266676, "dx": 0.5, "dy": 0.25, "nx": 22, "ny": 24, "refTime": "2024-01-27T19:00:00.000Z"}, "data": [8.774500843545399, 8.009195785451134, 9.473933662567802, 6.368734318752563, 10.055585253797881, 7.103740286207601, 12.82090523176172, 4.820788749283506, 5.962936428319926, 7.171550102675006, 7.498410570370691, 12.826249172632744, 6.981435805573699, 12.37730306208599, 11.39263282824904, 6.429005306756563, 5.398602496592281, 11.736830740689612, 6.491179999073975, 8.900085785672394, 11.96568285918791, 7.277054385991856, 3.84312596214968, 11.413129546792998, 6.508738325641313, 10.43733141973831, 6.54967595508519, 5.160468402202031, 10.9749619454209, 8.724536125531287, 12.227776176310101, 12.732426160182396, 5.813869903674396, 6.79824172276845, 10.002474599085707, 9.031295105939655, 13.716404859350419, 10.027081127563491, 6.9240156194415965, 5.608835372738466, 12.836825175552754, 10.417299502209206, 13.459971277980275, 7.094383714424406, 8.397873701369347, 8.774168721682932, 11.234276945063153, 7.554781556511659, 5.495842878872124, 7.262102298686281, 8.98502488174843, 9.70632419384174, 8.439164347386194, 6.53410693667572, 7.281559604202309, 12.37420065698275, 10.160291686261889, 7.625708545105889, 6.4296239260913834, 8.779241887462234, 9.141306941076092, 7.3764292458218925, 8.627053077741696, 9.545162230157345, 9.348836203696145, 10.826862495043098, 12.3621915664605, 13.388487676221928, 9.224257284541173, 7.267778383036325, 7.952164259979005, 12.344650620213518, 9.218717023612786, 12.109165003538795, 10.145089812794309, 13.170379591906, 12.966296740307937, 3.4884352813355037, 9.87597553348237, 9.657275782372288, 8.809937484576094, 8.49168546131392, 4.212139136116574, 7.221595984481486, 9.723465467398638, 7.256824322476041, 7.140576791480694, 6.874321158822921, 10.285793276837586, 7.366807237860845, 6.911033356348161, 5.6934498290791336, 11.879976613662409, 8.482693062613391, 11.356230438771274, 11.746376947275511, 5.962504637134811, 13.806562021990493, 11.185826179782008, 8.445886202197691, 9.179321062105853, 6.920935806068504, 12.01037337299087, 10.90641326304298, 5.9813141574800825, 8.129580450186316, 11.239370388670748, 7.792945124732151, 11.577380913773187, 8.426728476646968, 13.128117401656944, 8.436835946886744, 11.391012535170812, 13.227551814430953, 7.649927924786984, 11.206734581700196, 8.617933092458463, 12.299565728511016, 8.549277876677843, 11.231183223278185, 10.372842444224425, 7.898966894323856, 14.10370471142365, 5.421717017004024, 11.519781635579534, 6.71026896874379, 11.419053188547942, 11.358555605381078, 5.819336594022497, 9.2929958000259, 4.922038759849893, 8.564573580383742, 7.181489183637367, 13.300345216521155, 7.501044969469903, 12.21725831982819, 9.98539832840929, 9.695467188280853, 8.617684316244507, 10.100909952761473, 7.2926884911446, 8.979422551135524, 12.307513131462882, 6.260368325800275, 6.334568506165325, 8.164207287510656, 12.51758098381772, 10.9997227520727, 8.210985348124197, 7.072551492421784, 11.918058462146183, 14.44700758287464, 13.71220659429115, 11.66621776903471, 16.237475539937833, 9.566296932911273, 8.337623216036224, 7.563484938590939, 2.649597315041564, 8.850353026260844, 10.092892788938777, 7.634735777590492, 9.58713613163718, 8.005551209710738, 7.5775670548373535, 8.061919251406515, 2.413667087608926, 13.03907021989516, 7.5476672074921956, 5.397945719744355, 8.76778220212277, 6.869849005053639, 10.599079609276405, 8.40832202419721, 11.199611922020157, 6.501641501669589, 11.292882193021905, 9.792122882031924, 9.862843738155327, 10.348980155584316, 3.0086979310974282, 8.807235636899039, 6.732425261237245, 8.900797391356774, 7.189673220860873, 7.157631343526679, 12.758405928007571, 6.487268568637195, 8.242112020438768, 8.774716969902256, 10.644581852917199, 8.315778300961812, 9.320222679661416, 5.468895445877171, 11.563018829250966, 7.744881663261872, 5.24800733586378, 8.516245324015872, 7.177328827119648, 10.033318015383912, 10.041224658361791, 8.038246700831312, 12.39909425425277, 12.813652219103652, 9.377560610938334, 9.412137379616969, 11.681666795019716, 10.604150999889194, 7.408140534759234, 12.885475486770357, 6.9727095558291845, 10.275777548140699, 11.50749831496812, 10.389170985597413, 8.584540637720659, 11.339319617821271, 5.292766876594742, 10.917286828284833, 11.325781530175865, 3.5696754774722295, 4.281409298090187, 9.062978001125213, 6.608210075201164, 13.087006329378848, 8.833925808799776, 13.018936639675072, 9.747734230298505, 12.274442665875288, 6.8305731348664445, 13.52206398709985, 7.007019063848563, 8.589074150795065, 9.9451703170666, 6.722094305915067, 8.608597723207275, 8.320537740459704, 11.563922990527187, 7.834304923408338, 10.315669010558947, 6.554215103256387, 10.93676644831726, 6.740895034837895, 8.270572425422788, 7.67124624547773, 8.414283378158686, 10.074670511060054, 9.682083920792335, 10.117567512601616, 5.213395238511817, 8.82343315657564, 17.60053624576206, 8.671869167644736, 8.89078652808154, 7.548246327633664, 5.275497186500473, 7.500119110308956, 8.724873767951314, 7.742504554010096, 10.181745253205392, 8.191440176634172, 9.063613333280925, 5.709819774813312, 13.810443341670895, 4.056459411769023, 11.556227108676909, 10.679995131025631, 10.564588779873365, 7.649684919477248, 7.400359195208062, 13.550835481549875, 8.886888148962834, 5.784569260105535, 12.885105748659416, 11.190070452517658, 7.402224288528031, 12.796107563859767, 8.12862838773598, 5.86635848540768, 6.505317340023723, 8.221622738262155, 12.383495666591893, 11.80474636287698, 9.746948225005516, 12.959541573843843, 11.000639416724182, 8.309379443670286, 7.883541771021277, 11.085964721813342, 12.942748508882504, 4.934364387019127, 5.099441393111641, 7.15528445276822, 9.824739695053998, 9.231497424852753, 12.559704316121334, 11.356940902438316, 7.534056961641083, 5.691270821398302, 12.921953479058267, 7.057036244455678, 6.145027633694689, 11.60892129870681, 11.41589755583995, 10.607149456654916, 5.809176149612227, 11.297409404071228, 6.856025459426441, 5.994010897819536, 11.394651212035425, 7.275708947692844, 7.500157231938242, 10.714944062274819, 10.459478275453582, 12.340540560668718, 6.4255698847507565, 6.642186976910399, 8.136495626193643, 8.979493217988484, 8.7419810322639, 12.970859320193325, 11.464650455150169, 9.894323772944682, 6.815782308242452, 8.491273471384266, 12.108075004727516, 8.924219353915406, 8.868936603100906, 9.837261071901164, 11.293568416032738, 10.023572848537828, 9.884902529268071, 11.52025788552521, 9.907300216800207, 7.023148428122092, 10.288825035578844, 8.243287802235107, 6.154275788772991, 9.245640045573325, 10.09762552217062, 6.0761438248913215, 10.386687026042878, 7.274269861422297, 5.427567609820903, 12.445304496594428, 7.001402226674107, 11.355936208334727, 3.3425596166414766, 8.700807846874033, 11.466831820993443, 5.872906905858647, 8.449692189439117, 10.349383888982667, 13.895351255992466, 10.467369616800248, 3.4575430941091736, 9.92278084427526, 11.107271038378276, 9.438205058872118, 7.521975702352706, 9.122709721872255, 9.500551076241832, 8.088435084986212, 8.910270750494636, 12.608963068266455, 3.913089116735204, 10.047818800835982, 6.675146112085847, 7.718601975581192, 4.411962845659105, 8.43532326412808, 11.072007932553516, 6.648982909935135, 9.95180872181867, 10.285862546854194, 7.024068608334797, 8.546328360651788, 8.564275633319383, 10.528787644099294, 6.4001980181582185, 11.4323183282188, 5.805893006984106, 8.115408048082514, 11.066051199974742, 10.475908392086309, 6.537272475196067, 6.08464622347842, 12.513230413321995, 11.296577551685036, 8.182755040969619, 10.662670439923733, 6.66166918603262, 7.648125637243071, 5.811687253319943, 12.111524449856224, 8.536062835848687, 11.00484393525871, 13.186074187698624, 10.486004202185647, 12.25206973399468, 8.064549325817401, 8.07612369541103, 9.688859784358895, 7.339281248815749, 9.86942738440454, 11.647607704575634, 11.852233244219384, 10.033568215673494, 11.279639936684957, 7.855877075582319, 9.537845064478505, 2.967948595840982, 11.888649461684652, 9.809850185868363, 10.634177467208964, 8.542507274407777, 10.54074933877709, 7.056216375318943, 8.2393712877147, 13.129475518566709, 9.3251583217559, 11.17496426008259, 7.317811525760929, 8.734892106992541, 8.19440420341491, 9.276002800113696, 1.9623674532415678, 11.765112007558773, 12.919190006833732, 12.876828552549963, 11.511148068739319, 7.502933907951807, 5.411075067290399, 7.151171088530061, 10.640651111788793, 9.321825038155703, 8.370621375050073, 11.653760720663273, 1.8346570319361228, 13.250138992686123, 6.339823367321084, 9.46178379865497, 8.115963989936207, 12.576386810303184, 2.907074169731362, 5.631920473820189, 8.371784041231743, 5.606941549771392, 6.7310506241818455, 3.8218070525268755, 6.75238904033607, 4.791102587497716, 5.562361599393068, 7.8442095384652175, 5.874290536039131, 10.744712232474733, 11.984747451267536, 7.568557337252541, 9.904045551413045, 9.90216783474622, 7.688185262307006, 8.893849317677939, 7.199675916220765, 8.026432529559392, 10.148597374568258, 12.273733024855506, 5.588617822029231, 7.843532654602397, 8.240921298733586, 10.762225893334904, 7.448245098747053, 11.745496217027291, 8.893943132282569, 8.730053959993931, 11.02940138674107, 12.298891703781152, 5.881817937993757, 12.467689705230827, 9.55182063599402, 7.64701785247101, 9.672410717815723, 4.24225928844718, 7.568505827457155, 5.988318857210492, 8.946710860844753, 11.13164889740308, 5.286727885610919, 8.410559319488733, 8.777311209043516, 6.7754552062534374, 7.537998223648035, 12.951633888753829, 7.861162223554258, 10.382506801305055, 6.976435691680296, 9.720763014968838, 10.00813311777848, 7.9814792127267085, 10.472373397876494, 9.156453085699738, 4.1006962226441885, 10.537540194794431, 8.119849941848338, 11.5848831114594, 7.440053496241229, 10.100685682185528, 9.611338725086508, 13.537935123477759, 10.310440616054969, 7.844558678170292, 8.407636808397882, 8.368917721769062, 9.788769736120749, 16.566901426764236, 9.482529426974969, 14.74675851089004, 8.059442118046004, 7.466669129392351, 7.287876926783632, 6.014760155547957, 8.8389655072701, 8.78639293393073, 10.758040282663366, 11.209462342636744, 7.344937146205831, 11.696852249365088, 13.0149459256408, 5.677676446927705, 7.209914024101273]}, {"header": {"parameterCategory": 2, "parameterNumber": 3, "lo1": 6.000198445256149, "la1": 58.999992894266676, "dx": 0.5, "dy": 0.25, "nx": 22, "ny": 24, "refTime": "2024-01-27T19:00:00.000Z"}, "data": [2.919441653126431, 1.228897642572295, 4.484278138972087, 9.519891374733694, 7.136930432369714, 4.026188331490856, 5.7478120232952445, 7.091582710374103, 1.5034413387005154, -0.24573780819945318, 4.02609300603358, -1.849504154492935, 2.2797565495713887, -0.6480443115413548, 2.5123966461823404, 0.1423461554927853, 0.5203475520986639, -1.875000826777787, 0.03419266707027943, -2.26014027931545, 0.4541381194338745, 3.159973825855844, 5.886466915836415, 3.573072902137758, -0.49410441042216735, 3.9910187218369177, 6.8080105819095555, 9.369406972221991, 6.43029193125896, 3.4772346693908074, 6.1674593747926, 7.131223142128636, 5.261663163485836, 5.361862579921851, 12.192335107969825, 4.349234580667955, 11.071371558233842, 6.899211857936034, 3.463061026600752, -4.683665645165694, 5.805378343866911, 3.303884617448764, 7.32103135264941, 3.3609740434103763, 2.514623221177265, 4.6838665213339254, 7.055550950859041, 1.0973641159930516, -0.4723360640170001, 4.304753143496431, -3.0394331849512652, 5.022900978442123, -3.218577706170095, 1.8705038613339393, 1.8403386495349043, 5.16008392167517, 0.2100153278770062, -0.7705775617286018, 2.8995721608251652, 2.3389741642155735, 1.226512715427396, 4.492628291835355, 0.8417850193204792, -1.389534976528103, 4.577688287671027, -1.9053432023588766, 6.431120795720662, 10.843909331051705, 4.727329377142654, -4.375891567405818, 4.762067532158733, 6.606980550550488, 4.669259213348952, 6.364486304185868, 5.011426288823155, 7.509035416328633, 7.480832910860133, 7.050103332036646, 7.690746264484742, 5.243812182674773, 0.29388961933154883, 0.7021317598307136, 7.226417670886703, 4.114034313773323, 4.947117659039797, 1.1603355490089395, -1.621846397864355, 4.887982888182261, 9.451529057880235, 3.116220525482201, -0.6432926643776395, 1.725609699640367, 7.858818530555405, 4.47843065487023, 0.08404540555651384, -1.618647052378359, 4.679609911735151, -0.7112668339873424, 3.4751755097716286, -1.2063034006244109, 5.926860938638782, 2.6003456518501875, -0.5670784142963028, 7.556007801213841, 2.66170509178122, 3.17961951973446, -0.764200735720823, 5.957941775392695, 6.044190523203697, 5.207972955576868, 8.855474364842626, 4.71698502402511, 6.572750823984876, 6.487850905898952, 3.9727883293979027, 6.243605567519743, -3.195831583877947, 13.02304933762236, 1.596838526783609, 3.3848625332722224, 5.949155644662779, 2.497585826019217, 5.606160023512186, 5.048502042512612, -2.404429069598462, 5.732349176257276, 13.699644791142811, -0.5810271584016646, 4.149553868359107, 3.856860390710558, 8.04869565684299, 3.378891184891499, 4.824394551491679, 5.324750558077345, 4.793540590104953, 7.462093129600741, 2.6933999037642398, 1.5909283481507297, 5.193500191943883, 7.62879568123693, 0.961562444760195, -3.4237856666408635, 5.215777800623749, -1.2246026401685268, 0.16391663145043694, 2.2395152237721763, 1.913262614343355, 7.24765832082, 3.517187345957796, 2.6266537248949877, 7.662972049084741, -0.1096046695236484, 7.680281895980233, 0.8354614488566245, 9.120117768304171, 6.314242676289555, 3.019708489036535, 4.833598058574984, 6.6522440495856445, 1.3600570204942264, 7.842622224759543, -2.773834129411726, 5.362807620783004, -0.9901319853363142, 4.433366410968811, 3.3499877150032136, 6.39110466214644, -1.2668958222135542, -0.31577914773564897, 3.8390288715426024, 4.460007968987557, -0.05428971921634944, 7.304309100526066, 3.3493914724305465, 6.920935965338311, -3.8531143775681302, 10.432709312448825, 2.4218793033995794, -1.2430538670827285, 6.499521851429934, 6.839492347941824, 3.4287792749787376, -3.689886713115163, 2.8238733437907673, 5.539004165164396, 2.486812731642237, 6.02365286815447, -0.2377465291261356, 3.341921566385592, 4.022004820977043, 0.1790055383183694, 1.0898583589823139, 5.801265466790532, -0.6438946823263804, -2.4172971010922604, 4.2700900102719315, 3.035004319792158, 3.3355279100266415, 3.0305666136401004, 7.536096449761017, 8.06261345176104, 0.3924885856207767, 6.222522361495617, -0.738004959900375, 1.446395101205475, 1.9471384328802421, 10.423784335499935, 6.625373094527206, 0.5921967409880623, 6.663928461322908, 3.9686700516132856, 7.214461315323027, 7.218817602288541, 7.975602028536766, 2.7674980830105143, 2.9956207832840582, 1.1856538712442684, -1.3282251689410476, 4.101134605650392, 3.558903800897538, 4.834128509756196, 3.5723774442267264, 4.657460119784347, -1.219865120675687, 0.8710767192337776, 10.02379318052174, 7.479470887068761, 7.640374140969325, 2.494527306680539, 7.301324081342429, -0.26418290454992815, -1.4414439974566948, 6.628968239305882, 5.06657756689335, 0.7493934677658958, 3.311432236752021, 6.182057216611914, 4.49828564812276, 4.250579096987755, -4.4548932337876375, -1.3097765767404985, 0.23193729886016767, 2.0070937543278298, 3.513631693199061, 3.8542993821979645, 1.9408559139282664, 7.552410609592298, 4.855559308180188, 1.4760482478162549, 4.437018702746015, 8.487621227834646, -1.275501636918793, 1.4732914375111066, -0.3439262332546583, 2.225769914900366, 3.077997523652518, 1.8810744587545052, 0.7470938494322213, 0.4173879840891528, 3.3931126420192084, 4.704495565964618, 4.502933896157116, 7.924620072067351, 8.584754097345481, 12.458983882932314, 7.2971836059088675, 5.616687787151394, 0.49450688426651734, 8.162609601183537, -2.926052770654465, 1.8867338331672503, -0.7673194992379143, -1.5734094100972627, 3.240210297335715, 2.4576042445795627, 6.539100888185355, 3.2380119334828836, 2.711084340510491, 4.376562525107463, 3.546950577785733, -1.044842320024228, -1.3578235058676136, 1.7440424693495296, 2.383356118343797, 6.898197971696406, -0.395985932295658, 5.786042710793998, -0.6986645177836939, -0.7181092476511363, 0.7155117599740787, -0.42331143034865176, 7.082416147103532, 7.262714506777535, 6.3003656800658865, 6.745346095911161, -1.8559226788311014, 1.3014724221325977, 1.575677318875023, 6.3262883674204815, -0.07514648617948869, 6.862847175288708, 7.066648347559766, -2.209832858518382, -1.3009190792037562, 5.209957793493671, -1.0447997582544406, 8.760358371610113, 3.888987139832368, 2.3697905196620987, -1.032853014070885, 10.393573344088699, 6.240049125415813, 2.5870355667825335, 6.684805546809885, -0.20219139776906625, 1.748431343360593, 7.2974564106490885, 3.183824347142299, 2.0525014597107436, -0.5756064388675683, 6.128234212200018, 0.9636128490181485, 5.965740396609288, 5.9732842587896595, -0.6482783547996764, 1.7323890229588128, 4.1453213311684705, 3.1588607036125054, 2.1235947417555825, 6.826186455129016, 3.336921998523971, 6.274634092696259, 2.817764580580033, 3.0341530254861038, 3.087959004102431, 5.481307840206146, 0.488947733730644, 1.5956748724867404, 5.6074840675723925, 4.330885696320471, 7.165945166275357, 4.469227308606763, -1.7321720942028058, -2.070337603790256, 5.591748474585065, 6.774203554271292, 4.017395034170945, 5.01694085541806, 6.129317680513171, -0.1152490964264313, 3.832990962778904, 1.542553215157195, 1.5403189583449148, 5.903034274279557, 8.052656146804011, -0.37701618587515706, 1.9834963367094756, 3.394828972671271, 3.0762356395363595, 2.6823292888686265, 7.839236468462953, 3.396593010747988, 1.5850754369640359, 6.775254845627117, 8.837413524761539, 7.908839028275955, 3.232875097636508, 0.2438691045753971, 4.748054332168795, 5.459806925978046, 6.201566371583332, -2.1273470510912307, 2.739910518660348, 6.794560286878005, 2.578631520219524, 3.5945393305882507, 1.6962726167935618, 7.51278586600391, 3.116393882399349, 10.437829332275511, 4.75944947538176, 4.722925671119213, 2.9419174082290667, 6.036112611200536, -0.5442888585451695, 1.2174956352081232, 2.035087936710596, 7.872751625356275, 4.570565748612774, 2.1004672376147124, -1.022415689372573, -0.933057375491459, 2.713423098632213, 6.741891112984478, 3.826129019113801, -2.078779814759363, 8.294183919674765, 6.754329734257571, 6.817255108616854, 3.6598060429993966, 1.9433887549072262, 5.287941665575355, 4.043559761972491, 7.265751983729749, -2.323315198509209, 0.21897140561714423, 0.42607950739646977, 6.031542524832767, 0.5418158577345967, 3.6846077635714947, 4.716592451708561, -0.8577059767801403, 4.580221864968094, 1.2017851771567103, 3.044626776676384, 7.468085395200198, 6.66149284610323, 3.9801856662334427, 5.639926822776055, 4.678308448091457, 9.767526868419631, 9.030644903643648, 6.211695706817318, 0.16881161637421077, 3.8078039027818007, 5.992317821426851, 6.289445080124933, 6.603119108361358, 6.830241162258917, 4.3777691846730376, 1.985182996970054, 7.321936360431309, 0.983959989005241, 0.02871834549223277, 3.950900109599317, -3.09405235050204, 6.397123601160206, 6.629594291637367, 7.480206480156394, 0.7855013373812088, 11.362011102673732, 0.2669887059285368, 6.40354823133439, 6.2851609274080955, 3.9393380263847497, -0.47378017585872423, -0.7029589155358712, 4.48005132756395, 7.718029234973332, -1.9600429047030783, -1.1042751949508554, -1.4708502653943305, 0.009134367760155287, 0.05066531207549039, 8.012169985762464, -0.3329804593139792, 0.7006253654093774, 5.698482375999689, 7.064629138956522, 2.3229072930206436, 8.412779984479908, 4.8589984952334735, 3.1795898509940748, 6.238352473671559, 6.659679878734256, -1.455619281659904, 2.9366711263102543, 6.3881596582738425, 7.738285171138988, 9.02030951637498, 8.371633956857734, 3.3178274254849343, 3.7071176214889157, -0.8280855444670173, 0.05007552406351287, 2.3109487878595516, -1.301187023843495, 3.8488038080396216, 4.100315844156101, 3.1257348270415872, 8.12955978892064, -0.800903119791789, -0.18290885814597968, 7.479052783537278, 13.082470993996832, 0.432885840435021, -1.2596095286747513, 5.7360766502573295, -3.7354275533705965, -0.741917239487522, 0.33085880432500403, 4.333465329585423, 4.474350183541706, -4.11352438439107, 5.543286242322934, 5.555233874153059, 0.5632310093283133, 0.9273317455126002, 2.9856634588347006, 8.425394767262896, 6.96435185580803, 5.2029328955140155, 2.876709394421973, -0.06751086337907958, -0.2498451632227404, 1.2340792514724859, 6.873294735581562, 5.394349110342597, 3.87227971344102, 3.8479100490629405, 3.3297103196297924, -0.8860426870376285, 7.915405467146083, -0.6744732663253367, 6.539633471402763, 2.819703716846453, 2.894740965846465, 3.8907728124849705, 3.825015962445607, -0.4870973938523914, 3.5678813532286062, 0.05620414180238181, 6.154196756709621, 0.6778678558733544, 6.253053884833002, 7.6894524358610035, 4.880851878366576, 2.24280972312257]}]