script/wind10m.json
{"header": {"parameterCategory": 2, "parameterNumber": 2, "lo1": 3.000054539987559, "la1": 64.9999836372058, "dx": 0.5, "dy": 0.25, "nx": 34, "ny": 52, "refTime": "2025-02-02T17:00:00.000Z"}, "data":
[rows 0 to 23 of 52, columns 0 to 33 of 34]
-3.5127799607744405,-3.6545947061849477,-1.9241594768621557,-2.7702590390055923,-3.3566545687255833,-0.02744912476405523,0.7623869036428318,-2.018351883420305,-3.3328670345184963,-5.099138727842152,-7.137029470821115,-8.193064471134065,-9.830756451598875,-10.515730267491287,-11.07835198081112,-10.36137256617985,-6.216162000126227,-7.506568506990983,-4.206548972004483,-12.806837825185951,-4.236965137992492,-0.009284724109028211,-5.011817322505678,-6.054912656994703,-3.362185029974833,-1.4321368806053543,-1.0384328786484258,-2.052345932945554,-0.9477549770184941,-0.9085080150434623,-1.2975354534040464,-1.7524790858892398,-1.9002656815258951,-1.785673518663681
-1.9753294326855528,-2.273222316261111,-1.627095625871809,-1.7600074291809356,-2.4100626422215137,-0.5626919312964508,1.9626062780390783,0.3278280431750237,-2.5703968198295213,-4.414429165261155,-6.899048447097846,-8.254064832905849,-9.34038379017905,-10.226462430150939,-11.211658227057598,-10.445882768969195,-8.658398795007505,-6.390571400010509,-8.981294076893551,-7.3630318747867065,-6.519784948429037,-3.7649731410194525,-1.6443816134811486,-6.689160251553609,-1.9640870092323301,-1.6647701481725101,0.29922757499427827,0.7865667078957838,-0.7102078239438259,-1.8513190650074056,-1.3961500249755654,-1.080480536210223,-1.6804273575579358,-2.168958033398666
-0.8093773123302258,-1.7120273029522288,-3.097696315234711,-0.4037192526634501,-1.9156417578780505,-1.4285503246228186,2.879221985125558,1.4745033700427113,-1.5904076248920245,-2.5905429691595705,-7.086899924781027,-8.054738039839348,-8.632594448342333,-9.575649189537426,-10.289303366234586,-8.979236389488682,-5.413960584997119,-4.216322556478025,-4.676813642530664,-4.73143124523518,-6.0474238332102885,-2.3281723869931366,-3.440561613414158,-4.142632061618113,-2.7565379798243277,-0.7538203428618777,-1.1735983134726582,0.6281221139627854,-0.14669707805697776,-1.7436771266009807,-1.9612570619985372,-1.6191906460458136,-1.6928336506887254,-2.17360034984588
0.042984897586088935,-0.5274811476067774,-0.67234730005553,0.5658645628567311,-1.3432700615908812,-1.711889017490652,4.081370975808292,3.534725483551409,-0.0025760277669502683,-2.6442405078720186,-6.804354808056463,-8.59181738870157,-7.986723835732254,-9.18735620668981,-8.065682614088853,-9.635862568154973,-5.214412727135642,-4.990299027457403,-10.058132384234344,-3.3282347997377033,-8.418523472650097,-4.692073381772004,-5.530007424330573,-2.3767287953125504,-1.5661282727804593,-1.5914576079332141,-0.35843473175837204,-1.4932343133398012,-0.6280186703527195,-0.16125049288255794,-1.4011540385757273,-1.605354438743737,-1.7727869880579004,-1.7711320434011626
0.9440726707354992,0.41219803163140517,0.2374971885794774,0.5093708557222713,0.03867575099535028,-1.089704180430392,1.1290056219110713,3.9277709113327983,0.5842968176903762,-1.3925864223768694,-5.82411017147157,-8.234949340711625,-8.001947014381724,-8.910908100216378,-7.6876796197008055,-6.665213789981882,-4.635151191972302,-4.068877831364758,-5.84237562179087,-7.810603168643814,-7.8694273048085055,-6.666915085223238,-1.0549265067435676,-2.065749827502478,-1.7331255677240631,-2.1297804959035416,-0.9327450905233874,-1.0229625007087242,-1.0591978572959329,0.9070753843666248,-0.873458540198985,-1.7717364033909098,-1.8224284082820503,-1.6734716197817907
1.2450015929418607,0.15708005418338528,1.7602746719226785,1.579662149516302,1.328862704684901,-0.13145760177091514,-1.457338232339867,4.711873603274604,2.3983385618722255,0.18421261248610887,-5.013348732636379,-6.228288929193087,-7.5096649012439975,-9.634745032246819,-4.041704505655234,-3.3002632183641514,-2.1606744635169224,-3.45057969602438,-10.28231721792876,-10.047380007698337,-2.3891905633443167,-3.8796217342219887,-1.653999394938581,-1.1984427177039472,-1.2260316456622355,-0.841466068013069,0.12761867756763756,0.941038808167485,-0.7476511518414163,-0.4252309805580921,-1.3064261310731666,0.24250857804010792,-1.3261969260551019,-1.604510290130886
1.0162707451439659,1.5220366066863216,1.3482536703207892,2.878804807013957,1.8792241015847002,1.1429470247790543,-0.3318174393480423,5.146310054785913,3.7656511890168956,2.6496869575801028,-2.1430498869855965,-2.0673531011507826,-3.9253169519637745,-4.860585219221253,-5.775254465490155,-7.572292809455256,-2.138005779889606,-7.254302163740561,-8.974556663831477,-4.022420030471502,-3.4404804937702735,-1.4748569517631887,-0.9599553176083473,-1.7725510378990441,-1.5382744946155724,-0.016544920328033876,0.3072929756560715,0.25668750929355066,-0.037592324443039324,0.059690204064999836,0.3672267313242474,-0.4571799290900741,-1.292329663569009,-3.2966282623104797
0.7981260602354024,1.4507186356938528,1.0789447145089528,2.5718670013704807,2.3018643010495947,0.6677871833172191,-1.9479392937122928,3.152004846894027,2.665924372975356,-1.3329266380206997,-0.7245353472833151,-2.1512484646990657,0.5747929515034645,-1.4457003269688602,-2.9915020048873573,-1.741407020895145,-2.0139299034661304,-3.002584618969025,-2.467046003008031,-3.1201276860082348,-3.5591842370158653,-1.5955421687069185,-0.9914851476195599,-0.7445469237785781,0.5063554825427669,-0.725652218703505,-0.7456546239198822,-0.19034149961779068,0.5052772172183859,0.9839350841966888,-0.3534220937457584,0.05319147637095409,-0.8002573871887373,-6.006482542694217
0.22324706771968358,0.571116768926041,0.7847610623127297,1.4615016165119583,2.6802177207217235,-0.00335849478868657,-1.1550387291465725,1.6896045583904515,0.13086392561625187,0.2628081240552169,-2.6297168002798244,-1.4804340393661646,-2.238272436226765,-6.368611505347334,-3.221040482629424,-3.740675157826409,-7.256453512456832,-1.4564337457262593,-5.574171002516438,-5.717846248606201,-3.9570401459986297,-1.0143955472688677,0.4761973231936952,-0.3593960416677959,-0.9852787189364355,-0.7959893860171151,1.0470764607925336,1.7510930051399463,0.5663999346901172,1.5014187875740568,0.17863247798712625,-1.340619618592766,-6.433589444003825,-7.019425859824006
-0.3019542336237771,0.5258154593462612,0.7921821069567209,0.665799045959735,2.229983440207873,-0.652225414249644,-1.563827845494142,0.4362759752715892,-2.9077567654075085,0.009979505680197572,-1.1060503239827204,0.6075314319572936,-4.245214645768644,1.7187439222939487,-3.874467035858223,-2.68180444328241,-1.7386407585380663,-5.583105427197496,-5.10273689459454,-1.711500963447946,-0.7492498310285055,-0.972045051127175,-0.5111853814079733,0.47039646643865884,0.4928000559654824,-1.5005532546379259,0.8287913768469276,-0.0014786405096530186,0.06753406739676827,0.46751306268772047,1.0827503526784188,-6.630327061256803,-6.752129596652596,-7.184343951764087
-0.5705739627342441,0.9829049446791227,0.49554985647540845,0.817572162336891,1.1336606105029479,-0.3391415982419313,-0.913890382088932,-0.7624403046813488,-0.2089955152399232,1.4656196151168672,-0.14295295812423953,-3.4516502851733386,-0.13022841357058576,8.260845488772558,2.696158423458831,-4.721613126492467,1.2643395525291397,-1.775522544374463,-5.324004645781761,-1.3808782834765378,-0.882326687052913,-0.7388276328738874,-1.9552357177100201,0.49366197139023954,-1.3301221381466384,0.9425300471940125,1.1483946249589485,-0.09592495551300453,1.318066810810486,0.4949951160477292,0.2812493412530797,-5.76820336264534,-6.942793536024673,-6.45132202143579
-1.047756299033528,-0.3595795839572416,-0.10632207872108042,0.004546043756734137,0.9790206685921776,-0.4397280883212395,-2.6960785026819205,-4.188833485266732,-0.29427786255493726,-8.333834697913096,-3.6369403208926903,-2.5611699204716922,-5.224044968497496,3.6871767424620394,-0.6080733030972595,-0.4715853215965142,-3.6975264715936986,-3.001788039699266,-3.908715546194846,-2.0791319607974224,-1.412968352530464,-1.8279671044358115,0.4712977528725354,0.749959333446516,0.014016902061745395,0.40780628862078566,-0.06475999761013909,0.972616529142028,0.91116360466809,0.5988273314043377,-2.265027936557333,-5.990877499627301,-6.802258147245406,-6.035049536619961
-1.7659135995228028,-0.0951741831192616,-1.5077873131514776,-1.4054873623270643,0.9192487204237695,-0.016892456329513295,2.004485929416098,-0.1842516254311196,-3.08481119231249,-5.550144809158759,-4.966820983969603,-5.866065549421852,-0.24335643590515754,-2.0656246074216704,-2.5244908364501915,3.9537158808669757,-1.0749538765845996,0.8913519811594004,-2.3365396027137235,-0.3416783728088032,-0.9581574801063235,0.03177998529030964,-0.8934834158926208,-0.33889835158668996,-0.1348865595498846,0.8136680459393496,-0.3481225119937105,0.21032830982097286,1.0074320533122008,0.6384727276400747,-5.043830710068149,-5.8431646265179,-5.933834761714276,-5.949405010464366
-1.7818541113730784,-0.6990462360372124,-2.4868468778951645,-3.1841454139632868,-0.2734345824809308,-4.469253805038032,4.547139769292941,1.9668928712694025,-6.0308790259902665,-0.2770793657047754,-2.4579679745845446,2.351730526363224,-2.62870720063267,-1.3745639954738247,-2.531860082951173,-1.2887282109285958,-0.3273884687971409,-1.2317710259852854,-2.252431017674825,-1.309945298670905,0.17311110011638792,-1.0963692768714666,0.18984854690936437,1.694089448539781,1.0986739218709662,0.898648964347964,2.1627805016784643,0.8037965437825272,1.2036101979190714,0.13146123930620865,-5.439619455012384,-5.1705502583797935,-5.556159515628976,-5.593154079110995
-2.5194423646479764,-0.9227840684292884,-3.2037671248470914,-3.8998866469455344,-3.051425298789923,-1.9068339320841987,0.6230959244821391,-4.10238550307931,-2.975885412029603,-1.8143643504486313,-0.9366521162852389,0.2548998305577941,-0.2566031618331331,0.4749670986798922,-1.4898616249221808,-0.35316845546683495,1.6437407542517855,-1.1755219121448637,0.11955313183379422,-0.8001816444956229,0.4541095256705779,-0.4354653233756518,-1.8289745646436149,1.3043581668295088,0.5254540301796736,0.12472891061998499,0.7816911246598219,1.3256530543458904,0.9944596067135749,-1.330497664381959,-3.393403481046252,-4.654997874553402,-5.629712149526516,-5.413803022472407
-2.635724753365384,-2.4607270900113765,-4.328212477596542,-4.151563174941459,-2.2574091373943017,-2.1490157829811984,-3.4443359179380346,1.5127788223452374,-0.35467175769381815,-1.9320186222744957,-4.542624121612021,-3.3072297388926035,-3.0156943433062136,0.39053318309008345,-0.09144182831088994,-2.6064866069756967,0.7029874757769234,-1.7298608810001788,-1.0457011918540071,0.32290284990808676,0.38129868573104947,0.4197783784603652,1.355981312675116,1.413163096228278,-0.7280406093445739,0.10059447999697832,0.9173846866874598,1.8566446593942854,0.4952258784471515,-1.760650287206955,-3.8426558240205906,-4.228695338866073,-3.864974269334858,-4.859917152144413
-2.0237871900198297,-2.2850588695772274,-4.545474188155544,-4.802587202807481,-2.6112635860384654,-1.018107105519629,-3.4844389144020034,-1.2239707829250446,0.4964582306039671,-3.2049447567653404,-2.968210211606915,1.052275001433479,0.15275191857302603,1.1073664135996386,0.7936614885337474,-0.11211620730638101,-1.3350049735770018,-0.5836686057689845,0.5716727024896827,-0.5019686176321951,0.3466886680106209,0.3358349641409212,-0.4139469104495591,1.118860106524821,-0.11191421944223408,0.0650153209420936,0.9651389951214827,0.9243825718008827,0.739966643290874,-2.8932382060875534,-2.9021142364006147,-4.03365151988151,-3.2231132984273363,-4.188538613791017
-1.6126868828833727,-2.55661861908425,-3.5841612908852993,-5.463918764999136,-2.78368954451337,-2.206067324449105,-1.8618185867923183,-0.6921053295943432,-2.515563350857916,1.1209621147001627,1.0132213212796946,-0.8397661184536085,0.13907496289066035,0.3668902897266011,0.021137527701537092,0.12951835491333313,-1.1151240369523405,0.30642065843046007,-1.6677436907615122,-1.8511373054941944,-2.0411120543303998,0.6651231223748598,-0.0794507511072904,0.9787816137259512,-1.3422423100271592,-0.07513820171108626,0.8011426700701476,1.1034492579555317,0.6625263255508178,-2.0020956907864806,-3.172119447682149,-2.883853199019517,-3.462479825421343,-3.6535664726821326
-1.2249748415289594,-2.4567714046472897,-2.458654693669748,-5.544786947755742,-3.437121198084647,-1.9855538216844475,2.1410867961397866,-1.3610893808391522,-5.59627048523896,-0.7638692341419351,-2.067540866157151,-1.018724214011009,-1.2574154883259632,0.162663104899376,0.5832095070783966,-1.7167808354199439,0.37477035757850496,-0.21880216823625703,-0.6490392267872214,0.3932281692685248,0.8565799949586552,-1.5883599299622058,-0.6969617971931753,0.13707345963824727,-0.6695368506164352,1.0307487236828226,0.37852566609460436,0.2653722665398582,0.36464622822979426,-0.9214378878007554,-0.8359664758395167,-1.3256956066933214,-2.235831617134368,-3.4891329211891384
-1.2408151060904116,-2.083099800179236,-2.868227883797868,-4.705509441273582,-2.3009810343725667,-2.271845852407509,1.0802254403363392,-1.8105745413487602,0.8295867263368998,-1.145655996525747,-2.168853762918912,-3.0303890699044396,-1.5073403018172091,-0.6863697638979865,-0.5031579105043686,-1.9992739220944336,-0.0432330198525802,-0.22113534794420953,0.08186192404090412,0.37606573377308317,-0.6131261372573537,-0.5788593451223794,-1.3268279814714021,-0.5509513139662172,-0.5592473426398984,0.6755546770818681,1.564671826473374,0.47640179658357795,0.7391853824626796,-0.1638469783278585,-0.4053578535885201,-0.044823582684789046,-1.1336618033147532,-0.6135015544144847
-1.195748275693985,-0.3875724764640977,-2.323325859226936,-3.0909742830593205,-4.505916550600321,-2.2500797625686366,-3.5514716423553643,0.38779563228453096,1.6000749648023354,0.1917826267898297,-0.6506140373156074,-1.9675223950292902,-1.0272448191777361,0.1316203721142268,1.3683460664887452,-1.3113176893697032,-1.1508245550487892,0.6798491421856051,-0.49923424116943155,-1.3253524501747922,-0.6593967815365129,0.07513693886871263,-1.396127086462767,-0.49840800500043353,0.10285410705321985,0.8388847014003549,1.1224537577411444,1.4176054831477929,0.5317462032220661,0.7979334962668565,0.21412764792166744,0.05358739959955802,-1.169645351263803,-0.6408396786841486
-0.7020134413017155,-0.6702129313638118,-1.8012120301774908,-3.326788321815106,-5.6907701210176915,-4.179798352827364,-2.9342356045045555,-0.921966381630552,-1.0362667312023706,-0.7504629415216487,-0.03838967120342137,-0.6894712704541452,0.32698250339652135,1.2311380257127318,1.0153991942518765,0.3759898643462395,-1.2045016027358106,-1.1901555789573415,0.04338383323494858,-1.327250107601255,-0.7800529910566538,-0.3933081222097977,-0.2897627927770452,-0.32474649962830954,-0.1896536155461034,0.3833239211450656,0.7446845060362162,1.5870417772898726,1.3216935070912963,1.0139645747421315,0.5561696610687107,0.6227546885187394,0.27513383684898385,-0.2670608082402979
-0.18940035143709588,-0.6617711403182771,-2.5948035223178945,-3.5506539891781563,-4.6355187544884116,-2.6458371338130857,-1.9730219765811368,1.8681195462667965,2.5745972302770403,-2.0250030903084917,-0.4343675620282569,-1.8780898810314337,0.7103982812243909,-0.8443566439543777,0.1352205270486007,-0.6179543422477418,-1.2279446554494597,-1.3786088747303673,0.44469436710594096,-1.9771367442048688,-1.1281816804169464,-0.4203899527725011,-1.2616504011829541,-0.7702668528951487,-0.20848501746023942,-0.0695049862814871,0.811468593572351,1.2155846095140583,1.1418450889903087,1.332984685815776,1.5620401440342042,1.149170258394524,0.8392977948518469,-0.2681961702538968
1.060090219732884,-0.7471860123722416,-2.6934630639318144,-3.210951707175083,-3.637769231620215,-4.399895527782957,-0.07514190157652109,-3.9922520765270506,-0.41041036064349534,-2.0426387597724496,1.0568519103058185,-1.6164092007873454,-1.0289666126305343,-0.44081453361624084,-0.8086290432452315,-1.4803534240333645,-1.3715382605397797,-1.8561870650758094,-1.1518617524088057,-1.5828726810141316,-0.11167431899732168,-1.3004823679099704,-1.1856287231657665,-0.5315782999586975,-0.13235444780698055,-0.1333743906823271,-0.005523463951601743,1.1055873532626914,1.2991659133762967,1.3084423321440077,2.0442280934529764,1.323133603547452,2.8136972856505804,-0.023722828383448805
