script/wind10m.json
{"header": {"parameterCategory": 2, "parameterNumber": 3, "lo1": 3.000054539987559, "la1": 64.9999836372058, "dx": 0.5, "dy": 0.25, "nx": 34, "ny": 52, "refTime": "2025-05-30T15:00:00.000Z"}, "data":
[rows 24 to 47 of 52, columns 0 to 33 of 34]
-5.927780245917711,-4.4110760156002495,-3.618323097630073,-4.190237109762101,-2.3952345390683374,-1.828450668265908,-0.5256088213342306,-3.195255154984572,-3.5970443316780805,-2.3048716032518173,-2.1139570133520293,-1.5855857147373622,-1.2751674075789934,-0.4408705165945446,-1.088993774043195,8.006290494103386,7.062833175088115,2.587094049028023,2.3513996141286277,2.154028963870537,5.190404463719599,7.979214024193907,4.203618094857878,1.9520839648806896,1.7494901529261502,1.8042229417819564,2.104811527793307,0.8317608816256152,0.4328168438286088,0.3531304334459655,1.6411236170714272,5.59362710111992,8.538368273951491,7.9808369368480525
-5.368272990462612,-5.338928287614662,-4.108539085608744,-3.887608805175401,-4.043075250017198,-3.614028205696873,-1.6536994564769172,-1.4345135511039957,-0.860363307796221,-0.45355142429037076,-1.0419139934896013,-0.26816334093155875,-0.24477564385605619,5.022074906253542,7.281441869381656,7.36681498146253,7.476021343885734,2.634834392085192,2.422802557080862,2.2687888964754443,6.685359704166959,6.141066447298445,1.709717613895153,1.5897043221592668,1.8758574601021791,1.3471544816460979,0.7564011619616219,0.524665969094628,0.5614673903642249,2.5473311584377196,8.147743866279631,8.730045425603151,8.219987526375533,7.498326536103067
-4.689227630606867,-3.555447551945956,-2.7538042476028552,-4.227625668611438,-2.902729710300744,-4.202687030347353,-1.7997148221929107,-1.2524566546746687,-0.9739594217735761,-0.7013437661679655,-0.5450567372876967,-0.48421152087662084,0.3640326141088413,6.981221808163351,6.945966114862123,6.602275963703256,6.558642602579059,2.390586953083377,2.0696226200017227,5.22727952165317,2.5819089653483758,2.2084943331535967,1.8924864566173438,2.292996634546364,1.6829761416452975,0.7621232124016587,0.6994814287177464,-0.15164576728493054,-1.052583352452907,4.820392564441376,8.618661126157953,8.704289243062963,7.636795613078489,7.636063295260747
-3.5214802061597186,-2.6719884120997808,-2.522038712844114,-3.441685502629184,-2.8119745390654205,-2.8222943129408713,-3.2677736314066697,-0.06279962386258482,-0.348388211586001,0.10636035821738425,-0.27928943987015636,7.6281636059647555,7.165006811120926,6.708106401948398,6.321937617446269,6.0676291122478725,5.955421740253406,3.7903755108413737,2.220468865041889,1.9382411936515427,2.328370917439452,1.0101290089920754,0.45152768438874635,1.6610113241324265,0.13029514393280597,-0.29697056117823917,-0.0770274771680277,-0.03956250704386761,0.4679133459061452,6.606523591436024,9.289751868170933,8.839705367378313,7.686301392809633,8.821244529058378
-3.303925553040397,-2.6487292166218177,-2.4146582330921573,-2.444101511849475,-2.4827241472902064,-2.594570878659019,-3.339491423534101,-3.0969803578380337,-1.564505819266144,0.9307281639091267,5.001939882014889,4.916620823208585,4.7878001863448105,5.016054986644624,5.36977798602595,5.269894087245315,5.084976332521452,4.139429578376745,1.6048617782717534,1.2094413573617604,1.3295975734381795,1.640578874017134,1.3416364568649595,1.3805736249379152,0.9230129442248566,0.3495557060343518,0.3078465376172621,0.4633279080093702,1.8430050176797783,7.758485244013687,9.742056200433582,8.898912850429312,3.811545746917186,9.340891046591379
-2.9004834022999146,-3.4896471057246083,-4.145174618562766,-4.130084064924328,-2.689143385993162,-2.2472946748519838,-1.6998388854763902,-2.3575977726618724,-2.674477403383779,-2.0330707308630327,-0.2010078276237256,1.194823969783351,2.1581104203655563,3.2017881484581614,4.395632100280212,4.368900700103202,2.6767291215399767,3.4637750611445144,1.9955632259882372,1.4922594903188282,1.7023293066364358,2.216224678312511,1.9573398492051284,1.6263952646486994,1.656302043725291,1.3828507948579887,1.1499904656428495,1.0782172986680318,3.008695419146727,7.448253054121365,9.249097302875569,3.754582230293314,7.15421630080992,8.896909531055423
-4.679031768983131,-4.227433271993276,-3.1211300723743904,-2.261085256749306,-2.3656762905556494,-3.411526273193,-3.500443924139831,-3.325440924881647,-2.307244949266106,-2.100787618894813,-0.8189759246795619,0.12857959319733578,1.1099253132319693,2.0818190768078337,1.438365555615775,2.250053449561347,4.405326827098758,4.7632173623952605,1.9440471425638173,1.7500686190634487,1.8278028751400008,1.7883843402923572,1.7357099483395892,1.9511999959614865,2.158557281762715,1.6168587820947586,1.0416885439460737,1.0038925896451478,4.1851916686199795,7.985818236761118,7.656017529500845,2.947445099887091,8.473194749426536,8.51633897213405
-3.1705568725033215,-4.26553348526404,-4.69343330374064,-2.187685196683375,-3.761771584340215,-3.489835445941966,-2.054580654485442,-1.4446153836817253,-0.9679027950652489,-0.6253758008117122,-0.34073204317843975,1.282767869039439,2.36404870740554,2.036009891248284,1.2723223446052205,0.8912392008365575,1.3998876511650493,3.1357723688171117,3.5882629071285255,1.7853546166333405,1.8456245041195356,1.1664383305875337,1.0781398677024991,1.3653746635286894,1.3568288401779798,1.0941475634379263,1.1769811160108696,1.548868697821986,0.8583128286827502,7.726332518427157,8.080407119983617,3.1905334350697205,8.30334609769934,7.846923771912742
-5.598667564340736,-4.865788727085643,-3.0169439279418073,-3.1246594453255963,-2.569892200448838,-2.3570968810628847,-1.8344090938089206,-1.2146833293743504,-0.2730113236144964,0.6962402743560165,1.4087295139373968,1.1341954080764598,0.4951381060792226,0.7933933727148473,0.21759555439955552,1.4971359354862244,1.34419615963799,0.9239878851641745,0.5063421132761604,-0.02306030881334094,0.562810222449244,0.7432572504907097,1.2869685993259414,0.9171469546560104,1.0404673065602401,0.8565801967380293,0.8250851062700079,1.4883662500437969,2.495006702215825,8.787107513283196,8.031725294817187,6.336219978689601,6.908047829344594,7.573823684000609
-5.058226774978849,-3.305574173815158,0.9378209316100177,0.25281679490778497,-0.34181800870963336,-0.1103659842624934,0.18544490713107958,-0.2532627821862918,-0.762705013135664,-1.2259517163589726,-0.3390487283101335,0.27275013349109434,0.09905258929190222,-0.5318220634683027,0.15114789845345747,-0.33946978596812677,1.3211781691420321,-0.499125868012937,-1.0733100288705044,-0.41736159805471096,-0.08281202027010416,0.23400437169595278,0.6889508833230996,1.247004738331994,1.279390379602473,1.1459373933201462,0.8787117523870196,1.7658553901899705,5.417106086301749,8.155271995975635,7.338979841247881,5.981184536196503,6.469211941488946,6.795896791144901
1.2838726442685784,2.755987405560522,2.686715507389589,2.314222154263289,2.3090503540634844,1.2113924919647048,-0.5145914034551122,-0.20954933649414548,-0.4379458863912121,1.5502054342390243,2.5024249792323507,1.2976540173647364,1.5154282437624191,1.6551662129310027,0.4255210655226419,-0.09123225215961961,0.21758166264407428,1.1911751161774466,2.244253963192123,1.729792329325107,0.38772730011940243,-0.11186868916830654,0.2552998743727094,0.758418479946327,0.3734273597340859,0.19322312604983352,0.5504592233152629,0.5177808782935135,7.671682708639257,7.099645074082094,6.610205056182067,5.74408859912305,6.313724580242404,6.725027715325409
2.8100317435948208,2.852970843802641,2.2360003684242824,2.251331603465055,1.712914684639096,1.2300500397613734,0.15701533010127194,-0.010728745851168196,0.9578995403895953,1.963517844888123,2.7329626322730713,1.4475866888597995,1.980575785950953,2.193446631314046,1.9600816790413629,2.022864325637457,4.645087249654565,5.3884525393153995,5.066257246182448,2.8607184314391136,0.8176541253075337,0.5320035081957396,-0.5773133212720268,-0.4213199931275226,0.0502480373582796,-0.044582661955402926,0.5368504596543743,4.68858311577941,5.985392304213814,6.3945801352860405,5.789289321415748,5.334147707122937,6.097081560903256,6.258137640746702
2.2878271514283965,2.5523786634520302,2.5841077369554255,1.8828142982410152,0.5429112177558593,-0.3100772650263176,0.5139000595052091,0.42315959267497055,1.1066719393690825,1.892851596636726,3.0917743975688627,1.3342469678897682,1.6361292974528825,1.3833164922549936,1.975843804856459,3.7517451715971104,4.945902283872116,4.270167859101291,1.110201055034584,0.66449903403565,1.14524562352301,0.545264425862913,0.031211113375618674,-0.3634805032573699,3.7160771106913666,4.27903178140864,4.911119257189318,4.633021621154092,5.127761076338189,5.477639430217702,5.624160012476966,4.784191857624531,5.633001381850251,5.706898538374917
2.0626382688300797,1.7982940288317184,1.3896391223688007,0.6313459759315818,0.5947948580296504,1.3692778784505062,1.0367168076055304,1.2032196861466014,1.8600798015958147,2.4005066635715853,2.673373521378257,1.1537311305610505,1.124189724211999,0.9503015757222103,1.791484157685449,4.069312873707867,3.0157498289325533,1.7495182724040796,1.4514503705056763,1.013643807437171,1.5177622956965455,1.5275399648244414,0.9301792081959799,6.4787225739234495,6.378504738138671,4.920143857509739,4.170560032027113,3.7254609156384455,4.3570452369948285,5.017070157203629,4.803950382366542,4.174594185311021,4.847106517914624,5.137994550090783
1.503124253448735,1.554051041518677,2.012068755459129,1.5920953073660902,2.0418997992038337,1.9874719442534234,1.713987261370475,1.4840877643418908,2.0534616012401186,2.1437659830393003,1.673236793475919,0.6276812194760247,0.6800438772785655,0.9233752545530532,1.7975581072247508,2.375701898315004,2.226520878669577,1.3493141621221412,1.907329877812162,3.073711103253023,3.0844555574653136,2.378794725680587,4.44214856964587,7.287180529394193,5.3481034888026855,4.294671545161083,3.023875393156394,3.4419382086828696,4.219459593585774,5.101504351723144,4.58289852413751,3.8382198275411183,4.116011449436685,5.329948027086992
2.5196707714697877,2.244026345510063,1.6508431682587126,1.980527773862175,2.2048112021911868,2.312585656150408,2.262916904740114,2.417897374225395,2.5389214081895273,2.394784691519318,1.9821116853421308,1.4220292645486021,0.5532031401310691,0.4810577302082545,0.8044107326746686,1.7130404218533812,1.4452445558219331,1.7908309455485354,2.206457942461739,3.9017544145995355,3.0286838007953456,3.6485646398122236,5.360584565353385,6.43638625338882,3.5136770966591038,2.532215410242356,3.827354616478429,4.118397695839252,4.389205006718973,4.453121354932688,3.55920675887535,3.2242525200514764,4.878748901367622,5.755030997722376
2.9608907022539013,2.416203188543871,2.052017386714861,2.2698522874588525,1.9292972408767368,2.2047612745488054,2.8136626283362682,3.19428234561318,3.342711499348628,2.8768483267246436,2.478500354366223,1.681620834330741,0.5508933253781376,0.9914698682512577,1.1157268408021006,2.5927112032109667,3.543695348200868,2.9294964060392803,1.9994494771378672,1.1929186050499134,4.68558115595946,5.036079903831024,4.139844281128757,2.381060058694455,1.4031728635616225,3.235035463966905,3.071502309573652,3.1096961917657158,3.997828138344416,4.016128181415569,3.279940844129348,3.036959006413295,4.648304515193827,5.536961303415125
2.917074303949759,2.533251748078438,2.327617681796916,3.0482704872967723,2.5372730089148408,2.5970838305698365,3.034896572098541,3.233025672113079,3.212994792992785,3.0122866098854737,2.478094930022741,1.5163790948494886,0.5820565265856414,1.4977585283486934,2.921194705989308,3.752684416468073,3.630839567725425,2.9656643292253015,2.202112126238714,4.489662543766383,4.450714736125421,3.8637108473599935,3.3532149083286202,2.139300933704117,1.9565996881805974,3.4035682782382892,3.212945716948589,2.4304145535830735,2.975219950509617,1.1631978729871066,0.09711198465578162,2.9190189399612945,3.3967108791007017,5.690043550817928
2.954976948099909,2.5229037367512,3.2486073773426067,3.469278961654101,3.2446609279763523,3.6741069502472516,3.8074223034538215,3.9313704620176613,3.7329643819126184,3.4939980607109957,3.2818183416877056,2.582624223376685,1.189072812204377,1.4384959364183396,3.266186367772252,3.2205166245019945,3.1173970676250606,3.2720840320565814,1.3223888538409632,3.50110104595429,2.004776090508394,0.5731826782742239,0.28287392986086807,2.3462694833666142,2.3455849577436068,1.9225314676398215,2.126094203853869,0.9357413109698285,-0.21242946468565915,0.1170481611597497,0.8441550706704517,0.8788287750611774,3.5657594376125825,5.0388531967740855
1.3684779421929938,1.862822328667788,3.420273275584412,3.7831370451347124,3.79199740087431,3.8074155304919066,4.284845201556237,4.23370863943439,4.511328666735899,3.9013593641275097,3.4991774894403203,2.764077892160955,0.9496058076504056,0.8601377496420372,1.6929891853670405,1.893741077467763,2.1240030305145856,1.344410300790934,1.5471443412893726,0.3550625886362011,0.5687388186397125,0.7704328600177672,2.2613222855342237,2.7838032175162724,2.4139932732913856,1.540817917376658,-0.06923795070188021,-0.6506940543482811,-0.34103242851933396,1.136551687692776,1.1739281077252133,1.8823146630484722,2.2849222319971223,2.4412564873427556
2.816611568110837,3.3437993158329173,3.829998038809985,3.7963684277164704,3.9600881293437746,4.247888279288661,4.70162619185993,5.014245648270573,4.805094132374747,4.433212591510434,3.5544910086244426,2.060434817068638,0.2547963301921757,0.191049907051236,1.027891312484131,1.4250215395739982,0.039208737184904335,-0.016612595586353945,1.3670125983521573,0.9831615149339783,0.07788751245302565,0.39507709454913414,0.4100300414994788,2.150065407545124,0.5949493379875717,0.9919152631702838,-0.1357241011480462,-0.6665880548317451,0.632772477006115,0.46470022203112815,0.8317626982193791,1.1715578179321022,1.8809910212066967,2.488528558394198
2.2515586750536802,2.3766174324115856,4.2803955388861095,5.106246474768923,5.455002000537155,5.4012470499672265,5.0676707533388345,5.243709172558852,4.185355713987776,2.545996665267781,0.5648643621801297,-0.42811235409136217,-1.1170048760924354,-0.7472548884935957,-0.7374956922370588,-0.5277908994495586,0.35777782892154375,0.2665745698937659,1.4760660665053265,0.31350588051098366,0.17725977538109544,1.8810350278711,1.763036976924983,1.1661016214864879,0.4101432708561274,-0.22837577296940853,0.10009542586488397,-0.07261907458496966,1.2597237937263912,0.7985150918785988,0.2914001078212285,1.1429343688816638,1.6586833190949826,1.7550530600430856
4.144066539124285,5.170685916789332,5.4758359789850894,5.752443865315415,5.968717320011275,4.014547999059881,4.977659265166033,2.7856134267001056,2.3267779718272177,-0.13246539711998212,-1.2062381312567974,-2.445558466868275,-0.06785259119944138,0.3405934289795847,0.07843248919533412,0.5924849256259314,0.7173040679404967,1.5955352476578963,0.7045582786352212,0.8637626345456518,1.598056116118806,-0.0010714329821960547,-0.30222560873691057,-0.22853406780779983,-0.4593902492044601,-0.11528731174314294,-0.2493861839127137,0.4745146815240451,0.5803603093006042,1.75053518404718,0.36742846029522164,0.8782694823963969,1.5000349489498488,1.5676185732488972
4.898911292779963,4.963091958304028,5.663620739061061,5.857813942564904,4.8207388173739645,4.924466744546872,1.388143121614636,0.6859447630236986,-0.6188127948334134,-1.2748798849025889,-0.28801002768786205,-0.6923917624628068,-0.26247077879910213,0.43389020344389784,0.3310846989951147,1.145269543015289,1.2243725703704753,0.702460073774156,1.3822294484121012,0.9172935105245013,0.37823822443678323,0.5287211859964448,-1.0800037480821174,-0.7368383699868905,0.1572428154846987,0.16310669552559984,0.3704100470628392,0.6440832260130375,0.6339496491967609,0.4249597307569761,0.7247071573578783,1.8771996815926464,1.4629653439041628,1.4326483799280914
