script/wind10m.json
{"header": {"parameterCategory": 2, "parameterNumber": 3, "lo1": 6.000027932988019, "la1": 58.9999434238085, "dx": 0.5, "dy": 0.25, "nx": 22, "ny": 24, "refTime": "2024-05-30T22:00:00.000Z"}, "data":
[rows 0 to 23 of 24, columns 0 to 21 of 22]
0.08781353080033137,-0.3076988948642236,-0.005192888725311277,-1.1913780319953289,-1.5635781363690395,-1.734890311953137,-1.2579262277580463,-1.4339719148565977,-2.7312595568486273,-4.652455010357619,-1.4745161932439474,-0.6215248339535475,-1.409964940174235,-1.9169749317664724,-4.519886691734389,-3.92747762395873,0.2894928152617545,0.5795724937022557,0.6037153666352492,0.8043489940961952,0.8778570550885125,0.4636688741041036
-0.5175867637148436,-1.6074019952059657,-0.6801173810259894,-1.1083374631526033,-2.052401523639763,-1.2439101315384549,-1.6050086293039,-3.673087664123209,-4.532142793546614,-4.087685508517673,-3.0584279194703847,-1.5029339954954497,-1.5414953029452714,-1.934587798104642,-4.926841798390139,-4.88907187232731,0.2680497669298342,0.3636997518524755,0.3209528512820522,0.5924579086325094,-0.46218401240941875,-0.21113353446645083
-0.5014307008699572,-0.4843124608800966,-1.4305601891914952,-1.0471729202634943,-1.195478988022531,-1.3398914080045283,-3.871757259370501,-3.291807597310027,-4.079514933774674,-3.8746470904065533,-2.7894406362540827,-0.7000451030711539,0.19557375259210688,-4.750924177776344,-1.806434137395562,-1.0911712626654169,-0.5901975483283857,0.83028226590427,-0.6775695807630707,0.02810929164069865,-0.8350403120465382,-0.30110204657918105
-4.304841392923197,-2.177946415180884,-1.0400748918533824,-1.0920482617899954,-1.3279965288927824,-3.6433182816649583,-3.894725739032628,-3.889377166728853,-3.567115563326452,-2.8207033396153767,-2.455591099263103,-0.351109677997896,-0.6995734672030832,-1.5725262495988754,-1.2048466919810712,-0.2338867539407556,-1.3634138143795476,-0.6156519633127084,-0.8467651184811914,-0.30026616324052624,-0.3532701572448865,-0.804572069529254
-5.516907038367995,-3.676965992917399,-1.4603169233753222,-1.6421664439272878,-3.5702725151109647,-4.819826837514557,-3.4679891094182613,-3.7911872400637154,-4.096531811028961,-2.682956884531665,-2.6698403708289944,-1.37784936777395,-0.8125934403498472,-1.0353018451355778,-1.047345287064776,-0.891968985958197,-0.655032411967511,-0.42773811522901534,-0.7464046079792669,-0.5005088916418415,-0.5373265908155747,-1.2886906364294488
-5.426436773273981,-0.41675730459065374,-3.239685681309235,-4.36965235896955,-4.664446628856012,-4.283795574717956,-3.4213549811290243,-3.0272167338503824,-3.5133824349734284,-2.2004660732187045,-2.0667365240008886,-0.6657525421018736,-1.087312735661806,-1.2922867850420898,-1.4373262792991397,-1.5883609689802185,-1.1808234641577686,-0.8282002676853603,-1.3062710431303173,-1.1562306490878602,-0.96035726089538,-1.2923949282098817
-3.5622380922556607,-4.269933378511267,-4.335613285878785,-4.470591211237434,-4.450426042634378,-3.5540735887385693,-2.383288083422765,-2.2935934625219985,-1.4352649111199178,-1.923960303237225,-1.7848543008590478,-2.462558458696624,-1.2288411361136253,-0.1402790965934649,-0.9705427927998119,-0.8088754380011427,-1.5496701520633716,-1.3320482776594678,-1.5503136155565498,-1.5295985561063674,-0.7604558047467722,-1.170139217497184
-3.304989939557563,-3.922329678058541,-4.3946787853076,-3.765536794554291,-3.820075901167647,-3.361979374503067,-1.9967136535185577,-0.4815991328920289,-1.1519055710109691,-1.7643779266190158,-1.6592372831662714,-2.26502204424509,-3.0260852582747826,-1.4471245318467516,-1.3695527153556986,-1.742876678437133,-1.0116942069264616,-1.0768843233167855,-1.537867590565028,-1.359211394039212,-1.6885910631886716,-3.294530987382004
-3.987906903465797,-5.165785833451299,-5.000555904368915,-4.613950120799715,-3.822835408425249,-0.8101870552773431,-1.0724527005133733,-0.6061816460876913,-0.941577656563793,-3.9206064988748897,-3.6915880493236246,-3.6326011327108034,-3.8946405083803937,-1.8036405380764478,-1.4571818190546793,-1.1225150621954068,-0.9621885585802304,-0.8670688051790533,-0.8041853762997484,-1.6224679749743725,-1.461525700483929,-3.2774378759378515
-2.200911209071255,-5.159608103058658,-5.086256842610256,-5.275387011992591,-4.744245251772518,-2.0945827208970695,-0.7485326652816147,-1.3783482969558165,-1.8224786584606802,-3.5253495760679048,-2.359508264427868,-3.192754639978477,-3.377641896304845,-3.14499850938691,-1.17654796817181,-1.372691689131006,-1.0501201855446378,-0.28022367610876475,-1.1633080705854761,-1.3861358351224224,-1.6884005054160307,-4.036787272462509
-1.2153098433988836,-2.0123517893408263,-4.002668235592105,-5.147434905361102,-3.1957127942884056,-1.3655588378617771,-1.0753391703626956,-1.0281793151855447,-2.6308483193354117,-2.5112047896206686,-2.578154066128271,-3.949018853211135,-3.810087254958669,-2.9870380143953246,-2.103102510782808,-0.5273761616444514,-1.3833227818704803,-0.9299381284128012,-1.2297318510703714,-1.229723639275258,-1.3797775226447264,-2.4106763831488998
-1.839603451090836,-1.65001958878585,-3.275334230157648,-4.30498345041679,-2.7077084748442433,-1.6130680178612329,-1.6733635002829688,-2.02508909373853,-1.9866861143686396,-1.8092695654345705,-4.149861060703481,-2.920627605575733,-2.773700473435486,-1.1064150861330095,-0.49662027541997206,-0.7564108061637878,-1.0818206749228008,-0.5877773093781762,-0.9928479168530939,-1.0304798214403978,-1.8877935057888973,-4.574121036451952
-1.4649128149996289,-2.1075988057353023,-2.7243528599768756,-3.8027518929858233,-3.324238814799386,-1.7309152715955787,-1.0872653609119918,-1.5540782356614649,-1.9146460690836138,-1.287497380563385,-1.0953329603882518,-1.1873547217527987,-0.533212405194639,-0.7944410497489172,-0.2923414217139164,-0.6776520795135428,0.8418758446269347,-0.4003002960178975,-2.305487864320551,-1.0563001501458549,-4.188759998768261,-4.601912503868111
-0.8450078905398949,-1.716089862091566,-3.276822661805334,-4.527477118446365,-3.02208275874382,-1.993351311303965,-1.7499548093791482,-1.3979603857135465,-2.8246962846582018,-1.281401964815519,-2.616678418223555,-1.099781611354078,-1.7202798769673,-0.8966441939216219,-1.7118606254260926,-2.0308583028572573,-0.823228785710268,-1.497316249339338,-1.8622526735329408,-2.8087116120083473,-3.9201309055335547,-4.8330201262288375
-0.3937153619009432,-1.6950096598377937,-4.388053829726239,-4.78165821349173,-5.065438589761573,-1.8403967998067106,-1.6737003173023837,-1.1686615484432847,-0.6192771514487524,-1.2129765888385031,-0.914996050098758,-0.01042262853412686,-1.2117060568805655,-3.3190147224244604,-1.432428772328055,-1.150715059118952,-1.9281948711433092,-2.5777864048584944,-1.730830220773108,-0.9749062656514403,-0.0879753983682067,0.48066525046971614
0.688525468870728,0.08016640428594338,-2.4450656268914828,-5.71358598157328,-5.659350883814515,-3.395585928830779,-1.7437173338451268,-1.701426078999559,-1.3018321160969066,-0.9102210161032481,-0.5788384954024819,-1.3948640442434845,-1.2494961976768257,-4.329501308587929,-3.435100115351268,-3.410583293502241,-4.3704301336483775,-3.463390074529389,-1.3568637439336744,-0.274767690464248,0.938785200790255,0.5321671145291622
1.950374722488941,0.4342784642342055,-1.3954890138439495,-3.6722738034958806,-6.11076978108395,-5.620364482594596,-1.5740685997655477,0.6537855072044344,-2.2421649210485164,-1.3383921513808146,-2.8123754879501632,-2.344616708064181,-1.3713808591852035,-0.380618979025614,-3.577823779804056,-3.4971366907660615,-3.023237467881301,-1.3088546523535145,-2.037664449325213,-0.3936148708398541,-1.0492553394293496,-0.3078831605635949
2.7915608261452722,1.0201390400278234,-0.7930201950266975,-2.912392447160674,-5.215221738400319,-4.835604979563299,-1.8652382195479265,-1.6916788184956701,-1.9423091532535801,-1.4824654968452666,-1.9183053796423115,-2.3494189282912714,-3.469530977144221,-5.143071893894277,-4.733792768991873,-3.683353235977241,-1.8176431016717045,-1.3502045372329823,-0.15778847900518558,-0.8223159066594241,-1.2499954543928666,-0.8844062361222265
3.419938914736681,1.2419120073256893,-0.24635418427535832,-2.6648542768611683,-5.122458976367604,-5.927841643024529,-1.9138448753442379,-1.3915614453839644,-0.15479290522345224,-0.7011864225456489,-2.9103608436555515,-5.933019684177167,-6.710840542175469,-6.5098838024897665,-6.223235232613079,-0.7640475644152941,-0.8903525436431758,-0.13104515450082443,-1.4936655509553876,-0.36435593445579556,-1.6900592377630368,-0.827577607643627
3.9460079376263497,1.2991818857860453,-1.4553254156425044,-3.1011175490977556,-5.009030777629702,-6.310030330172052,-1.9902518288433302,-1.2910314065985962,-0.35431637456044324,-1.885055477917485,-2.798233016128864,-7.109641360067223,-8.525754053571466,-3.102932145663433,-2.469310776406278,-2.005298330932058,0.9423404444594685,-0.7132891621667761,-0.5899847147531155,-1.9757479267763676,-1.0950770631957158,-0.30541474572106847
3.8251378292946776,1.0609991086143435,-1.5918775408217882,-3.63024033274087,-5.055551128030149,-6.893293800036244,-2.316216542638564,-0.2181844438884575,-0.8572651003413859,-1.246169196008672,-5.093873385319013,-3.873569136388495,-2.1447652851615793,-2.3716731126022905,-2.451861910348177,-1.9470740123282548,-2.151850606805986,1.7104525071172665,0.2893979155336352,-0.9182827583748363,1.8097147449913538,1.2732288386884245
2.227413813205433,-0.36282382478033676,-3.019054070348311,-3.835001340792016,-5.856893315604845,-5.598721096966455,-2.422693994125421,-0.14620623453897366,-1.09930895501822,-1.9191265592212756,-2.2947341688872824,-2.9544015909166084,-2.1237960717683917,-0.7249494873763778,-1.1315106418146752,-1.18524532790684,0.7171707006594368,1.0360721858615092,0.21884842410279134,0.44787434077414146,1.8910683247672615,0.3852953655703361
3.443263582845453,0.7449581337971172,-2.738949722563996,-1.874146716627512,-2.8819575725695588,-3.950069261628129,-1.7067960153793102,0.609622402275714,-2.1787988549045276,-3.3350447966900663,-3.021763046648591,-2.514254863582754,-2.1670522178855642,-1.0035981946869328,-0.32353929151878474,1.2781302884226438,0.0530962159730279,0.6296671256289283,0.13130753918131943,1.1890213314362659,1.296579748046198,0.7757213965520651
1.3032614170408665,0.36295318712082975,-0.5746571286825098,-2.1388651851878016,-2.3634959021597135,-2.1212838836228944,-2.410890700479678,-0.10925191557050085,-1.0804709696723092,-2.433938336306427,-1.0527083334239045,-1.8573819780884953,-1.9658355633473115,-0.9050019688435953,-0.17336963704384326,0.1710541634188232,0.1475876873524663,0.06781652708132392,-0.3028328742559708,0.7197451921234629,1.2314422543998957,-0.7135584677646333
