script/wind10m.json
{"header": {"parameterCategory": 2, "parameterNumber": 3, "lo1": 3.000054539987559, "la1": 64.9999836372058, "dx": 0.5, "dy": 0.25, "nx": 34, "ny": 52, "refTime": "2026-01-28T08:00:00.000Z"}, "data":
[rows 24 to 47 of 52, columns 0 to 33 of 34]
9.840217085956136,9.131243588980583,8.051850425187157,6.789081348950184,5.76722842588413,2.026638067038861,-0.9326671513429513,7.3059838790806,1.6811748406118894,-2.107654668715534,-2.6420032375571196,-2.0249223809267702,-2.753637421338966,-2.8211926137280323,-4.903980551616815,-8.251833420221793,-4.19154040369684,-1.7188498407968618,-1.5098404479872853,-1.9390178773931857,-4.129167481821851,-3.869512785282394,-1.2702451535118835,-1.336631465873213,-2.1972952975796027,-1.997847836627019,-2.6820862743851612,-2.606880885585975,-2.3360482749221614,-3.399580022217171,-1.9756236400129967,-1.5764587032689865,-0.930063348446348,-0.6187052264843067
9.114820763858956,9.304805020578813,8.455908511492348,6.267695955265637,4.2954614605314045,2.023173808979202,2.13074661312219,-2.739826249039613,-2.448874305901612,-2.2930317784817476,-2.4858217919919294,-2.8504410528577804,-3.744084467103302,-8.666033981829242,-6.676019041967168,-6.368291132471528,-5.987412715875929,-1.9618748849395538,-2.127327747045167,-2.358611133720638,-4.179665870016156,-4.535383264820772,-1.6319697812503586,-1.585425741746221,-2.0153708854519814,-2.6218216516777657,-1.9410557778166557,-2.371269443716575,-3.350547229289136,-2.641373022762129,-1.9966146162527507,-1.8817224517219913,-1.5207878098406418,-1.5290691954893043
8.848303453133617,8.505486720355734,8.735079827916545,7.395777751954675,5.554699999928311,4.129725068673062,-1.3702390416252335,-0.6194240028425877,-2.8179708265864054,-3.1673038943660723,-2.6945123586605986,-2.9110512303873364,-9.496323236548816,-4.907382283720045,-5.551721763245085,-5.6285544767443945,-5.51050921286707,-0.30150620060473454,-1.005075231602879,-3.2370973575255864,-2.6928193299233585,-1.7281467218662503,-1.2681829164463991,-4.007306416630174,-3.103111361673623,-2.808620537503576,-2.7295090257043957,-2.784549548623482,-2.9498081243799437,-2.8632310048413694,-2.5691614302899866,-2.210608239380344,-2.182040032539308,-2.2718559589732092
10.739080365572919,10.496359898155085,7.467359200401319,7.182009706429007,6.676994062536893,3.948437265341159,1.8063950040217942,-4.119652261617631,-1.379683028515482,-2.9453226839809847,-3.46733526874447,-10.252177454010809,-4.437611184471165,-2.8395315764670865,-2.470889001609563,-1.7219566085024343,-2.649616590767157,-1.423835256013721,-1.5893312415687388,-1.8012139566613359,-2.823473533180051,-0.8386639398409776,-1.0942691267925981,-3.0647732773296354,-1.333116416347713,-1.951086115614374,-1.9044959956184593,-1.2215805091544745,-2.706509836671764,-3.0914211074831592,-3.037798203297868,-3.1049283819979174,-1.9494086236577075,-1.7429489036126378
10.382222059622462,10.244734379813286,9.20963834521959,8.619243168021775,5.47301119844724,4.272043000951796,1.1075618781210925,-1.9158407301850315,-3.62490543450336,-4.024749584562925,-10.276396009997837,-3.925063460902434,-2.8309890819630543,-1.8903397997675515,-2.00681268050472,-2.7336442044325637,-2.049451865158008,-2.312296698994572,-1.4708979774287765,-0.8912482846684145,-1.018468622513539,-1.3020611235893977,-1.4759103427807558,-0.944008210592719,-1.470662392922089,-1.7084056052888137,-1.9043444022389058,-1.4503607626124448,-3.7664865131790006,-3.9371558029869496,-3.0256734233437657,-2.804275448983635,-2.629400337894459,-2.9893784206349108
9.194887095858245,9.481814033179939,8.969920127968832,7.900647745738677,7.295804920464051,5.807820379462462,2.9516026724068607,-1.7273770397562302,-3.7385803156967765,-3.9270726301714913,-3.9838896178778667,-3.3822580109952756,-2.8467596981064003,-1.8369743989106568,-1.972228807846705,-2.378789127287211,-2.9126869598400686,-2.6539786020258904,-1.6405977844581257,-0.8736639838273974,-0.7715659069854467,-0.7342749921706266,-1.686723550791577,-1.1798398819642326,-1.5276450175984893,-1.9373046775775096,-1.7273846537152562,-1.6919138148256283,-3.985299310139792,-3.2879336777151584,-3.553988845468558,-2.066344037845463,-4.057879758163552,-3.4797963230297166
8.739018348975037,8.147533507303708,8.00998275426453,7.362499030979069,6.6115863600055675,5.779182844063179,4.562469112598549,2.7985336112486867,0.12779049542731455,-1.5659767296567013,-1.2237276543012592,-1.6106749959197568,-1.2257439277902105,-0.9619942835075689,-0.9323672907698937,-1.4640437236659685,-2.171259193079374,-2.3800211573832426,-1.0988471246758758,-1.2091987459182238,-0.8946638422233323,-0.7614137147247497,-1.3381435707523734,-1.3847791580120599,-1.6704734501531626,-1.616077346494734,-1.687488621574755,-1.7732401052138083,-4.104494442496856,-4.917465018312782,-3.975591970751632,-2.0200384112303196,-4.750102429922161,-4.203660847396915
8.595468246829123,8.210885642791522,7.397874275493822,6.8366983716754035,6.435576710517062,4.592935913074548,4.429082148087144,2.9766689923242526,1.852796917251025,0.6524997065902355,0.0076257553470355935,-0.007472052777513614,-1.5249844904250702,-2.019789453599611,-1.1418746600983076,-0.9247565406326509,-0.8006355334028249,-2.1246229642036103,-2.6103405931721118,-1.4493226091459837,-1.1114042177656556,-0.9987982914806843,-1.1578144669568176,-1.311364522996468,-1.6167106988832485,-1.3407624406378895,-1.4673303989356268,-5.195462199831377,-2.462239151641544,-5.184533451397487,-4.185117264021963,-3.1209869648681794,-4.80466016810024,-4.130603053573653
7.776681902438347,8.309904643434031,7.563392132488365,6.908145855824027,6.088931087765828,4.921385702173717,4.1908744351268865,2.8862439843840506,2.1896425391148293,1.3693964349240633,-0.44758247559455466,-1.059264392439995,-1.9536002217005826,-1.098635571553816,-0.25830481308560455,-0.5067456992519551,-0.568242563677597,-0.9437300747020397,-1.3149436863539627,-1.0479809579175945,-0.9206440684317138,-1.067536620479206,-1.3218350637561016,-1.212378040653155,-1.637389976805322,-1.9592519183627273,-2.1539983587862563,-5.389402367828609,-5.891545110265304,-6.143947950668906,-5.70694940409881,-5.28945992139964,-4.510319102886173,-4.284743526869883
8.0342312807916,7.602920688290037,7.797347237895525,6.874785174256652,6.203424030345196,4.963942190097486,3.7201232729089466,2.6777580252765536,2.116635230082202,0.6745116558569424,-0.2525815103860497,-1.3222819965670052,-0.8004648809652232,-0.570724352362792,-0.0846921959414599,-0.09824336166970431,-0.3054035926066842,-0.15268449977008666,-0.575760864513754,-0.5151386804988343,-1.0380246872216947,-1.20708053021637,-1.216129588228816,-1.732211234322618,-1.6312995390586709,-1.9588508437355308,-2.484915431492266,-4.697765734461367,-7.048897138335953,-6.182177408770111,-5.188937123737628,-4.949761201497405,-4.71617039646419,-4.841965564104267
7.541381886368383,7.132340124428304,6.654989748753828,6.672253152287681,6.053426212596597,5.430452878845417,4.174450871722646,3.2850577475951,1.4249359176090302,0.3674443839657671,-0.7207379167572149,0.33676043355825525,-0.3628526447966004,-0.27480746642503767,-0.3597197528925938,0.04320431647646522,-0.7357674833416534,-0.8722915599563884,-1.7136686704410353,-2.537820643605207,-0.9643068000241333,-0.8014166384985287,-1.1792915716615116,-1.63818341439064,-1.9871077107751027,-2.20407241961362,-3.0897452221162367,-5.58121045836845,-6.196744209705227,-5.5220681969580125,-5.145745941444455,-4.797433369377027,-4.596524425263524,-4.666930657594704
8.01816765737074,6.975514678550088,6.77616818852069,6.874963223480024,6.367404602128339,6.05918817135124,5.39235272711335,3.6611504862096598,2.5270690456811495,0.5530383112955303,-0.4107425918852667,-0.057980958398293425,0.15085484163997143,-0.1406301688998383,-0.23060062890111133,-0.2042866222062325,-1.0667567260939177,-1.2684544898879642,-1.8020127479913086,-1.774394681781589,-1.0889149760247963,-1.228332498699579,-1.7103132355857102,-1.915997385093667,-2.182002672605589,-2.7993209312230514,-4.732265575316482,-6.64663134342101,-5.774678715169953,-5.328012572268526,-4.696208725985863,-4.284705464742093,-4.499765004706713,-4.669227923908209
7.970859071185842,7.5939298181425166,7.553444932501022,6.922501483591486,6.914874477788317,5.898529743504953,5.761362195670803,3.980885060275261,3.055053929610691,2.326181828270346,1.2871476942074007,0.24084513221060544,0.1143309329182115,-0.27356166451154135,0.4737425793472555,0.2770450387554474,-0.3689237846924377,-1.5687021162136208,-1.0597750895581761,-1.946513162674659,-1.6798853825348152,-2.007413121519165,-2.0106651444774966,-5.319011144350878,-6.893142555681303,-7.09240514057289,-6.958473114814304,-5.830967042252681,-5.124696947651951,-4.673279542640657,-4.418332835254098,-4.598669348529448,-4.29148612867232,-3.8357050492435736
8.008388992174186,7.521948111383892,6.335474439400694,7.420099970077345,7.63894014842838,6.195247513973186,5.538563342328346,4.21136110507067,2.411876544393514,1.259406678776651,0.48702681588436125,0.536310265008916,0.0671288840617691,-0.45094146062534196,-0.616575441562681,-1.3466367910141503,-0.6372427719382086,-1.4167579193690956,-1.6273819201377777,-1.6607045744345312,-2.2190556766253953,-3.534790960217242,-2.699013266191765,-6.7919553540295565,-6.278071104695904,-5.967502923966666,-5.480530992651939,-5.161685504064421,-4.456417648864301,-4.727091745743223,-4.562217622259828,-4.119740115707581,-3.6666141409975626,-3.6609502933149853
7.24850497106429,7.8615172667093125,6.456409910379006,5.989751064612145,6.959903052669,7.485873923885025,5.98002852832339,4.420061308730639,2.5527024679040506,1.8590576332907987,0.7615224266419494,0.3743574617331231,0.2759595539516272,-0.6147749823907208,-0.3891617504548135,-0.5275449072982005,-1.6253115413473427,-1.5244018254056615,-2.0019844130336253,-3.6573518319739886,-3.194232050878975,-2.285555479751523,-3.7868259668458464,-4.607792755646748,-4.947645708719047,-4.599069670809059,-4.218938404612617,-4.416037442386055,-4.443789805142917,-4.052900432020751,-3.714530697902127,-3.6227138588207763,-3.6136361198878,-3.3971577574637535
6.9599218953397886,7.340329198872588,7.253003234132919,6.339152983361626,6.099032107639265,7.126639582014373,6.671425022105582,4.8896413057263155,3.464859372407823,1.3247909202313017,0.49907499872410044,-0.040347888894415845,-0.034039884624216865,-0.8637808836017883,-0.9384607085826061,-0.6948729418671435,-2.1966849765550065,-2.159024064121724,-1.8318520197097539,-4.558223899756015,-4.186527595301976,-2.8331019950063223,-3.993800395082508,-4.008262766143089,-3.690845923155641,-4.423212243895608,-4.8558362635699295,-4.743262812722234,-4.190240893748452,-3.853950377147282,-3.731529670532786,-3.691114841301723,-3.3630678781304533,-3.1928734215098307
6.736464513329823,6.477714681603262,7.013473594284733,6.2689549641954025,5.688440110878064,5.2120107754142815,5.540543392119674,6.649816098145268,4.564378677178119,1.988028230445361,0.29208048857902363,-0.17651169807944114,-0.2275991648913847,0.2947085792129911,-0.7895503730299045,-1.1100252590114534,-2.2503568002241576,-1.1349871499328965,-0.38120365451204474,0.13933799436223634,-0.06940074918501457,-0.8277427342183052,-1.6937733679837745,-3.433708486447189,-3.0336329655371914,-4.614937717905031,-4.577579583268835,-4.219496062023722,-4.07810277978274,-3.7215246259925547,-3.379122714858147,-3.1124970328612496,-2.6855263215683154,-3.0615363448079114
5.919829096808966,6.146206070196966,6.479359283353881,6.4861159887587005,6.451236723108552,6.072633914043444,5.351077280927622,4.557878803698194,5.403218642849333,4.452283450134818,0.984375491331724,-0.07087964015617162,0.2178616773495748,0.08572840769538312,-0.255847737898935,-0.4103543899659114,-0.060961997533586984,-0.23476091636340554,-0.6135348431175766,-1.2433721127868291,-1.7347558822340072,-2.4147161295825312,-3.0010776811656195,-3.2148634836915986,-3.8075293002248545,-3.795606818399166,-4.244673435160019,-4.661140371125942,-3.6095727681391834,-1.4045041228296853,-0.9650583600357568,-2.592442370949851,-2.870141474226709,-2.013186726845128
6.29213221058677,5.518822060265358,6.051057744712428,6.650020926200747,6.190486428915478,6.346231669043915,5.799739794557641,4.744604001589544,4.148854885749989,3.8044359204116143,3.011793063531961,0.7745420171867275,0.26492695889723145,1.1563326100127624,2.0661920979682953,1.5918446359293539,1.9174383431706066,0.7775502981359489,-0.23567683764595435,-1.0538299260919453,-1.2626451962369762,-0.5075265945400327,-2.37313657792269,-2.568180975647964,-3.5884679736285863,-3.3785152904849167,-3.400315421884563,-0.05541637486578348,-0.906468603668008,-1.4787028429006996,-1.4787340434946665,-1.9004018964103153,-3.476455729946403,-2.2968258998132036
5.426976267244237,6.24943646234325,6.156908221510748,5.8053075314013265,4.989729135387069,3.874576884237731,5.10413367275892,4.888667917729701,4.023626336108132,3.830713372124118,3.31220857872373,1.2952494237220769,0.546801673640874,1.9350177872054402,2.4775562027335685,1.6767050996727524,1.9951669501700637,1.7213293981659596,0.7912591748526174,-0.17471407776163964,-0.36639745909456656,-0.629947052012904,0.9268631251058203,-1.0123927820370473,-0.3791735500175075,-1.3693819864507135,-0.2317052413226136,-0.036106291881846976,-0.22644772759337922,-1.080340373359829,-2.0075043549266343,-1.9792935586489175,-1.524060299793549,-0.985017921515363
5.1023877456171975,5.502924482955913,5.485101669458126,4.63284090034763,3.8128839366409077,3.373889865500726,3.2513347595255473,4.224765428210868,3.5837557370548265,3.276667425204521,2.9388329760996195,1.766093283933567,1.1099417986173752,1.0184026548298848,1.4771691068846051,1.2268523984729314,1.255977033162018,1.2771024642375477,1.3437187290635242,1.4291322641750905,0.4029467749622698,0.6431294793271675,0.2655555014711982,0.23153526238552188,-0.2717048307143741,-0.010301866191438554,-1.5545970366211206,-1.0647778012240978,-1.1401272547997734,-1.1852376714849473,-1.30650846854334,-2.1084817691567745,-2.571322836049684,-1.507785870173531
4.640436846153957,5.293610804245886,4.20570047232026,4.237508512226097,3.992571340145755,4.568024016757013,3.6470276278525104,2.992653373672602,2.2910149461912765,2.1198992238236514,1.9233635019633346,1.6013298234851219,0.37579220243089273,0.2224264348111916,0.5825653288253941,1.6408890674455705,1.349463270869646,1.8780805815028807,-0.09308436376323934,-0.16719716758254138,0.053639935495940996,-0.6984468295662626,-0.03171406850463917,-0.9836960908305913,0.1370099454771173,0.019528580773989185,-0.5316512525123523,-1.3081423896414706,-0.8671109809097305,-1.2722058376474392,-1.0976213124199077,-1.6565986995120994,-1.7970172551634362,-1.0005916171641085
6.106651298386517,4.513015025162578,4.33837939338849,3.8187104047499827,2.925948273310587,3.1326111042820495,2.4865455565765715,1.9474116750328143,1.5989548618918124,0.6969616138965148,1.139870454459704,0.717467733191937,0.45815230327823336,0.31887289171747074,0.7242185387414078,0.6489896287369253,0.5378429331501078,0.48503338285802045,1.0121063091184088,1.1963627601771696,1.4844170086025497,0.922740896456183,0.851588522450801,0.37694203694311806,-0.9783846609592246,-0.8493973084859183,-1.0071379798560225,-0.3987969907172572,-0.8262581308424084,0.68072483345846,-1.2278431012653621,-1.7905230712455682,-2.316870401003218,0.19076386874929818
4.351934858857758,4.133609391853036,3.591256973712814,3.2304425015235188,1.9150022096885877,1.0648888105007974,1.0247461841091297,0.4125889982428193,0.5849433135710262,0.672967683946042,0.38622216675475285,0.4890638275617579,0.31406428538661757,0.7117365290931881,0.32767268251916615,0.4821544623320241,0.06873726160777192,-0.176392421049407,-0.8283498940241911,0.010122776698562643,0.3918301521441687,0.34299546928389124,-0.04734757772176877,-0.8302275520860769,0.03431719925281611,-0.7341608877578579,-0.5495874806195736,-1.5545468378193537,-0.02856878835031998,-1.412206159806982,-0.5819056440408992,0.08613623406954084,0.4613308971975491,-0.1975114087181333
