script/wind250m.json
{"header": {"parameterCategory": 2, "parameterNumber": 3, "lo1": 6.000198445256149, "la1": 58.999992894266676, "dx": 0.5, "dy": 0.25, "nx": 22, "ny": 24, "refTime": "2024-03-18T12:00:00.000Z"}, "data":
[rows 0 to 23 of 24, columns 0 to 21 of 22]
5.170678821273484,9.322064383411382,-3.384991804621327,-5.99797029335109,13.399442712433002,3.473881048090704,4.897180057210769,-0.20601893006631117,-1.7142392089735548,4.628914782619984,4.816041187922773,4.595683488699443,-4.857756378919053,3.7349113077972618,-0.12633713800118393,5.754890352741497,8.280248351447288,-3.83991579705707,5.837811295978645,4.5863166107121085,11.533855096311383,1.3578054033350697
-0.991573097667621,-5.087438046099298,-1.7750750780538809,1.1245422470897435,6.07534055180454,-5.906138686328631,15.967119024278139,-4.214643169865101,11.686492522305587,0.027826719549135365,4.60350953987896,5.947031843520137,1.9910061039102782,-3.260979943296836,0.9769527970734743,4.397615048123792,-2.7683848177005825,6.155307858863855,7.26415919062193,5.4452123654752675,14.569801862565482,-1.8185569846346523
9.444100782037811,-2.306398589188862,0.5628045654717133,7.916273361626929,5.186185466277773,1.6170448676141622,0.9512217467664451,1.253345656505675,9.417691180058375,15.21400980302003,9.236050287486496,-3.9651413080605487,-1.9759342141794138,-0.2456024866578651,5.5660859126034445,-1.6491970800540268,7.404420084531939,1.8764159217177172,-3.8829498864062217,5.330329253706547,5.03805313719123,6.008889609157747
8.39366098262534,-5.917489114830823,3.732649623064412,3.37736961603257,10.090712732135405,1.262281386564911,-2.525883330122485,10.663800538220974,9.863083644323895,14.874635840940831,7.204898562947353,3.905566611589322,-1.3681513377656185,-1.3145726925011834,-5.844419835526992,10.248376529289889,1.7735701729925253,-0.7033913846053286,9.014664050116622,5.3400288230668425,-2.5871797006094055,-0.45616666264494343
7.562902195321047,8.82377887303173,-0.12357817549004212,6.3219127439488885,1.7466220937355157,1.0718709761208762,12.856377365514385,-0.8416364107330414,4.675397943420194,4.257432935585254,7.873886786129821,2.4250036188389923,-5.809112477625357,-1.7814969198460784,-1.1648009760575226,12.010328086928995,10.178723647700888,-3.2728054265008515,10.312776636818477,6.9788783937296355,3.652460914105728,-0.7428240888654519
8.315914056110753,8.576911599863575,-0.9413963085586771,7.209688107172145,4.245781136615576,5.229175751199778,-5.178021261105519,-6.9918639352371175,0.45985555816106255,10.130806693431479,7.232541031408159,-1.279384625251967,3.8084074483798767,0.54057159836763,1.9003328847892027,-0.020701582372410886,0.21474563983151754,2.8743492575865717,13.928408449991256,-3.143510147334883,6.905225330794041,-0.1976863748116452
0.17954203377508135,2.243570338481429,-1.0178483194549006,1.8161149261209666,4.071542324140744,-4.313947593127621,6.182752415181158,-5.0718327514526935,-4.035687742202849,-5.2483690104472345,-0.7383283737648726,3.0869439561999363,5.5589257364678755,6.42747553738421,0.2136855256637169,-3.518632674427236,-3.674072974976713,-3.712332928280848,7.784505148300304,1.8956307537372252,6.894767907534953,3.495739426194948
7.737212266118853,0.5569203250509024,2.897466943562611,5.826252422046633,6.39016327665101,12.764758905101132,-1.2373956422428198,-5.655589093978561,-3.9414402175313317,3.775305866673248,3.865704460412852,-5.659235965586299,7.389163278843634,0.5731914364953229,7.914919345161533,-1.1421180670211333,8.832986117459013,4.1479218015291215,-0.1088472040301908,-7.141991490290539,-7.0878906641110735,8.207681052415332
1.948297864392226,13.787873520934824,4.865674826366749,7.9459564625494234,-1.3409558619668116,-3.8486283899177125,6.020010882862978,0.17273584539886686,6.3083903293294945,7.57006654415267,8.035255257722714,8.242954907063835,15.97656863405115,11.213170616356074,5.14678697505951,-5.180752161624555,-0.8728421582362642,14.013402485821155,-4.431886536010442,5.112307878028642,5.8062175550370965,14.561111152949564
5.3777138582066355,4.9311876986194765,-0.09692632897594554,-0.39272132164623247,-6.448341974694373,6.5625058123684195,4.77601149539153,-0.4030888067651226,0.5171807368370306,1.4866789009439036,-0.3695613257684815,5.716086603289162,6.637993593101124,-5.226632068143764,6.22628395908183,12.914611153223772,12.912926956486437,-0.8501514271064972,0.6244825852080633,0.2749369745187225,5.506208811048425,5.9390253559191155
4.276425639002238,3.6014869063536525,5.637527154350001,-4.24976230345963,1.9519977976377514,6.053101935346528,0.833209474262393,2.3663217014220717,-2.2835219572498646,-0.6837107225856448,5.839914696230505,-5.810932240694715,-2.666654293959732,-3.4114635455884046,3.9129716364373825,-2.238242535654289,6.592000200754236,0.40028481292665175,0.186427907672004,-0.4116241837829186,4.440566774850893,10.04006302102444
0.009381500520613997,0.41050113582056197,-7.2533207366562955,7.523818701708514,-0.1662314235218753,6.543833756356395,-2.6862657929031997,4.018131157684443,-0.657896649738955,8.011893316022912,-3.8234095449946155,0.9451644613766368,1.091567221887189,4.116772660184517,7.69349743894263,0.6724044243800704,1.5432274308928204,0.9163916335502704,-3.6177949905636706,5.962806165978999,-1.2748774053546492,-6.705049753159834
-0.7821970118270615,4.250738257566055,-3.124788100993522,-3.592114151489652,0.32647820929911614,-5.752970026273326,-3.86446995856151,-4.250101864128635,11.681015356781629,-3.870432940203297,-0.488127376059359,12.04365099724426,4.657988357496446,8.803097844685167,10.70623324735524,4.736891951411794,7.215866459787526,0.9323726997579798,10.215038312604388,8.079595762626932,2.7833360944004175,7.52869628030674
11.269759847065204,-6.217973735824313,4.509505994250871,2.008192916291643,14.836982517111489,-5.989804944825427,6.052878107187817,-4.085631825224128,4.378863838585226,-3.0427756677607016,-0.19293750566590184,-0.9381520402531202,-1.793312354445053,-1.9926541535473368,6.526241813480579,-1.4824155055390305,-3.7610433404103256,2.0031878314962754,4.674730741102684,11.539691606596843,-4.485865335552232,0.33744360820378244
0.8885317099621117,0.7320582743147312,-4.140328309586086,0.1672354146829694,1.8953393960618246,0.037414882167163765,1.2779081099759801,4.809324583256022,7.865031750919892,0.3044778079477919,8.30310059531364,-2.688289605217802,6.566047445825533,8.244033451023935,-0.1617217909192347,3.1294301651373226,11.129667451816182,-1.3539754328131695,1.3060452481817777,5.038633877351767,4.647801833830592,1.3130792795568957
6.855303804191416,5.221592794487237,-0.28223978231400826,-3.1349048899289347,8.799237356128602,0.5615464823936359,2.545957353580975,4.9363319144765825,-0.8854029766400261,-6.214676646420296,5.997557561898571,8.17589605674887,-6.031693010782302,5.8722266496246025,-6.827422499125686,0.2884029531109063,1.1175580034501995,7.17617562298745,1.7762417918226032,10.92288344812105,7.512789116801593,-0.2499421850903061
-4.055325222535206,7.41647807678869,-5.040666861889767,6.072104739665754,0.8305196576664119,-3.121482514605287,8.060650663996,14.661205736690853,7.64115819944003,-0.13607193952534516,1.2764551563230686,0.6988047090035491,7.160827932896053,1.3832646615299145,0.5855756897769518,0.24469813214285183,0.9792598165637394,-2.9776013997685666,-6.195442793367432,-2.812556512371081,2.2153718254555907,-6.825219870143902
6.244228974609218,6.704902276592854,-3.5428767054304164,7.677383664293817,1.8892352735484268,-0.1817487765283313,7.482271660583953,6.991677669395221,1.1016236191446092,-1.9043299898351538,0.9517384057299364,-4.1260324641686115,5.845953151042488,-0.5106136062559501,6.020361015792116,9.608904944227971,5.9119828188404515,4.505796581572024,0.21439840696523935,10.432575409532447,-3.9617074361837576,-3.2719244728665995
2.0903737941772147,11.253951118290148,0.3053366700026571,7.8511806158083886,9.931729766781325,8.098460241166084,5.104133129917663,1.89832191806892,10.853446000314838,4.971182962317446,6.476800868963618,-3.2110982610497976,-1.064709011898005,2.606591951888094,8.489718150819193,13.804211317669736,-2.735043396790852,4.064402716138037,-6.127284961397466,0.1414340439356004,0.20030063954921165,-1.894830033601741
7.997050693398156,8.334692585187971,5.753017498121672,7.802501133554625,4.910559361270567,12.261459626103731,4.149866826021989,14.801831812883947,0.5141487849176056,0.9805985222088137,6.449017239291703,-4.012709560056094,5.165327504887481,7.744107409727144,1.7456092718668101,8.691878582714526,7.718695480524099,6.194076363342405,-1.999418611872475,7.871150294716982,11.027555920616072,-2.8204217720692957
6.6877019086389895,7.484913242533353,-4.260417475975471,-0.04879482319353743,0.6304624063987663,12.353083661280943,7.982632803059796,0.6734310006380064,-6.578265762641658,9.545549991101828,6.9458221794724215,-2.1578520981412437,9.086211616396122,-0.53462185825039,4.764051881949715,-3.2213586528272913,4.7939785159413555,-0.8145206687883475,9.666499968002105,6.428759241709348,0.516171939642459,-7.025831036452329
13.775726226303117,2.7406042687243097,7.48846160754791,1.16287959093683,4.7910682457723235,7.736637571883839,-6.35198436822086,5.653533357526925,1.5590046710020413,1.502697785601666,4.373560538160802,8.391811417253486,-0.6593243037535892,6.54467041531826,6.8159555495986215,4.36851013170462,-2.6166078266869364,3.41686416399249,-3.846059936755612,6.160001333964327,-3.2418835911187096,-0.9070491565457571
8.262317540230002,5.910674841681199,7.366128365455404,1.5203360510558934,6.7515379905693,11.185559801194596,-0.6119908460362066,15.955563524265829,4.46988002400168,11.241634547658476,1.8195136583183966,9.137436032821993,1.5968090998617204,0.8262251052071347,8.34045531344278,13.466339997944898,4.1771965774355895,3.738793817849385,4.894101116531579,-3.6590864845411617,1.3523304945608876,-0.45356063119868767
9.728618088490908,11.309695215195001,1.3261041446405168,-6.808116513642683,4.886481357069697,10.01862277952182,-5.670439952421037,3.9312632784140287,7.482882755070192,0.017011649451861028,2.22446589642536,-0.17305796141763274,1.1935885653465421,-6.406039341995376,6.351465998248814,-2.7070599329399174,7.067572774002475,1.45700428114254,7.605470803674624,0.1919699504239281,6.375735876753883,-3.5365223112263156
