script/wind10m.json
{"header": {"parameterCategory": 2, "parameterNumber": 3, "lo1": 3.000054539987559, "la1": 64.9999836372058, "dx": 0.5, "dy": 0.25, "nx": 34, "ny": 52, "refTime": "2025-01-20T22:00:00.000Z"}, "data":
[rows 0 to 24 of 52, columns 0 to 33 of 34]
0.6953364752589396,-0.9742574579113626,2.2312934109603124,1.8379181456779456,1.8827000048623357,2.495207822594508,2.3925657730908982,2.386791600827547,2.695390998168602,2.7175394085733915,6.3128649199874065,5.16355680998632,7.319155066729899,8.217590961339265,8.724712188429006,9.799447369651727,6.164867154000481,6.449244028419004,5.510886081160689,13.75252222522661,4.9232719943059635,2.626333636463093,3.7215141439079225,6.513460225318891,5.315428551286253,0.3372564180279205,2.591162209338288,2.3484085659138714,2.1999747953398052,2.3458926804458318,2.1419173345151274,1.974163913027226,2.116975334847605,1.867195417646317
3.407393693969717,3.188570956084431,3.4765064690202108,2.57493730608698,2.6557705781311944,1.8337458310265353,1.907649366894397,3.2013664031789486,5.58108418102084,6.726004349288843,4.54917813515268,3.9121364736891113,7.258595035818058,9.092971070829705,7.984880116887682,7.85258969497761,6.299906094866978,3.8401320888273665,6.042998998541832,0.45314817142782254,4.028250888042381,3.3993842066114612,2.504726290099394,5.254877360407224,1.4977138187649353,1.9744175867812674,1.40699540700042,3.2346526873012262,2.80615646632962,2.3441972745754613,2.1515626836042223,2.393821698123906,2.380229577387493,2.020223156988292
3.2883206959914464,2.932764941978775,3.2672896580107644,2.6157593275377278,2.8938297150720835,2.7136644156897454,2.9253410803955004,5.362691835449451,6.488194639555792,6.749307322012033,6.653499304652608,6.253035047711289,7.767663643715525,8.499554462283328,7.523243198353379,6.5013049620235055,2.2428882666721854,2.1269512136047033,-3.208749494162745,4.305416507689704,1.030200613747156,1.562333151561216,2.1882121547956768,5.008861280355094,2.6946858548452615,1.4471727562709393,1.897502665692844,2.4667676181244094,2.6193191179621156,2.5079641311881984,2.460932465161726,2.365271645944007,2.1317326350308274,2.0529367034397548
4.219359000166102,3.779816603242384,3.040014921212426,3.5196632228441964,4.131684605682798,4.550038115306072,5.464768016237132,5.872274810637344,6.511473639625247,6.294094559438062,6.342312164203117,7.207547372640197,7.384348693537703,7.0860175843890225,5.041119859271341,3.4333478130412334,0.11673972533060295,2.1898845951994437,3.3662503360457707,1.5494589491037287,9.246102137175797,5.013395807053726,5.588721198756036,1.3548308370007192,1.6099339867789275,1.7165403680493152,1.587584924709317,1.9110967823365295,2.253821530487806,1.9217091329491225,1.9763913206089865,1.8353907440872816,2.0732368565237698,2.22932617143144
4.133748471889528,3.370619540007123,3.471577679867037,3.211421964450298,1.606447032485431,7.132703538351059,7.636900898620898,6.849519805963737,5.926316832170556,5.4070465004560955,5.926130012047516,5.9381788068883035,5.1158358852192,5.67183679857106,1.4993240889430253,3.0038624793172004,0.6016998193590002,0.6617838281927627,-0.022755551706648933,5.055298121022471,11.160363621369118,6.114718203473844,2.4518090246078295,2.143141890898224,1.561364625687363,1.8466469567134987,1.847900264483372,2.3089334283382263,2.0127221877371926,2.0007270559807426,2.094357724295291,2.062475274535625,1.2294384608004207,1.8055374854500057
4.14419539929549,3.133053161105707,3.3011510816755534,3.450090800911803,3.535431527067528,7.837156260812859,7.92724058880356,6.524574430706373,5.324401394685067,4.651110394251882,4.204007161230027,2.830065126383118,3.3103178931722566,3.6488982517190407,-1.5802222563609634,-0.19263595142150008,-2.5601280524039067,-0.5974194475335908,3.582231335255347,4.860425127047655,2.437414514513073,2.992327328341876,2.165697395157504,1.2782905983401476,0.7234208146506966,1.5659215900233487,1.999961682937529,1.8348037851053336,1.7464494509557087,2.102422042434624,1.480356447841521,1.507588733146648,1.2313287687448202,1.242472556478462
4.988057461389383,6.093838724436674,4.834091833637003,4.912193612027064,4.875420185350632,8.113176961124728,7.779762144974045,5.396926325052486,4.015482080771126,5.279833667896153,3.1041570497983044,1.5676343943637825,1.3496890511494286,1.3995456460801954,-0.08496982339942025,-1.9793584967511517,-0.8616921651053376,3.9810616802501952,1.9870544829073191,2.119976652401526,2.0336832936984472,1.7393026216245728,2.037758352582373,1.5801918947865046,2.395988630033767,2.0372579839433844,2.023424054138315,2.807654027004537,1.5046614125139945,1.7052262578559814,1.6302346614468703,1.0917732377155134,1.1395175996682776,2.7245530948808034
6.453845699697027,6.048384260899579,6.974563654397896,6.9429658676946655,7.998018634991114,8.154476986190318,6.7365873322099,4.858128968798422,3.594698355369358,3.321146970502921,0.9551218527242499,0.24788609402479372,-0.4274419858717581,-1.6142885553535358,-0.34565918610665797,0.5066131039603269,-1.3487331631354338,5.9480701952898505,4.162931353592191,-0.4387473367643815,0.9092683566938771,0.9938135667450486,1.8562399348997158,2.602341124527174,1.5632156420428631,1.9941028467338293,2.3041347543025092,1.8293486163877832,1.2832216985882579,1.7743939326205154,1.832987996473639,1.1983194268319595,1.6905625057000828,5.245772424081852
7.70227008905305,7.340077565579333,6.568301861574851,9.02848394959248,9.694465467856823,8.331462317492344,5.664396513507779,3.9077339748708373,2.9060921890412854,1.3629791058569842,-0.621014427066461,-0.34347200356539087,0.4781074844567724,2.126528131239942,3.0505396277488446,-0.35637486122405254,6.216717256060208,8.630647247224507,6.63567178905114,7.233729883947445,10.828484315635082,6.425083481673905,2.645984945734859,2.303552285390124,2.2498967365553515,2.5726521242876683,2.104533150263932,1.556191461101483,1.9242843342297804,1.7577875405251346,1.6713685759906665,3.4307942236687166,5.098880208615604,5.291574421002534
8.989413701275277,8.172920187288595,9.067304060033457,9.892459159172747,9.26551460023826,7.068882890229328,4.21302055889284,2.837657279655455,0.44127229762292164,-0.553738274087808,-1.333953650004996,-0.4237560523220457,0.731325076334065,0.8162491974380688,4.802005845516791,10.70689970889395,-1.344721676829982,5.184576115475429,4.844240382989112,1.7746497565010557,4.236643002376278,0.868555002170651,1.3456991521116553,1.856061188333862,1.6345049305800956,1.8455637917423182,2.3102641800595785,2.5407033775925574,2.9231800756821102,2.1689453843876496,3.3676946685447864,6.580644317140659,6.412164354962527,5.893042457097499
8.049560815963952,7.681994065801848,9.866380502924068,9.879575465002862,9.384634720230794,5.491887905225541,1.1894975230522211,0.14201183454815805,-1.4222241562051576,-0.09825511320709844,2.1231545206568647,3.7311998642251054,-0.7390623099462355,1.3860821628329432,2.661392447710195,3.5510560536825757,1.3498181190437253,3.1648587040989127,4.0520882924521056,2.012716195569679,1.252695966587759,1.916399075198707,2.6793927323897684,1.6370365179676145,1.465647937942078,0.3240683506530881,0.7250880999018728,2.5554389795205905,2.170703913332193,2.5954283895041965,6.472131231163371,7.141631877803996,6.850287311205189,6.453365989533151
7.919934638476263,7.771841138710376,9.521021109995965,10.357508991575658,8.247139942108493,1.1850633120358993,0.38384938393879986,-0.05062723900117108,1.3102922036882032,1.8360333249203185,-1.621869435541586,1.5536487318026002,2.335007581605819,-1.1255271492456735,1.6175184653664216,2.6342747786670793,4.620421668151789,7.2912673272708926,5.920901271944189,5.842673130764518,2.261766635938477,0.8895429289491751,1.4561231634350782,1.6355330435700317,0.7699123530311437,1.6481923256228979,1.7917518567106576,2.1303705324614572,1.991002131178524,3.2281090412512827,6.96207830951087,7.1961053039257985,7.310688036437269,6.821845396147783
7.482611620406231,7.834778485000175,8.871266063810381,10.840740681159941,5.4393922063686935,2.483028858573145,-0.2174026478888069,-1.3744337297938074,2.3897735605269315,2.8964767558395557,-1.7820501162650373,2.590275158207332,4.247508596699611,9.138551486279951,4.659127958759369,6.492419187413969,3.797390747172231,0.2569448468788078,1.9482807924984296,2.4137718609095398,2.887721890840266,0.9669399690371401,1.137286004682393,0.9434814993957991,1.0260133331710546,1.3508841754869156,1.43581758268099,1.3087977690701331,2.2458045695430924,7.608314332116436,6.932648681758993,6.971260098042831,7.073574092587342,6.816125858381468
6.432588112520106,7.3244727764827084,8.615688170722287,9.21359218053725,0.39905809567083655,3.4209223882362525,4.0899014917204415,-1.1617831941720014,2.537754906371228,4.65918414664418,5.572324165047466,0.6890791366549529,0.5754950599781022,1.0865340810581494,1.4941303755552173,-0.6669559863243459,3.980187199312453,-0.9461040258196038,2.5312140485483954,2.0124125263170596,1.306835448511544,3.094351965375004,1.4237518125483022,1.6019621828103625,1.373450149248959,0.18401442826023948,1.11335449890984,0.8285878708848021,1.8140408052994696,6.318536588799822,7.199785148366632,7.0860933331588996,6.856508930333146,6.4357931961413675
6.1931024432232675,6.9614955348650005,7.698618843746244,8.453905481698396,1.5045359557580984,-0.6717774489411612,-0.7338953698863049,2.704561168047521,0.25162297249180043,-0.7489331266253213,-2.4433172418428053,-4.356577482970494,3.45990920775281,1.9358499653410381,2.942443974654712,1.7355573041807169,2.704071207458145,2.062281365579645,1.156188508065256,1.478479374692725,1.9242698584978313,2.149411443537705,1.8906214955632654,0.85625398995423,0.7081606889405827,0.9176382511112058,0.9187951837426702,1.6039543309418833,1.738166106801399,7.087043703413059,7.960003489486135,7.380643494048729,7.253701816546881,6.227869241003178
6.1069247081387275,6.886853513907401,7.277547738907858,6.939678625101998,0.5381221630563288,-1.4430899398438897,-1.3891672708840632,0.6387401007475485,-0.44568509905694553,-2.96513133442876,2.243235983601294,3.7687075111576642,-1.3537882357886344,-0.06441193919693747,0.74848669862995,0.1683805526690483,2.498651171944773,0.7309056683807263,1.2503693724021394,0.872878770652907,1.6251582070653383,1.9031894221362915,-0.5346389981838716,0.9922820173206248,0.017568429368847484,0.29635725149103653,0.49968790704082783,0.8065907668139151,2.080660830704906,6.843911949666485,7.577340541570924,7.563420543532284,7.234958964647114,7.023185764481137
6.757864889974391,6.632191963830236,7.015564516812895,6.809402780448488,2.0682418585567857,1.7783942293492783,1.092875908827811,0.28188114029836187,-2.573212352715862,1.0236765967009154,4.17721740152235,0.2499261377827338,0.012765663463955574,0.0676039576063708,-0.31798447256393947,0.2481104813660975,-0.04206121860896707,0.19824977625400914,0.5803691830581927,-0.22070017510277645,1.0975679730450911,1.5115750029298076,1.0006265871123563,0.7545974018077689,1.0425943375487599,0.21699718967806983,0.8851099660895145,0.3674923390484088,1.548159662583309,6.971911704121749,7.053934782828048,7.371457550975959,7.2430714073749884,6.79506161439945
6.864811610952706,6.00881271748909,6.4135986295602505,7.087119545330446,1.3873598535226206,-0.6237212795302938,1.4903157142387868,0.7679402545547125,4.5166761091820256,4.84014038496242,0.0706342928237811,-1.8587364449306603,-0.5284304990964663,0.12853303937062954,0.7697253531021679,0.0030339032598258424,0.29573711584674395,0.12655377598008988,0.9342441961822959,0.7407067307956344,0.8586037775782949,1.029763802217694,1.0510253931779416,1.467034468632452,2.250166554834355,0.8000834559801818,0.5283018642262064,0.3683638455974672,0.40813425634556977,5.5712591935726445,6.233423067082216,6.451585545242392,6.9158328552392385,6.765864819897007
6.276960242129828,6.068546138266732,7.367988985890546,6.929239910907787,3.199979421416291,0.8747414398817008,0.5567750600791052,0.8637896287263415,-0.5707219134789553,-1.940488660586824,0.24427772441987025,-1.531100445723468,1.387619884371409,0.9752685056899625,-0.14578735162432707,-1.5002095273495872,-0.313823871867788,0.5502252347831558,1.2320025993542585,0.522791468000336,0.9720865055497848,0.570687011649802,0.6814611814102035,1.2595713269103872,0.8653895015079356,0.5050274071498074,0.43590200906398896,-0.46055154354328454,0.25655668773317897,0.5804045923260154,3.6805475217622328,9.330539623450209,6.369846373076447,4.883193590122892
5.6887608505741545,5.733440673650551,7.511522174145453,7.011587343100454,1.0817856031474697,0.4245087913571874,-1.1659706335209035,-0.4585946046846388,5.026685194187047,-0.295097166783872,1.365330567972061,2.605435394258437,0.079369762655456,2.903298703890518,-1.3097246937713125,1.7943433311952144,-0.08713302586617377,-0.23697000759268627,-0.12273849791336487,0.37721086389960884,0.16187636835167105,0.5737246541830304,0.7341393278824342,1.1269153991910137,0.5623056213381188,0.9610203303655476,0.30405920322235025,0.2507323732087577,0.38344837240382873,0.5176421177798028,1.0158006005302656,2.550622799467281,8.52630769415812,3.2660694406160955
5.270295287403998,5.806154770216511,7.921938815153604,7.146181827060213,4.033827878473027,1.0180758839699477,-0.04910390178374899,1.6093222099685838,4.83766444999628,-1.287654742327462,-0.36060395118046173,-1.4258095962740276,-0.7609004659087849,-1.0396219128968751,-0.407609722038905,-1.1168171124713042,-2.299583613266626,-0.43654305530604354,-0.7688391723322097,-0.2448936261402851,-0.11980543516157123,-0.36078286276856036,0.5564770348466452,0.526112392283833,0.2228705533575599,0.7299741884051831,0.12542771813694828,0.5770621325808074,0.2558796125701768,0.2479024724643774,0.8024037019618221,1.898396729003958,7.871624537427532,7.623945731851912
4.4367307683023345,5.994928364513428,7.886373199848623,7.6575526675812755,3.0792872412568326,0.5840811677954048,-0.9562887195909777,-1.120959823270603,-1.1842973406793678,-1.4249256672863682,0.6676795297813704,0.6365311880485796,1.3952939279030405,-0.1191014997820634,1.1110082454665509,-2.31190093787987,-1.002415184310059,-0.22538811484112814,-0.43743495475762106,-0.39805894954243687,-0.4656316653458112,-0.234214481162007,-0.2484632581423992,-0.1463226833162957,0.41994916001650645,0.2205162139206704,0.6516117000983985,0.6784721729589291,-0.03089715315697504,0.9708283601017393,2.134803557359467,2.628478546300846,3.193554632367338,7.077020601530343
3.509211208439198,5.7348373219858955,8.10411857444758,8.032428917062452,6.764835672616141,1.3382028639519499,-1.0834950324120303,-1.0251604620077928,1.6119632112526914,-0.7842197398165623,0.4234941480982986,-0.10609093763315984,-1.1452593333588648,-0.7685152545785132,-2.1047193115894274,-3.9690747662842396,-0.5340483285912595,0.2059176498525227,0.0818578479443551,-0.6635224549221312,-0.41502161928481535,-0.36530700485732964,-0.5044122458997887,0.20851862996884596,0.3491825620491684,0.17850523918249725,-0.16330811214100796,-0.07621073822825376,0.03190324466759369,0.9725267243315915,3.0576025942093836,3.360451372571559,5.767391292194282,6.852914095944924
3.4121762774362745,4.895377088706181,7.558875586378126,8.25544810333901,7.663382977873725,2.5179731595990904,-1.4039968055291425,0.049651346650865895,0.2155585891020882,-0.11267105812869073,-0.28282525870079167,-0.30868365168166834,1.3663363977478544,0.12896357480850848,-1.9786626344129723,-3.4776927087157135,-0.713407272448804,0.12122564382789185,0.2588410129673782,0.16022985275243667,-0.3928349622494529,-0.16384710796707722,0.3432661500140241,0.5563223604128873,-0.7105273453530253,0.22690966818300126,-0.025858651047450918,0.965229927177848,0.13071800256531935,1.0143896090296607,3.2714366237326153,2.3744246506515916,6.38089634096428,7.150702620140566
3.4383871010478853,3.578504837148868,6.253416212413951,7.402313578496197,7.432042069782785,1.7853489347493814,0.6281102825593524,0.2066311986181647,1.8053563374588373,-0.7580769314401319,-0.8847723625035722,0.0752845940251723,-1.0300817245501819,-1.6495159379671762,-3.6647714488787866,-1.8629164115791803,-1.0707069260847233,-0.04772812956789192,-0.05686725557273356,-0.3359308517557528,-0.15668691247511593,1.2698318345695987,0.42603557940255576,0.43571289081650305,0.9611201236311248,1.5715220361517892,0.6562987174497512,0.781792042475037,0.7663224746541328,1.5186842798437918,2.712598811898745,5.228887135740822,6.448219458233428,7.961153914739966
