script/wind450m.json
{"header": {"parameterCategory": 2, "parameterNumber": 2, "lo1": 3.000054539987559, "la1": 64.9999836372058, "dx": 0.5, "dy": 0.25, "nx": 34, "ny": 52, "refTime": "2026-01-22T05:00:00.000Z"}, "data":
[rows 0 to 23 of 52, columns 0 to 33 of 34]
-2.5945854658907277,-2.535548685877289,-2.637411945272498,-2.943028379733841,-3.708874601762467,-4.501905051445083,-5.508394794119181,-6.543568091914294,-7.367920360151462,-8.69437056484872,-9.584085699938099,-9.664150951855161,-9.223118969997294,-11.798717173617353,-11.373032652967503,-9.49645153777599,-7.514936996892243,-9.279843726563273,-8.795652407564665,-4.403081747468778,-6.329413126884328,-5.187556291234256,-6.92798874848346,-2.745807432759134,-3.6988163363833615,-1.6964017472957718,-0.9499314476210711,-1.8341943999660744,-0.19599838397330147,0.5110577235104974,-0.2614545675484913,-0.024098304925138155,0.373071381273336,0.6395291785203058
0.13646170143966596,1.1594000103609434,1.53075303526871,-2.016647263053104,-2.862328470885372,-3.381412672777205,-3.9662055585918523,-5.36256257633156,-6.674391614432709,-8.393080568376856,-9.154319392304917,-9.360123516217355,-10.292593539801208,-11.671927881442357,-11.165293695771904,-11.11899166070355,-10.085641272123302,-8.79280266746813,-9.98588658973782,-8.118911931785862,-9.260690142788707,-7.580400662071145,-5.094627054051325,-6.069434952664942,-3.6965266873610796,-2.314708653714744,-1.9265344886339435,-1.1845741221123713,-0.6958681010870529,-0.4351760123263157,-0.6123191877871419,-1.2788242494800606,-0.6482380381740808,-0.079715872327696
2.3093845066429317,3.1495702801125547,2.0754521513837214,0.3097080223352375,-2.23252164697262,-2.9063599948640038,-3.4974592537665212,-4.400675800259032,-5.131847584032274,-7.000793597576747,-8.953095934786553,-8.928174815831206,-10.097449629446364,-12.018838145455758,-10.14536092353316,-10.049907580334784,-9.996742833475267,-8.809260223034494,-8.483335524822413,-9.232184273155164,-8.71893560869845,-6.877552057126175,-8.359453588275246,-5.324068674755834,-3.9450156417960613,-2.3647776433978036,-1.8511577940844988,-1.556289664465614,-1.2785928729294442,-0.7580233246683011,-1.5690983670622747,-2.2755042011971254,-2.0315407136627806,-1.352628197624844
0.7414533623345034,0.08232291825798889,0.9728708485207457,0.08800447185582003,-1.7626891789410095,-1.9870760349348395,-2.826026368251718,-3.546458420811277,-4.077561577576589,-2.108712841037046,-8.022947516045285,-9.72980700921289,-10.92414847004718,-11.673432843023042,-10.28028402733805,-9.432196579438449,-9.282727999292328,-8.795614398237314,-7.310862497796256,-7.403265545720723,-5.877547545800494,-7.884255151668081,-5.032646521021232,-3.9817502516377843,-3.7153296599354455,-3.2510946090799986,-2.7388894182336574,-1.392201342938462,-1.2653265274343215,-0.4476302592330325,-1.4427284658051844,-2.8667880267112085,-2.5143240444778616,-2.1385384946498878
0.22974642049074334,-0.3693466511846688,-2.0903043758343425,-2.859416588514019,-2.1017140315302094,-2.0966949865006668,-0.8000191828798109,-0.5197068159672139,-2.226291040682771,0.25979650491285633,-1.04812781582945,-6.492748499798505,-12.02936749231767,-12.967296986908318,-13.26753816864139,-8.29411222871577,-6.238335929129443,-9.340170395277529,-10.583226466844593,-8.111945557000753,-3.981009496472298,-6.5450931979191616,-5.2331339128172,-3.31629697720164,-3.471835339577646,-1.9320121010741549,-2.873270459439922,-2.381132983031192,-2.118363551482717,-1.886962632513353,-1.5719220918533718,-1.3590718827465433,-2.074958478893055,-3.028759100913808
-0.9395201395214067,-1.6428170540706153,-2.9745401141800225,-1.933987575374163,-1.4506495636413,-2.846734837471367,-0.7110587839029375,-1.397932745993699,-1.9140631594610298,-0.5359367832972284,-0.3402939462831394,-1.269417478902837,-8.142458513340774,-15.409802542863192,-11.533851332377465,-8.06986858744922,-5.171721688560069,-8.163377968774796,-7.965204892605976,-8.319879748790816,-9.144822495963611,-7.87560339348921,-4.359595190362187,-4.0323757930060395,-4.617073446628004,-3.7449402845226007,-3.046106300169509,-2.837927987397748,-2.374113431159045,-1.7230228131049878,-1.3591085738018294,-2.205408892962177,-2.752328543778647,-2.4599393361956396
0.5964883265116955,1.6734096043524183,1.4566808188434885,0.04663446088639989,1.8375244426228683,-1.4211841902753752,-0.8123632293016763,0.22940689742308637,-0.8402130367771483,-2.446937283502503,-0.5601219885624359,-0.07357637429579039,-3.2458280017540857,-8.178140382610351,-8.160495858071783,-7.6181581244399394,-6.8160877486340326,-7.701121941293191,-6.412992958902747,-8.115580901628435,-8.588776147842418,-6.426865097490802,-4.0675349097426,-3.6852106412478443,-3.8502954067190416,-3.8123458781461452,-2.0143177739553617,-2.3779766574590266,-1.8148819347423322,-1.3840632908977473,-2.6899624388417247,-3.039154769583186,-2.923398287939587,-2.3429640137976424
1.4316333006281396,2.4670200888971334,3.1721009659706905,2.660997613824551,0.8262959375009468,0.7708317336118561,1.1485454805871118,-0.9028528722572086,-2.1488526766850127,-0.391920033037979,-1.9281897429201869,-1.6755308023687572,-1.014210914376853,-3.585194849968777,-5.882885250774026,-3.749594388670032,-4.83462242683286,-3.9278613335654655,-5.755636291905326,-3.2823377724735363,-4.35022790698251,-3.5076353782187746,-4.598366722414795,-2.267812933456237,-3.370004685836158,-3.5128441088557603,-3.264281146044322,-1.6129014455938293,-3.401109068388026,-2.7087366694156882,-2.738783079347755,-2.045122513977126,-3.265184493132984,-2.5427353828756583
0.08916529948988976,1.0649024235401419,2.911346051151536,2.1441517904364114,-0.6503542989326633,3.4263624924705134,0.9392283161188981,-1.1131586293676947,-4.533290030636033,-1.6443478361010908,-5.4796100666330085,0.4286474169383077,-0.3457021820728248,-2.1439596191729913,-4.861708964465612,-4.8356391487125165,-5.584038270748584,-4.51676707045176,-6.401143274220338,-6.754750686300308,-5.912559598551744,-3.0370819593537246,-2.539443820660287,-3.303378430677932,-3.014509604143354,-3.033916258677459,-2.8792034201602053,-3.918056929003667,-6.203852539510097,-6.100361075808814,-4.5790348294345735,-5.7851534345719235,-3.786213487319384,-3.1896738773100797
-1.5538215406525944,-0.35931311986224385,1.0218496273845514,0.7036692411803346,1.882333353274583,-1.0852973739510616,-0.8986601063065484,-3.951853203438194,-5.597715644897246,-1.7064487629881033,-6.58161621472452,-3.5734814578722904,-3.768049511827528,3.5980325467559444,-1.5588806500013412,-1.9332981124155646,-2.774080537183561,-6.341493909795064,-7.631660172620545,-5.166685833746059,-4.5311273582344835,-4.096343572137279,-5.54766864705155,-4.467047058937393,-6.655464219268052,-5.745140666763972,-6.037070624438199,-4.606405239764142,-3.6348684160703386,-5.664775183052347,-5.264806366279505,-4.550086388545344,-4.491168841997135,-3.9797218424233685
-2.977393989146703,-2.701966495576205,-0.47588236622114155,0.35117786228096465,-1.8766801647901088,-0.16082791384072997,1.8857490758154813,-0.9655909969453854,-2.0724641609116006,-4.841039303399837,-10.306773455493984,-9.010483035108381,-5.956434223802402,-0.2945534769057633,0.5864656467869498,-3.1222625731086966,-0.9257185711083927,-4.710271935375108,-5.875527837868471,-4.898274784550345,-4.910323529749471,-4.938098852967525,-5.4831267753937265,-7.000293051777802,-5.473968831457158,-7.942763018615499,-6.962474205866755,-6.510241834442444,-7.439824319633825,-6.1831437748329146,-5.3421438646276025,-5.312900776989221,-4.997793907543581,-3.8655986839731797
-2.5964078106032376,-3.0900889102366795,-2.8606587197388293,1.4187611716711115,1.4753870569720344,0.5330715652349559,-2.5457791789626527,-4.390341752738101,1.2221400300074692,-4.99656677478502,-8.676189260717546,-4.500655265519181,-5.910546262265081,0.2390990175659652,-0.6242426443371687,-1.9262509407667594,-3.2147917597079982,-3.128229349398685,-3.77327274694807,-6.148356640760699,-7.0248084919642215,-7.204398261941448,-6.819096889747217,-6.529638914755033,-7.017742280345738,-6.97568839491337,-7.326942938993839,-7.502846160076511,-6.043894763714566,-5.239777402494894,-6.218731342653305,-6.030516837983847,-4.910425170276066,-4.6623643658694185
-2.324354503084319,-4.175443754381736,-5.988206143578581,-0.98973808662585,-0.4774107329981117,-4.14291358403342,-2.4012385285325846,-6.611123910043644,-5.785053873859264,-7.829098203126413,-6.80075633771127,-7.825676427399679,-3.5137096733680697,-1.2876267792361118,-1.8678361949247364,-2.8980185428946443,-4.274793264260966,-5.328844594756769,-7.615239197199036,-6.114191012257874,-6.568978533499591,-7.4046336251646006,-7.489404425888757,-6.928842002085997,-6.734357253069094,-7.002780343879787,-6.149228723790326,-7.4371426397598865,-6.313041572940345,-6.4638211957565535,-6.342492476295085,-5.822017191331398,-5.5722480402409715,-5.874126631373135
-3.5974907562298855,-4.403013395026047,-9.856941260447876,-10.520574433887678,0.5883815298003426,-1.0114367419375883,-1.9227440460247287,0.2682780734386016,-11.45515907212117,-5.0078806897097285,-4.057661296730064,-3.936991013237664,-2.7273029028291296,-4.427000887303554,-2.668029383146998,-4.930646104665285,-4.538788475794162,-4.9739922856841154,-6.9636076399477105,-7.655099635095305,-6.449691322117945,-7.516614587272342,-8.06271598860158,-8.206640163215413,-7.9392111388915865,-7.380732426461514,-7.690659021820616,-7.102088272073741,-6.213272084466674,-6.197275868968746,-6.114903828223039,-6.065189442241356,-7.023764021869245,-6.7306694949450385
-4.333489530748723,-3.2242157890593113,-6.035097309884432,-11.853236740782537,-10.176881169226842,-16.852046609072513,-8.918694793341043,-10.463676773548126,-5.473862219831201,-4.984674371062016,-6.294087646019046,-4.628750718189311,-3.5717532587563787,-4.421015428424276,-6.281780279238388,-5.869946349223626,-4.193819097152362,-7.611366617344189,-7.916201776206526,-7.772823046270199,-6.8553143525264275,-7.570377745884111,-8.643004955097252,-9.02016558144867,-8.760113780169817,-8.524037233910486,-7.276024426616059,-7.916086474915665,-6.788243419527772,-6.390371501421027,-6.450970918252495,-7.444526241338496,-7.1791247519690256,-7.456772747706003
-3.5008114916110498,-5.195153268467627,-4.102459487705148,-7.401906386137644,-12.33825936176511,-16.97645725451794,-12.421628110364482,-1.822834466780825,-9.76011262910418,-6.013664267333043,-11.157087999632264,-7.85795146928463,-5.014215512853717,-6.1942020696000375,-5.880927242440553,-8.074365421727062,-7.325053739295541,-7.650118343140112,-10.549845914862708,-8.076211596189308,-10.24046005247772,-9.769243010764393,-8.419898395839546,-8.460565267936634,-7.824038928764319,-8.860507477651659,-9.682470773873712,-8.099039455709974,-7.113762973207539,-6.738406101440702,-7.368984231109223,-7.400548824244695,-7.854147936021266,-7.771333638060764
-4.115829585034007,-3.298155715028767,-6.97766393252419,-6.685063127783457,-11.090385935405257,-9.4935672981479,-17.595941940557378,-7.59516484378926,-6.1369194464052965,-12.554170036416451,-12.291028230983594,-8.059561838640604,-6.452024735789157,-7.228523575397365,-6.551249218117631,-6.357270356491857,-8.728958280096052,-7.943504856553159,-9.808291396667146,-7.6199689436149605,-10.858667582108941,-10.31914597620609,-9.109787757552782,-7.414504144532266,-8.273536535507539,-8.362667534739323,-9.08143234850035,-8.410087262942136,-7.603001430642637,-7.296165519278121,-7.415060691034944,-7.972408484452504,-8.69019236374615,-8.829568687887777
-4.830633794752024,-4.127152846838057,-1.6906980998521992,-8.397050191182649,-12.441754289392714,-12.88464731290501,-19.007657793364857,-7.553561420782582,-14.587333680619997,-13.392178365751644,-7.9023188625487295,-7.362966118559019,-9.159563173253014,-7.972902876973977,-7.25810878927889,-8.033903425248775,-7.51811559511949,-8.54920358205576,-10.369991170787097,-11.04921129328336,-10.598158126010627,-8.908621539222485,-9.143354631598124,-9.640364633964898,-7.808213148633978,-8.400664463613047,-9.337444697951138,-8.174881063339694,-8.264621064749315,-7.700325789588749,-8.012045840802964,-8.334971482054522,-8.845366235505262,-9.228895665175976
-7.248637036920843,-5.536511400771889,-4.165314638650706,-0.848635271106944,-9.921864355580682,-11.749502917230892,-15.27991330920799,-10.943686946275117,-17.809341955770012,-13.430490915915332,-12.92906118938238,-8.61005719073951,-7.663180095190133,-7.533914562892766,-6.282761129607982,-7.926785205192771,-8.430685515164946,-9.013632594947403,-6.644980782732826,-10.05779324695672,-9.475169250261402,-12.766576875637641,-11.14455232569084,-10.735091157036564,-7.88756491176277,-8.234925516222704,-10.503098749237314,-8.76466093524994,-8.293268857684012,-7.894741286906098,-7.551502269491437,-8.19269696276953,-8.797792750659863,-9.224803479690967
-10.154483929897344,-7.389712483072378,-6.1520304169262054,-6.718105035661119,-7.288715904851369,-10.982708137906753,-7.893473894212054,-9.150291135339248,-18.32139012563271,-16.291342416284728,-14.373432244077177,-11.66147775470615,-8.138329187504466,-9.566948687622762,-8.183500157156923,-9.85993347771329,-8.441005970744886,-9.132005962185382,-8.814986062562713,-11.115403235986884,-8.238285562842888,-10.438013962205039,-12.27055188182742,-11.071182330402936,-9.657953166858906,-9.89122578196104,-9.07278277143506,-10.081263863673799,-9.115356605108781,-9.258547628025745,-9.457910064437211,-8.54644135002773,-7.924103336028453,-8.066145637923164
-9.193823200853808,-10.966706614084599,-6.932310434671105,-8.244509541471809,-13.196106394972015,-14.181538059813438,1.3317484155275727,-12.011365885802473,-19.534931203271384,-15.156436688467512,-15.602153705784259,-12.200818782324179,-10.889150757949583,-7.826905018863266,-4.9120406839736335,-9.789243510883878,-9.750846620152238,-9.100101188527459,-9.73847657983892,-9.881888557921382,-9.218017729196372,-9.606715198114488,-12.33122574261761,-11.323278266008703,-11.303134247842998,-11.12634405350222,-9.918550523227326,-10.121200158163129,-10.007461901621745,-9.830140654294006,-9.8329460591545,-10.040451810001873,-10.183371951557625,-10.59515440354633
-10.141159890220163,-10.331014404795159,-12.06493910795952,-8.65820516408417,-11.544034449155983,-18.249081142489413,-21.303472965487636,-24.727185016502222,-20.97029119311311,-10.822306485682915,-12.549035006660095,-11.860494942487431,-4.859681315928292,-10.288201211919162,-10.882965443818197,-7.017310168031674,-10.29314960863484,-11.121207871732887,-10.862906439152674,-8.238915988186365,-10.245236285795494,-10.113261846083166,-13.236841810624725,-11.886049249259697,-11.417608103746677,-11.39657090378418,-11.009931675649144,-11.238848161491642,-11.13866166326021,-11.038849438101721,-11.738782120195195,-12.118047648656855,-12.877365500768795,-13.637165839355907
-13.031745945115262,-11.409955932745033,-10.002465706923832,-13.631876792062453,-12.462195771051844,-17.166794144067847,-15.148268420392078,-12.033997923479447,-21.53350944019576,-24.767237055812593,-11.11234527707962,-14.04037936685346,-11.271553422042155,-11.754985111972115,-11.798079823797075,-9.543426394532585,-12.542989405491195,-13.144505371037596,-11.084366601359479,-10.976884692060892,-10.171409056527184,-10.779662332882136,-13.054750884337105,-14.008446867347578,-12.336709072535525,-11.907629614194116,-11.889874425838256,-11.06833488555769,-11.36745103200686,-11.627866542821945,-11.88617738795269,-13.415966332393484,-13.64825267329787,-13.95640178804967
-16.10524210559209,-13.992226798658852,-11.64197428598092,-8.791828287492852,-13.960034067557064,-14.799892194591637,-15.840899802674427,-25.739592562361153,-25.36844909517276,-16.11790236780539,-9.075437167008618,-12.54553421458656,-10.241725501472192,-10.654921988604777,-10.795699919110449,-9.034261993094308,-11.56848187846312,-15.610761794447603,-13.208472136226456,-12.621634341266828,-11.464961225546139,-11.386065104117812,-12.169225828892419,-13.695941658533336,-12.289661996503133,-12.70516589346881,-12.840716547163233,-12.091963212097351,-12.257068181834182,-12.037543721643724,-12.36216332019998,-12.626496273152942,-12.773423093819192,-13.05918094228522
