script/wind350m.json
{"header": {"parameterCategory": 2, "parameterNumber": 2, "lo1": 3.000054539987559, "la1": 64.9999836372058, "dx": 0.5, "dy": 0.25, "nx": 34, "ny": 52, "refTime": "2026-01-04T00:00:00.000Z"}, "data":
[rows 0 to 24 of 52, columns 0 to 33 of 34]
-5.6145215420567505,-5.014618775400649,-5.8763702736307835,-7.225985628056627,-8.445663134543098,0.9433688834240811,-2.2473556240911052,-2.071317723667089,0.19007901641518116,0.1319638077457079,-0.5375452472706637,-0.971168442762776,-0.4151886773410092,-1.0268346112250086,-1.8309296133252075,-1.6508567921897819,-1.6177744746269784,-1.6590865448259375,-6.038855027940354,-3.6547498774243983,-3.2571370170856064,-2.819587196954319,-4.209661718386046,-4.741897932299004,-4.170565500169349,-2.3298594520625637,-2.465816312611401,-4.1240916855663565,-3.6365178924912125,-2.9945232579354957,-1.910635780893114,-2.2522571722954776,-3.137618130015585,-3.0047456353659334
-5.843230334952971,-6.420608244476721,-7.9873554372935684,-6.852319511581085,-5.433067347396209,-2.4416017705322437,-3.527648040520944,-2.6735939784098472,-1.6226093788620168,-1.3427830057491328,-2.871355842529691,-2.2009311891214995,-2.6233861188512315,-2.697563472270309,-2.5503055565731803,-2.800536828210175,-5.229834266558064,-5.125543004268242,-9.747689592014131,-8.00326820944858,-6.1815178909553605,-6.776071810591827,-4.275481972040438,-7.311371643399893,-3.85752784871967,-4.73435250077,-2.5563964544877167,-4.375035292444179,-5.544081891973108,-6.101679329629545,-3.7684313898677977,-3.536546230102431,-4.095061965053951,-4.94572225009312
-6.6397415584795825,-6.263969363544659,-6.07553034660564,-4.479406897851202,0.28008986286453497,-2.9973282942450514,-3.7461473352577834,-3.332427758869231,-2.7294489381587934,-3.856513302323235,-4.450422733694354,-4.4238235518553095,-4.687859901206055,-2.943368303306252,-1.7296466550898209,-3.078403408898324,-7.845390687411754,-7.543685101025326,-6.656984552445362,-4.822737693021493,-10.189711132591317,-7.416022772089678,-7.665665147247553,-5.395186940714365,-5.5299840705616425,-4.943015675500952,-6.86508575795457,-5.653087706069632,-6.569266939356463,-8.70187712128176,-7.114823546729953,-5.204585578100753,-5.447618307468619,-6.219625918320897
-7.021415775785696,-5.86376741827903,-8.073601299022924,-6.737371473550748,-2.716438966363921,-4.337556075885942,-3.9942285117825382,-4.339646895163128,-4.947390291021635,-5.040269921840044,-5.750650271174281,-6.2371654115366315,-6.033636465609559,-5.968002681087649,-5.561161686109421,-11.209429080287567,-6.384791329662474,-4.659008634981008,-9.760666522981715,-6.6871849163672605,-12.703586450823941,-8.863145654418378,-13.238889169958497,-6.737256822941786,-4.985079310143309,-5.7865158286774045,-7.076731125443055,-8.233472607368332,-9.022615091926664,-9.43214580176238,-8.779188313902063,-8.062128477804125,-8.243740044815656,-8.423066535010172
-2.9592758935844454,-3.8369801581961442,-6.879345416392039,2.014964979492925,-3.2187295115195633,-4.028063313539742,-4.467081995002904,-5.35541254281836,-5.836262001462138,-6.575847749745097,-7.101450749479602,-7.578734792908025,-8.061601630969024,-6.754892176685129,-9.34016326159245,-13.367691088511163,-8.539602580699585,-4.449904700361543,-7.679328403140667,-10.923099892944165,-13.345788395486132,-12.166790298698347,-7.028965922207247,-9.849131299694955,-6.940839783094132,-7.667413978737288,-8.461278153651385,-10.769895134993934,-11.235208694912838,-11.368505088483838,-10.642168287036432,-10.599476639225157,-11.209670201450917,-12.523046977655758
-2.238609694558241,-6.306785240593297,-2.6474018976956173,0.012990786063106151,-3.419873054096697,-4.163533005180496,-4.9468199607378915,-5.8321291645236615,-7.0446032663465985,-7.60656698843506,-7.923791362226165,-8.979008319058117,-8.337258901796133,-7.837010718183317,-9.446608216600614,-8.542746690987865,-4.631144013684613,-7.898603687289703,-12.775729175933135,-9.431434122812359,-8.648943493255583,-10.712658992392287,-9.892108105405388,-8.954585750594564,-8.92669480294851,-7.891832617098404,-9.301326273083552,-11.472995111372578,-12.668677662261,-12.914673880735139,-12.632255492868792,-12.901847598100554,-12.984626026152627,-13.755130875790096
-8.641818296976385,-0.36723023140525046,-1.1966509301156192,-2.2356327181354856,-3.4109713013371334,-4.4643021553953375,-5.131068044411352,-5.536171222843864,-6.231128058643515,-7.149410316553662,-8.850741385219948,-8.700780992583052,-7.842739088096803,-11.4557790238354,-9.886070555014227,-5.7562555173366485,-5.129849433071394,-13.093066215757592,-14.85362686296028,-9.773960500552256,-9.635368668366814,-9.438391690716779,-10.66798003734815,-11.030324330808401,-11.565523593012282,-9.90544695063111,-11.52803884812937,-10.647481339308152,-12.269409598404579,-13.97922461041286,-13.635560694527378,-14.477429402276773,-15.089216910100072,-13.133934311634933
-1.6666575804092236,-2.2685125798368393,-3.1463878345043272,-3.6223338162712984,-3.872610299094674,-4.720786962720022,-4.934074418312587,-5.262858647240487,-5.767046862777576,-5.912536624576608,-6.978918505625152,-7.751175993275172,-6.197829541231947,-9.513026026901377,-5.909991906647846,-7.109701047082635,-1.362011647736283,-13.5306130463667,-12.367496456579621,-8.131748751166246,-9.764617103579324,-7.76335055178485,-4.303406310574098,-8.755292826101973,-7.6318827883515885,-10.480617316073198,-13.303901268589966,-12.78652659143167,-8.538447115750571,-12.133206327208834,-15.46117376562969,-10.031120023618397,-13.288309343845224,-9.961633688150457
-2.9721972888288324,1.331726089507374,-3.9607216383465054,-4.214317315476819,-4.2347055517386805,-4.591696941458309,-4.097727776065328,-3.762420399637931,-3.68870396680144,-4.887517179477973,-2.545144274388177,-3.7308959591436257,-7.744229363714016,-6.142757993740374,-4.822749762179116,-2.290008099257746,-4.52295289495358,-10.541506597512257,-10.58118760352512,-15.523655764387955,-13.931367939506446,-12.962187118129918,-6.6634532960736665,-4.177222710015077,-9.266234472262804,-12.228391358390343,-8.854497551084242,-5.514042646477609,-5.696519821754401,-2.908861355779953,-11.798521721877096,-6.398784965928513,-10.14508439349297,-12.099107469986516
-1.081888561980302,-3.4777404738497038,-5.180276174539744,-4.989536053574329,-4.312051902697762,-3.912893053676832,-2.9263150664721875,-2.232294958969431,-2.960677297794257,-3.735284965155897,-3.1281295455281963,-0.9111307948276337,-9.660835898090848,-6.818385254463341,-5.249465921673492,-11.451923655932463,-10.706646305990034,-12.327465459773585,-13.64294995514209,-14.252114261157644,-11.537923458826713,-7.551350130930961,-10.048410831447402,-3.479356823411145,-3.7169188210847843,-8.929841068573309,-6.70091347671219,-15.407262761910275,-12.930027695376491,-11.10448516187444,-4.68493481801813,-11.522610374034619,-13.696964539220446,-13.42763662963703
-1.5514003459152392,-3.137757666857465,-4.704844669290967,-4.683701494305883,-4.043314165408833,-3.6307957975531973,-2.1403190013058357,-2.3146821053228823,-5.127226650636103,0.42541180853747507,-7.86793151129772,-2.1892022442135617,-0.12289488157834141,-5.353439102524733,-6.62443548560067,-8.981203976830354,-4.647759944292192,-4.510529465268757,-15.022628869611783,-7.263130712216084,-8.463435403194833,-9.590648515576397,-15.054123565599559,-3.0083964094743396,-10.048308763064155,-4.879074623269492,-4.668115490658281,-14.98085499978854,-6.114865756239384,-6.887758077250049,-11.820757332716816,-13.648954487562163,-13.69651725372067,-13.46163140023752
-2.4076321124207127,-3.931597093861546,-4.093635597739421,-4.528419573318093,-4.125738117794663,-1.1000540027691132,-1.8350143000021755,-2.773287916464312,-4.031124685075147,-9.631938493941716,-4.620539559499533,-6.30804011773365,-6.82825091886844,-6.525570452889885,-7.255679312323965,-5.22183910114087,-9.51673837940172,-10.743748538128708,-13.148392815924291,-11.58519241480653,-10.108627843229886,-14.101648547889656,-5.115575029176889,-6.890122520568813,-3.3060240861355683,-5.8104265064456015,-6.5707191635636,-8.318790980764128,-4.891802722111017,-5.56798920515024,-13.765738823314203,-13.338590299540705,-13.098209031109283,-12.493900943363018
-2.153276226569955,-3.961927866522136,-3.005175455059936,-3.3355978648879434,-3.9106351442450413,-0.6387192675991418,-2.970186511772577,-6.963748558761962,-4.675281477876908,-7.864604710850842,-8.431165748010166,-6.96578725259728,-5.9600371677263455,-9.69149787027905,-3.7681424794579796,-3.9965673285137373,-7.9153091405261895,-5.372053276651185,-10.958209460804884,-11.569435795372284,-7.862584302519881,-8.872851478127604,-9.558788227287094,-5.0651519378628596,-3.278254392886493,-5.548765645228128,-5.5675052108561465,-10.082015011238775,-5.978818097902271,-12.747062301169361,-13.152769261226487,-12.823502352022114,-12.002790116034362,-11.52631970468519
-1.926629119428467,-3.4719605311151973,-2.6939194758330594,-2.453394997857458,-3.39011580307839,-3.2568200589631213,-4.314392138626358,0.15454324572512235,-4.518771352286632,-7.468134902783583,-7.638319920939791,-6.787920108158366,-1.6762990753134825,0.5401698360403302,-10.301686720069219,-4.036941700097681,-8.128182919932158,-10.378519362205752,-11.634823081814964,-6.453116912046614,-3.947238893352776,-8.984583004724321,-7.516582065212412,-5.678649264746881,-3.9732727256315727,-5.381627976713094,-3.935983383931454,-5.392357406501759,-8.862256228234461,-11.791223321070593,-11.871537797783514,-11.798980979319726,-11.595170015866247,-11.465213182408377
-2.53413032745603,-2.776954880820078,-2.7835908752326217,-2.5144683233745355,-1.6093226264548433,-0.8664196017167197,-1.0621386978636618,-3.0203235548529905,-1.6944828491489183,-3.361374261821309,-5.900880576691645,-6.749298211345482,-4.627037187100227,-5.460865055840284,-5.192214557743766,-8.956440040652765,-1.1856019357667147,-10.658988425171291,-8.544891747752187,-8.820878084320347,-2.7312593904211058,-4.845031703410699,-8.885538014047764,-8.079007496283582,-3.8076986237473527,-5.8387842740625935,-4.313815444128971,-5.213828630030759,-8.716313919317718,-11.182059010047944,-11.446001440994277,-10.836132717436357,-11.288440943132173,-10.3440188230154
-2.5202054187155505,-2.282642827206404,-2.642909246631587,-2.551554880450135,-1.4163851670615664,-3.28935863721287,-3.1663039054398157,0.6230104723972288,-2.9877107767936493,-4.44842313502839,-4.926808719360164,-7.783527575485539,-6.198369248107881,-6.589856563844814,-1.6968652191321194,-12.25164534224251,-9.606667631529003,-4.461539615246084,-7.4573492181328325,-4.931968968122993,-6.339851630658802,-4.033536745265058,-3.244855862052428,-6.880748602540787,-4.238497573343913,-4.6217110384160325,-6.338769391071289,-2.996659186458671,-8.829679103623633,-10.51291246262541,-10.5381396148607,-10.568827718737928,-10.356414695589786,-10.681311658524697
-0.06497193419520823,-0.91264943506925,-3.0243668978110803,-2.5849164621105034,-0.8518477443877899,-2.452576488598909,-4.411906272283605,-2.1955313947424364,-0.8488893368583227,-4.37219639054963,-6.825033885511924,-5.886399794767139,-2.6738550339429654,-3.920294954686892,-2.214311645798846,2.8812487614982594,-7.685338690887611,-1.6633912930667247,-5.2737479179109075,-4.611355662736459,-6.875711495377828,-5.496157253040041,-5.722208493956657,-2.789566455569269,-5.7525913308091585,-4.720157247139815,-9.002215230616905,-9.019525470071121,-7.981058946319761,-10.0925063706451,-10.773182691132828,-11.311270479610116,-11.040267292555649,-11.375826969232689
0.05409903842547901,-0.7635269032626171,-3.5873444412753135,-1.954601134381382,-2.593498570966303,-5.418640325529773,-4.685428357932385,-4.059712273041895,-6.4249909111564065,-5.869582742792833,-1.8565986048166543,-5.184675120747168,-5.542946043685748,-4.3761752698078835,-4.772198814753365,-4.317151048646022,-0.25851545763753025,-3.110126118990056,-5.0134253043664625,-6.2707648503734825,-6.388748589170438,-3.7928097213923264,-4.363645550121384,-6.5438319157381795,-3.2937692230402393,-5.658584671562324,-7.585066938930345,-6.679592589990349,-7.884646257122253,-9.492386282767692,-10.155447376726977,-10.418892224192447,-10.648673385183848,-10.128473542847745
0.27829256949935155,-2.4748389073015957,-3.458399121091049,-2.059888662116739,-1.7903069999452796,-1.6852552869681412,-4.58249613614333,-3.6331629479018797,-2.265781397650967,-3.6660323917105044,-6.739271754338794,-4.825403814035687,-2.951655084802553,-7.548679891047249,2.3104825475206714,-5.634816502750114,-3.1272670566890692,-2.9782109967994375,-1.8581605842946716,-4.528283761046544,-4.544580643322005,-8.586698487293269,-5.681502218575863,-5.048222379020673,-4.120293362279719,-3.4260982774696265,-11.437877997663309,-7.882733724111084,-8.02975144953001,-8.874414522621532,-9.331220913944334,-9.658446849238585,-9.47967493829656,-9.020219446643363
0.7592433568678242,-2.974227664728466,-3.3711803048547146,-2.5610624482317075,-1.1324656773621045,-0.07343665297702198,-4.274651057063268,-2.3040686048827053,-5.200991995893561,-7.8522044955154175,-6.960245908825313,-4.698046139511661,-1.0656395697479577,-8.097545428347239,-3.2661606571930886,-3.7361891814951047,-2.8555337072643288,-4.0263536371971,-1.9941667246893544,-3.600112550785525,-4.13093790173837,-5.795386829068178,-9.934293090581546,-4.651747846811079,-2.933448192298189,-4.106980011932193,-4.243020636599884,-7.106539900194232,-7.873448710438023,-7.757257029242896,-7.132544862537643,-8.47165816059534,-9.682680137587178,-9.42425956300175
1.9969638108705012,-2.9848488571710754,-2.7333014558079083,-2.48378873795699,-1.3394578469322433,-1.1995839065114378,-1.442954130260281,-0.33592576268597224,-7.005755136460132,-7.715037317523716,-7.45539602929489,-7.698839526842136,-7.345581892352758,-1.7311473990806505,-2.344884807631294,-5.058973421424426,-3.499670891049631,-3.2448846487760754,-3.6530287610604364,-4.160538091170386,-4.104207596568347,-4.069385761625309,-6.979254204913992,-6.3196287769901875,-6.40388938789029,-5.614105410566322,-6.048478268093691,-8.303213882525801,-7.908107647054734,-7.537537885743391,-7.305618388834692,-8.754144475465937,-7.636288607004382,-8.887314927493682
-1.877939905505093,-3.6184082329264067,-2.810693407278319,-2.0618809344806,-0.610767343593933,-1.4551163091572825,-3.490920001660328,-3.4623374462679486,-5.46233278786527,-0.802939497973276,-5.972648494590557,-5.645381728859531,0.5556788723699247,-1.238766025286131,-1.9565989007351552,-1.3988610221162752,-4.896631247379237,-3.3496467880438745,-2.9974520488267307,-3.055968646002668,-4.858445811182744,-4.42778808362955,-7.171279373177551,-5.446359037662934,-5.609795919079737,-7.489992221380985,-7.445556716016071,-8.32039865102929,-8.13253397595027,-8.766333612460546,-8.23654899911915,-8.632358852792402,-9.262959704356893,-10.883937197878213
-0.08190600413891946,-4.259310413135549,-2.218492305879273,-1.5923411310006306,-0.8065909380253659,-1.301457357059207,-1.0903450252012197,-4.035096550887765,-6.627673715369871,-7.344979197903196,-1.622639594863709,-6.650901777559481,-2.648444862921117,-3.5598057134234082,-3.4762676979061014,-2.2755225270068546,-4.2093333273021205,-4.317282701181142,-3.7264935906948815,-2.5384660803168773,-2.6058511922803196,-3.029182267903719,-6.777775896024702,-8.827913673154129,-4.580180799753635,-5.8266006443709735,-8.263966710578238,-8.217198685344991,-10.335660252342374,-8.967999108066032,-8.170487340987192,-10.12008983906221,-12.971372614790623,-12.793440626278676
-2.058603521217648,-3.511516182122913,-1.9381523368315232,-1.3223363349548294,-0.6841300396490718,-2.1820527556177747,-2.169966448812862,-1.202972572205876,-3.304445736536359,-2.3051338889421022,-1.8796364513712247,0.1601590334654062,-1.6941051793905508,-2.549497015052166,-3.08656900730263,-3.076643714832172,-3.186588675946898,-4.496835163420667,-2.8669217964020968,-2.8245837586459195,-1.3152472317987602,-2.6986605736985485,-4.436502734412212,-5.672294403009175,-5.837411711212498,-7.148287370718048,-7.789393603879037,-7.92379417492947,-8.872289354468723,-8.112508956461335,-9.513610963225915,-12.021026001014892,-14.84933916778731,-15.485875072933274
-0.8633252420543763,-2.1261169836436067,-1.5848133911877431,-1.2374089380172784,-1.632592165413793,-1.2035997645909242,-1.1289430941267056,-0.03814714481165922,-2.675871715755219,-1.2973702226237818,-2.377108054774895,-0.5459421868056954,-1.0891459936717853,-1.4857800709090367,-2.9761682852902887,-4.061250803398301,-3.703458973292763,-4.69964769945937,-2.834532712657527,-1.6820263815579193,-2.127319159123169,-2.5767797050554524,-3.5866737306162886,-5.539426813356157,-5.850309937775338,-5.313894118325769,-5.044125712508933,-7.177331391393169,-9.43212412664093,-9.038358536722003,-12.38677748149687,-17.109446156663683,-13.309483357393404,-12.211969045446764
