script/wind10m.json
{"header": {"parameterCategory": 2, "parameterNumber": 2, "lo1": 6.000198445256149, "la1": 58.999992894266676, "dx": 0.5, "dy": 0.25, "nx": 22, "ny": 24, "refTime": "2024-04-09T18:00:00.000Z"}, "data":
[rows 0 to 23 of 24, columns 0 to 21 of 22]
-1.92283455088961,-4.613137024568217,-4.479737880334869,0.9677687089091367,0.22747887563498612,0.46468805453143897,-0.09411047729873764,-0.46422803757658676,3.4022024771160493,6.004625613941018,0.7324667140217346,-1.709086301192736,-2.541037760797744,-1.3729176361546047,-6.778955230000538,-4.983389108188501,-2.6459395701024553,-2.2551637491766883,-2.4792898034670836,-1.955937935943528,-1.5007369064718008,-2.456778925446851
-1.5665893449863846,-1.7452073845161462,-1.535044365378395,-0.34190470045587323,-0.17843130676798688,0.09893691186900126,0.3629175834345782,5.6160434159057395,6.519214360737841,7.947623955857078,4.994340586034087,2.0063117883914443,-0.8447438840463035,-1.9293521597420928,-6.128894476398659,-3.3095353997405024,-1.3177235028927767,-5.551482076109902,-4.677135841299781,-2.83506865733792,-2.0990970113216565,-1.9656208045996857
-2.0395747735407252,-1.2988091551363363,-0.4107752162612638,0.7755552892290181,2.2122131664292044,1.9467730080146661,4.362827494562471,5.923621033244678,6.293914237875026,9.70511096940538,5.589615988034449,3.3953365038426133,-0.013540697801796604,-1.0036590860390222,-2.7951425785858826,-2.928324167374404,-0.04493805751266244,-4.1369128731661995,-4.7381244951146275,-4.173627208034255,-2.4851540851038756,-1.9436160112496175
-7.270211249149939,-3.7665995235200955,-0.44983223171246817,0.7986950686756313,1.2147452369080713,2.982253005785504,3.8241475652394676,4.527481663447887,6.455335126569477,8.52730097114084,8.522519008323659,3.9195831434228525,1.846261993359904,0.5462243580163844,-2.3508482431171087,-1.887864476263272,-0.4050133940376652,-4.643682816666939,-2.4765163140370405,-3.42059022906383,-1.6706581295458802,-1.6141602971618763
-4.826230890537363,-4.380708536645125,-3.2117870204169066,-1.2565410654493467,1.0443187775523626,2.25529353775278,3.1059675846420873,3.771022948515383,5.733587158161294,8.640910037715585,8.375913288938294,5.23757930133225,3.5596080661421503,1.6919871641486393,0.1372936605608439,-0.9244562838903154,-1.2070434975807092,-4.123284275485211,-2.4170136548606886,-1.5808427129003249,-1.9598493047705916,-1.177173651323515
-4.435808080128669,-4.28718234406952,-3.729218092101666,-2.147142601925456,-0.0721788172015658,1.86804063662259,3.030261094474121,1.2348472671311679,4.348839934054392,5.872119580871886,4.673841525123078,6.088505587441249,3.64518079174738,1.7216205451644784,2.932100039541607,0.21755189813881337,-1.116654988532185,-2.7364303993961654,-2.151011733602785,-0.69909707650217,-1.2599378266169816,-0.5733048136073171
-3.8019502713307416,-5.336848058355117,-5.141578185126775,-4.2482310269774635,-1.3645517175274713,1.1176364818503153,1.5217318009017415,1.8159085427534056,3.503157710032331,4.453960924987826,4.100296675437665,4.902666617278727,4.413688580153525,2.2979212704555803,2.260933253605362,0.9769575622520065,-1.4571064557808908,-2.644373556755756,-2.4057144783493354,-0.7800239067789354,-0.7239386571270517,-1.882932959691395
-4.059211326888958,-3.890964721843657,-5.229508670271006,-4.329314069911734,-2.3188544911908555,-0.8150733214892668,0.6301697090092431,1.2482243840296983,2.4235681529087603,2.7264562637288785,2.1272744036320477,3.6018376021447613,7.885872265503225,4.474279471252819,2.482353752723682,1.563533954183059,0.48424615879985666,-1.6905138103064004,-1.970257229713326,-1.5719622108388898,-1.6217106193501947,-0.6359229535284782
-2.1647265174015264,-3.233137908327827,-3.4618765003861003,-3.510972172100857,-1.8387670483781522,-0.4286740494278002,-0.6994898011696981,0.30157616794978187,1.9624399856729282,1.7436118251343715,3.3022958215759406,2.8423983375318516,5.086963300547997,5.99675685409201,3.624104360017554,2.2532320271963013,0.9069541777653709,-1.7715241369677959,-2.119062445880413,-1.1123262963584315,-0.7559281339915469,-2.3481553706612894
-1.290521580566275,-0.6537748127313407,-2.4803200401980563,-2.299989970637047,-0.9153481202978021,0.1723377535429673,-0.9468215488596587,-0.4158562749161633,1.1085181071046244,0.6133986040066145,2.0980901671426437,2.610935046283175,4.448098868346357,8.83600906603613,3.287520344382656,2.592615630830601,2.0356599756772615,-1.4347339303206987,-2.667739176960838,-2.254326648893836,-0.7902798500073595,-2.276188261989095
-0.7278876509699453,0.14627788301065583,-0.27034653040824486,-1.4838234066882605,-1.298116376562924,1.634725622497089,0.45123729044397387,0.9822384335273819,1.5143898708047738,1.4048575067784737,2.399767414000372,0.9825341270081311,3.3886544584276055,6.107759895039325,4.814631572663078,1.483573150652239,0.7900494681960499,-1.0045440479723649,-2.116013266912377,-2.2248558076000307,-1.3959294114410956,-3.6372173566962966
0.30987492535587724,0.6780187469823099,0.22196586952737393,-0.7006382884863354,-1.2987297155704056,0.2123703410904152,0.11153716746529578,0.897422577870558,1.0957279619893714,0.04097128606403141,2.030188469431266,3.5030748687423174,5.456395322442048,6.761328996790745,3.9569542163772264,5.0627073406369485,0.7910402375489067,-1.0509452951563198,-0.008208106147343842,-0.25846331252031146,-2.138216318208239,-4.985749944975078
1.3453734392106576,1.29960809727831,0.2747765075254493,0.051989007483059416,-1.2785070464522985,0.7537850413403617,-0.2915224067272929,-0.10361792854481419,0.3683241297847891,0.29155500601168427,2.250083929986532,3.2766982435304994,1.788806820097659,3.4644698406914443,2.9661743966917746,3.2810119313255237,0.27842884700868725,-1.347804711348009,-3.7531497851038167,-3.7925491288191644,-3.843108763292462,-8.181282606910507
1.7009106304357213,0.7406444922421861,2.1404248812104902,0.7968264658027717,-1.0100146736099156,-0.19715743892741835,-0.6430577764622504,-1.033232352186739,0.26287178412742396,0.216491948434389,0.06753819420040566,2.1503830270886617,1.66267795423162,3.152291084599336,3.109834532278587,4.764440067234449,3.3781933898671985,0.7597741309647498,-1.989447465375061,0.3914897056796918,-6.569750545616331,-8.166093448922592
2.73457813754599,3.174652665357035,4.113798196516693,2.1628571790611413,2.063954063041195,0.44751962875210916,0.394178629231372,-1.153806529183884,0.6159005879012944,0.5637706604511543,0.23598215017920707,1.2981550153620665,2.653809441119552,4.0569200521256645,2.699228751606776,3.5908038707494656,4.123769695803723,2.5761120792995222,2.114908319222862,3.8239688271735695,-6.5327309557751585,-7.198990280103674
3.382993739324634,3.3892714708657796,5.093067392265247,4.599683453501608,3.1538460089084803,1.9280672576046871,1.486542475296349,0.24334571953615938,-0.8708427822961557,1.0683560931785048,-0.09156766187620757,0.6800548646305131,2.9168701385771465,4.336565621832112,5.66831682951368,3.9066917508428665,8.64279575534723,3.876634752647552,5.827675666230642,4.592725549437092,-5.303146612827787,-5.40197451199544
7.058226282540169,3.6708996111604324,5.494838652685197,4.441101361365854,2.5087671929967787,2.362792301518586,2.3487417171759577,3.740662966096748,0.01585374635709737,-0.11992620565388945,0.7759087678036684,0.9462135894668273,3.288656362820209,3.4638851859465962,7.3579261822353095,7.722980355326234,8.45178070132561,9.120730148793879,8.728919916166523,5.458459466388489,-4.481844288306264,-3.2891430220401294
7.830388462366105,7.367124544823818,5.270140267280612,3.1740464132422668,4.474375077449942,2.770791326749714,1.784785523792112,3.0948352829485968,3.9619100700458016,-0.3690902365382562,1.2855383190887033,3.0354598532139994,2.8907944948488935,4.198855494801352,5.820521001487458,8.091704808028508,9.186266380038509,9.988143425155837,9.07230092718905,8.467897483424013,2.8250715433452323,-0.6001373273450386
8.350406405977633,8.077027480042057,7.091623502135622,6.775372739114777,4.382089649506564,3.322580198295715,2.4452992854537103,3.090804292466899,4.266853996112691,4.817923223572023,0.579326792346459,1.826519730988128,3.1995512884032844,3.5009459366441398,5.283936820747152,5.793316633792211,9.545880159110231,10.318665355184924,10.468295659388483,11.061340375111742,9.116836670103575,-0.8747306926949152
8.916826580804743,9.53444120719253,6.890988632296827,6.5909764624360845,4.437122131897677,3.3226701710538844,2.1517079240341785,2.5674629424080333,3.455698282704646,4.082177429220914,4.536109408676501,2.8344902367556646,3.2856941084847566,2.427636952520256,3.6193377296304488,5.852757154548878,6.001593663803557,9.322067671125893,9.927457957610606,11.506812591964017,9.753926156214208,-0.3493755326430422
9.485768916759376,9.671154471416408,6.650203821861797,5.767106354852848,5.2909548523082925,4.51170854055568,2.5988912881707353,2.0554249851144917,2.738181297451577,3.8603942643372506,4.17486944816126,4.1017859725931025,2.714118837125352,3.3160463563187874,3.6404551673414547,5.023673086879455,7.437953218137963,7.607639571442028,5.756557635748769,7.004982722516854,8.35678496869156,-0.5165359074681344
10.120908725107281,8.746762703647887,6.6993246751491515,6.509234783782049,5.703675902395548,4.690667897971014,3.4153571726861607,2.692325589761327,3.3662043111264786,4.056087891369605,3.934798176282795,4.174653928837894,4.734364168739737,4.936894693006938,3.7068378424889152,4.2386315254444025,5.1585942857000475,6.333016059322036,4.491441170833399,5.202811566011365,0.23443560887103024,-0.8789824467207292
9.768864386976336,8.146941712323096,6.660695848509774,5.265294767780509,4.162330110926453,4.023067408147889,3.2898544876493867,4.39524472578803,4.549054610723348,3.932809121368889,3.3901860554138366,4.076233515815193,4.007080097990415,5.30687997154099,7.340430378196824,4.192187024496695,3.9703189751250716,4.051011415465885,5.011761637006573,5.574486683835265,-0.24660887855620395,-0.4142879804517287
6.849922287682564,5.9297853479582505,4.90411188381149,5.224796751176106,3.6218457137337974,3.807754249539507,5.310978207462999,4.3492897907296095,4.242366065238829,4.109823790659075,2.2541917176301287,3.2494070177068823,4.418055778023788,4.021022364104935,6.346972977006747,4.061946080771113,4.704265858623741,4.409115555844437,5.775724584027419,6.565433152894683,-0.32805795732585635,-0.9249772653278525
