script/wind10m.json
{"header": {"parameterCategory": 2, "parameterNumber": 3, "lo1": 3.000054539987559, "la1": 64.9999836372058, "dx": 0.5, "dy": 0.25, "nx": 34, "ny": 52, "refTime": "2024-12-30T18:00:00.000Z"}, "data":
[rows 0 to 24 of 52, columns 0 to 33 of 34]
-2.3977907728760925,-0.5688614569238897,-2.893239992140795,-5.669875102947872,-4.16574385678459,-3.737682970439514,-4.7676707903993,-3.75543289465205,-8.588688825672929,-4.942558563387956,-2.1739166524792566,-2.676362155718507,-2.6981889204127047,-4.266313024329911,-4.714755623181599,-6.38516313021147,-2.609415686924786,-2.015321743262609,0.3553568229681691,3.2166213597880704,-0.28774732443532564,0.5413397044097582,-1.6969969057578387,-1.7095029446272392,-1.843294857230865,-0.008394274095306157,-0.07147537438191409,-0.8926492264387434,0.06173486195488547,-0.5584084108573149,-0.3229567037220183,-0.8342452535586767,-0.3999571731697534,-0.14758013582114965
-3.4375950181734125,-3.217990803841961,-6.105644784705396,-2.605036375939787,-3.6627658676710007,-4.49115364849132,-5.097213658170825,-5.93767367307021,-7.308112601587221,0.21722098262025416,-1.0163485215745889,-1.0346865336148703,-3.9657024545512356,-6.479489561279313,-8.267046210711994,-8.361805575555838,-1.564373983818338,1.6544755770426298,0.131462918208656,-1.176333152530669,0.7057698382740755,-0.05536476940611318,0.27139085940730256,-2.8786721849553194,-1.4803193900915692,-1.2171444219309784,0.015768320072591997,0.40223888091635707,-0.36762927448836746,-0.22677279255212926,-0.3127861954112372,-0.6427252419373483,-0.8558240108385613,-0.6836187684702917
0.03773658500976319,-4.598108893525906,-6.127087948762119,-6.142587559391166,-5.428917846822915,-4.863181790510452,-6.32496339692118,-9.177521684159087,-4.071617833696511,-0.5631895955937568,-2.4169526005388113,-1.4629853701677897,-3.774797662112634,-6.79130378648739,-1.8855329529670115,-6.807708973829069,-1.071623937647091,0.4707380458235733,2.609422084403136,1.344310277751157,-0.6260106092539781,-0.5317596914624195,-0.004373350173435161,-2.0544456278524783,-1.0502346254915516,0.13619845390553806,0.35135658327437524,0.612036682971357,0.09325864491840996,-0.36960266502242384,-0.4604553839219458,-0.7168268238661257,-1.2848023587238848,-1.009505491640283
-5.4697716668518845,-6.155071813640953,-3.935478671204864,-5.736917236866666,-7.534858217002758,-7.2239042567564535,-7.24340269671904,-3.190821304447813,-2.4751159493164523,1.0009643971367113,-1.0776805234342846,-2.82340066079769,-5.740565001571793,-8.124451599525443,-2.0502685953454165,-0.25728478399446636,-0.8916602171424246,1.407060866036016,0.055194725283394086,1.3391968591294423,0.21931448012736343,-2.0590266426305477,-2.7222349567365756,-1.1642841695505957,-1.3074669913147916,-0.45277974983950814,0.0007452751817098771,0.44963180449354856,0.1371000942545096,0.13022602746650105,-0.5904551537998388,-0.5011846405629748,-0.6709236444309111,-1.1431103977280461
-6.054497767342335,-4.930713119382947,-7.65687915489502,-7.771603414323943,-8.207345023809332,-5.8842027298492665,-4.681044715785276,-0.2075612183868994,0.8154727194790103,-0.6342462327413586,-3.1991643686167333,-2.2675235072289404,-0.5915132648456444,-2.725211060080273,-5.215914557718168,0.5012052283817068,-0.35294343748112866,2.2181393665014997,0.861884426960934,-1.7935781719706314,-0.7149925091836319,-4.192115269052272,-0.6821630258748366,-1.003100431043565,-0.6006244022867524,0.6838784619531824,0.14850500142502848,0.01012627865331506,0.1958898617989317,-0.28599971627111886,-1.2300841662371296,-1.036117057315627,-0.4786848904104805,-1.1935273676068496
-8.749901391191774,-4.842914931556586,-3.78177279851578,-7.136544371575765,-2.736058193857945,-3.202291507215481,0.3103442084823299,-0.32396020917079693,-1.081951644252659,-2.5969307832281596,-1.9855459106244702,-2.319808001084226,-4.925129017110768,-2.0533384220741637,0.11700227676671536,0.9737093036072334,0.6883804419153277,2.417012398014076,-0.6586026357627474,-1.4235415240931228,-1.3032342412132631,-1.5679478251313987,-0.9963336108545658,-0.23778008280281243,-0.06819795758377,-0.02998605004078748,0.3502934114095965,-0.08729695548625617,0.25898616699863874,-0.0719594762669706,0.3217341764115569,-0.8187427359919999,-0.9928538874339974,-0.48820514888377786
-4.783689429728772,-2.371309886796878,-4.813328005698484,-4.354615378880811,-1.4047292611546331,-0.8158559537819399,-0.4769443483457246,-2.232893149062716,-3.696253341935815,-3.564586506257217,-1.6532955518929187,-1.3354730530205887,0.4596388595677776,-0.1140357771378764,0.1709036624065455,-0.5551332266631959,0.6739090854445393,-0.5646790392054113,-2.601686708042071,-1.9602872353382437,-1.55637771937293,-0.7179038989531885,-1.157036248285277,0.1359874973026505,0.3072454625252338,0.9004956131686287,1.218283952085835,-0.22803676560024266,0.6334653826561844,-0.415674194944261,-0.6218941599511053,-0.196251179549285,-0.8435722908777895,0.5326032847153945
-5.828836138491824,-6.056113726422198,-3.4045161007207767,-3.7377605575897275,-3.1033190573953395,-1.8373751472965145,-2.6677349089334497,-3.878790486301158,-3.646478345940793,-1.8235919904585451,-2.8451645887138173,-1.719605358747488,0.030162680357626218,-0.8858985536453798,1.5198501927885564,0.8560001422613772,0.5562503069752877,0.8877443205622289,-1.690086285792731,-1.0775093480229523,-1.1073126114556233,-0.6818491416896993,-0.46416094074678094,1.0827429390001624,1.1614194739673036,0.3798818938914764,0.16049538600614027,1.434117958862793,0.7732509403753302,0.09259723204689227,0.09215384893319278,-0.24285069716041835,0.5068760589765215,0.5691562636160851
-4.871667575487913,-4.0835141346219235,-3.179827331224587,-3.683372191030716,-3.911968840240383,-3.7652719791818443,-4.926312201305564,-4.344836959580273,-1.1748420647483186,-0.7905320300337645,-0.2379232959465804,0.26699505919761257,1.3442414982080242,-1.5704746621906458,-1.1688082715507588,-0.10343290139007666,-1.8899302986398583,-0.9957113937721787,-0.10213514717731013,-2.9027707785189225,-3.1922778550727884,-3.6882713227319424,-0.3469062101800477,-0.6688440664780448,0.2965187796036735,0.9107672709845975,0.9595671756810923,1.0068353041003142,1.033742880306574,0.09429243290426707,-0.3029177988938098,0.2423108989116472,0.15009151207919572,-1.8571839618929031
-7.328650923174137,-5.840231898356339,-5.458471645069438,-4.611742165469055,-6.123790870911626,-4.070973926282622,-2.4511333970480265,-1.7348848980705704,-2.106364385604512,0.9913398665394174,0.9540925866802136,0.36944273397650823,-1.8988478428652682,-3.5536982352099633,-2.449491685465484,-0.7121027634965698,-0.5218565249949816,-2.4100159709883733,-2.4478803667137874,-1.089764335929535,-0.8539536846649619,-0.4042130604215659,-1.2013940792116777,1.2762200371763,0.7215564532906519,-0.15435805388181464,0.7973618234106404,-0.8440321822416468,-0.7855120523434064,-0.6286036035521857,1.1309118460199372,0.963014635436526,-1.5804455346533375,-2.9949017724503073
-6.942500510444508,-6.304785051931354,-6.640924557202793,-7.158552559178858,-3.981208604873876,-5.013974903882435,-1.8549216058453593,-1.0856774401981817,0.7588062875868907,0.11418896553356339,-1.996579605312447,-5.180104046871655,-1.5235332599602995,-3.710097315180585,-0.04482545670559662,-0.4657149201006304,-0.33871533522725983,0.13463229996602538,-3.1676234071288865,-1.1784395721923735,0.1538495380539668,0.617467278638457,-0.21323173860308445,-0.51523086999578,1.030529216517294,0.5920229746401803,-0.12334753031655193,-0.8665937485129706,0.480901645919668,-0.31331495068428594,0.9038458006554703,-1.5380286772920246,-2.25329878940349,-3.674747562636391
-7.773911943890743,-7.137543342079226,-6.437390994161487,-4.489414895702449,-5.993082808226244,-2.4357973115263185,-0.02089970365857394,-0.9790212793438487,1.2357292893152485,-1.1004242290977027,-2.3435140394961946,-2.1049394573444475,-3.4841350410286314,-0.4675133373242979,-0.3532769420739833,0.34421967236223633,0.09393569096836851,-2.3004141490425685,1.1083189411758425,-0.19742145007360593,-0.1156354289100512,-1.6542053891951185,0.22301363888029346,0.029281037151844304,1.422264008445428,-1.1934096392035405,-0.5192299690098576,-0.4907853811822661,0.4670677091504669,0.33621379310746474,-0.6421546480620617,-2.157290422551186,-3.0675119654049046,-3.988793779551659
-6.246867732301925,-8.737163675760899,-6.778617680748276,-5.146519779553842,-2.6660303052713545,-0.9382733750338376,0.7728758353100724,-0.8530172743203719,-2.1234651994992166,-1.7218109796226506,-1.117287990928392,-3.251385034523361,-3.4249137788525053,0.5913111080994956,-0.13982532251842958,2.126865325069777,-3.2049633598922593,-0.4045227170012523,-0.24920426796214312,-1.7805716458207614,-0.5256686509003357,-1.4969989053220567,-0.7929208571850269,0.404807131850271,0.28863952243947405,-1.184936801340723,0.19432415650784693,-0.9171013915701617,0.2476761583950706,0.8260168175014261,-0.3994938816380811,-2.136611672970602,-3.0009175009760565,-3.13636804847777
-7.512378919962125,-7.524300973637985,-6.512880696623735,-5.2345758043694985,-1.4830871011841396,-1.8769910271226955,2.3164957894322526,0.2891681169925467,-2.3723124944098415,-2.046096836470535,1.8903147913671672,3.541466394377705,-0.4019899497474416,-1.1695911794987486,-1.0825450821880847,-0.6783010639611649,-1.460946521828031,-0.8961890021595017,-1.0297483519477175,0.4135778753590522,-1.5309139495344166,0.10838320838945711,-0.1947734392443494,0.2782831897694511,-0.9964653585332028,-0.13348315161821106,0.24893527283173594,1.2985103056925817,-0.04265569897099312,0.7891611711610885,-0.4069130111336826,-2.274383777647911,-2.962334685779302,-3.040688696420312
-7.571237773079378,-6.94873736406098,-4.203099735500381,0.36666597615766866,-1.9521571267940867,0.8942121623133561,1.27871652075055,0.29819604526254945,-1.1156703823003566,-0.5463480239587214,0.14208139583378676,-4.5175441326726995,-0.5067066966797763,2.6407736924179455,-0.5880996044818347,-0.5565274042608076,-0.18574282887093352,0.24998275546200194,0.9072929076039449,-1.1411191643610354,1.4315390556655425,-0.5320231261852774,-2.083643309632887,-0.43525422650135265,-0.5916345662055796,0.4165543941481871,-0.09719947835274205,1.481206129750929,0.4181017522653728,-0.11679740789155801,-0.7571184230510133,-1.4429555353794532,-2.632357667247704,-3.052604856205038
-8.873227708763864,-2.6911970597925494,-4.626874921151201,-3.416365433066647,-1.555406543497663,0.7304340820769257,-0.08194740639874247,-0.05283451690813605,0.9120313170121228,0.37236135506778084,0.49319461999318537,-0.6578253413670113,-1.3440391116278603,-0.8567906032038825,-0.37656102741099456,0.4366234002569777,0.08676900487798918,-1.4965296201920626,-1.188854773418964,-0.33294102806243625,-0.050176208675580564,0.9668079457416013,-0.3101073476103614,0.3942068847278851,1.0383340201416986,0.2423121922466268,1.3785558964579538,0.16322619097867802,-0.09875110656373333,-1.3734198318217354,-2.3191770188362266,-2.311902007593715,-2.650365703374703,-3.1930806638734577
-7.757783285326741,-7.580992805320459,-5.164550393557573,-4.537611745059594,-3.3003297499961235,0.026820336406590418,-2.259271803829706,-0.024030725424743996,0.9213367745654819,1.5270161091522871,-1.3076584766594086,-2.8847297528561913,1.4095662287467183,-1.0528998576020423,-0.5545442955982138,-0.38747172746369757,-0.6389310677983062,0.010248702833830668,-0.33594493117864266,0.9960038458176613,0.33653781463235366,0.4104910595819783,0.5128876417672097,0.9652444601439751,0.18859701180494493,0.2907591863185733,0.1364745336569684,0.24197924659532563,0.010542301854411034,-1.0733447031174834,-3.1140538537279556,-3.2783949695917847,-3.8499831153602204,-3.6777900201556246
-9.264571046410962,-5.992497327616719,-6.315727880301515,-6.6679329927186775,-3.2271735337277807,-1.1186346895554102,-1.952277411452508,1.9449405627234182,2.3766572279276827,0.8014776968762012,-1.9533185108801885,-2.395535868348321,1.817788470851165,1.196539182888223,0.7472096532908035,0.06138394711860656,-2.3355469263310233,1.2554605436399173,-0.45791001718044266,-0.32414921212134223,0.6116294879719346,-0.7467954432610424,0.38242631707467956,0.31114913649042136,-0.23567147812635905,-0.4495275179941199,0.09157946819129648,-0.7177955038473899,0.11700251607338735,-1.0182186170786671,-3.119288887569208,-4.994065950855174,-5.574552985472493,-5.765086688419069
-6.636945674169866,-7.797966693113404,-7.47042426704576,-6.916108321144852,-3.3110324617188427,-0.9841821937509765,-1.9317480541932863,0.3095288826309508,-1.8354813303551998,-2.359669146403684,0.6504056877830404,-0.42885976962984773,0.8149743124967669,-1.1066574399939746,-1.662340856242798,0.2669418032685664,-0.6442666116976588,-1.1177345513138173,1.050794649823992,0.558410963458329,-0.6665160010100742,-0.2422108172096955,0.23888387428934477,-0.3458144133937374,1.1552540246792784,-0.7147888591671862,-1.2398971997775188,-0.03857852580918301,-0.10748242343919846,0.21027815660756957,0.2670974490577398,-2.0780006163980635,-4.669084594203451,-5.132036082812696
-7.652766912529866,-7.201600447447661,-7.008773304286459,-4.673894472850534,-3.9356252074882123,-0.5972662836206738,0.4696277856689081,-1.826458430126354,-1.3917392390809724,-1.9688051505712207,-0.2096390301342642,-2.4831849982929306,-2.513121316559876,-6.955288806345857,-0.3900891705054976,-0.3405729497075653,-1.5463766762660112,-0.6487840660778303,0.4317346012926441,0.2579933264489041,-0.2323688459771684,-1.0184349478966679,-0.4959504930116085,0.11508043157511197,0.02269098143172325,-0.693537034029448,0.05743152202245447,0.506147969537788,0.6161462886162417,0.3674868856549753,0.3813615370328959,0.5319635265713726,0.26164771309858753,-0.8429989207170491
-8.29511420237304,-8.034793645578784,-9.050063048790516,-6.481895609409541,-5.580045598443352,-0.49076478808508384,-1.3807930189499107,-3.000251911013326,-2.1900524467200158,-1.7720611872521526,-2.69820849791094,-1.8070860330232583,-1.3306983005975923,-1.0234060104949734,1.018622300214983,-0.7112738078779516,-0.4269169773551907,-0.03688401284074495,-0.39023131612582457,0.16218060764066317,-0.16596562445973775,0.6770781877681825,-1.2368597846083584,-0.5994060810139119,0.33501455701361244,0.1381598105986135,0.6612735245728195,0.7860344767373741,0.8352694325342452,0.5940591462975003,0.7732475179387381,0.572563756024496,1.5952444848820746,0.31179324824519167
-7.44406181285674,-6.633963593119085,-6.618104943570018,-6.6287694745711505,-7.140939645408221,-3.06545124386156,-1.586380947940932,-1.9326979049081385,-3.9265073065111826,0.49496916549549824,-6.611646157981399,-4.869056943285674,0.2665881676377635,-1.1628063295396145,1.6092623955808034,-0.7002060961112285,-0.2218300891019699,0.5549561315170566,-0.028629358429651437,-0.609608485840207,-1.0942196313540915,-0.6160341051814464,-0.5883251611545489,-0.08476682764294355,-0.26810572646506087,0.2277929168419954,0.3865974044712201,0.4236648843918554,0.7127643100578701,0.5252463160205224,0.35639543644049543,0.747564461285708,0.9171292095740164,1.2764466911968486
-6.99991461618749,-6.607937597918315,-6.356519679788474,-6.375273652439827,-5.3607519911180965,-1.8753252593598477,-2.645740515552409,-1.607692571231194,-5.357381455425146,-3.7582567339776527,-1.1065117934376971,-2.4841892912369232,-1.8812076782991078,-0.546521569405419,-2.2482638769078727,-1.349124874031625,-0.33588505124214524,-0.5438115123329454,-0.21087562153431,-0.8978757427461629,-0.688359890435947,0.2119283603675424,-0.3747005532469524,-0.4630238956763511,0.22189354838051042,0.39977918044597255,0.5415572732800984,0.5087230704163122,0.5682365675489077,0.33208042090765755,0.32368809598024667,0.6368886536724613,0.7712045082022605,0.2893719335676102
-7.0563027568081145,-6.820198199045474,-6.509203706998258,-6.382264186206341,-6.249664459466647,-3.1643547096327573,-1.9872655121944494,-2.4598915488847886,-4.593513899756384,-1.4037689662343815,-0.295270135889705,-1.133548817760842,-0.4071184402168383,-0.7672408275820747,-1.3845088311557634,-1.5145334971084092,-0.8847858671951978,-0.7556954014124927,-0.673663676611607,-0.40774482285950264,-0.1532224509476202,-1.3368205815935865,-1.8298635402677006,-0.21920136669889204,0.2904826011193574,-0.3638797899477986,0.36145982668638105,0.6638281986743598,0.4273671697614208,0.7071183093346697,0.7004034761716621,0.06330488554645662,-0.343061506418636,-0.8411697128025222
-6.909457315023204,-6.733938088680154,-6.506926082564213,-6.420224274995326,-6.279245127269093,-5.6076980338388065,-0.5059344451614731,-4.679414163031186,-3.3612838320784504,-1.5280878885576945,-1.2988902158438336,-0.28907087435807977,0.2616077858870417,-0.9978849115123135,-1.1689260464224598,-2.229930280609123,-2.1462705285724923,0.21498257407314872,-0.26694902543593363,-0.34231771979564724,-2.386304851396782,-2.552041162915343,-1.6546071791090466,-0.5738754113390381,0.37901421396104235,0.4330619965657064,0.17657382380356368,0.14936577558633674,0.3387178899789087,0.34278657177955385,0.28944769749644805,-0.21499329184648328,-0.35512593129410985,-1.569530861719355
