script/wind10m.json
{"header": {"parameterCategory": 2, "parameterNumber": 3, "lo1": 3.000054539987559, "la1": 64.9999836372058, "dx": 0.5, "dy": 0.25, "nx": 34, "ny": 52, "refTime": "2026-04-19T19:00:00.000Z"}, "data":
[rows 24 to 47 of 52, columns 0 to 33 of 34]
-2.164663135356003,-1.689665526238533,1.504107215600942,1.8365235499190589,1.1257685759584528,-0.5238305712473819,0.4773293744696055,5.901598109827157,1.0730388549798764,-0.006166603649561144,-1.1627551846142696,-1.2701509481627031,-1.60352786221218,-1.7318975251554538,-1.4883202729300644,0.20540877387374676,0.36389873244795784,0.6953942722489963,0.4763960948048912,-0.6593745541387163,-0.3342797502965219,-1.6064596284115131,0.25755938089789787,0.24805846462881187,-0.534221799997988,-0.7442581390758158,-0.7136732901498157,-0.8724287131215028,-0.6135740129148032,-1.0873532316638157,-1.6614496199554716,-4.55133891829129,-5.114794092070738,-4.765296302462915
-3.3848499531456246,-1.4212800350365744,-0.7112928076489504,0.7133380107788149,1.3714836301110946,0.11048085915596072,-0.006441861502207383,0.32823065012679814,0.10461991273550886,-1.06512520438956,-1.1707684163502037,-1.3790394973202762,-1.6611319250805001,-4.769842466470162,1.193360624190078,1.8238671482562898,2.969067541868918,-0.003930471756340287,0.19337494541831304,-0.2702361560951878,-0.15435131214907624,1.642309150422174,0.7620307691756123,0.5841833010496116,-0.2377740487921386,-0.9357517920017294,-0.6488819855936183,-0.7833970023291938,-1.6337832714870366,-2.355748941906324,-4.570321839454386,-2.4347346315940808,-1.994912081624917,-2.3347217251902084
-4.992550123379205,-0.9843653272743205,0.1766146725023938,0.7146396217201666,0.5575914349028819,-0.19167884205762845,0.12678494680030702,-1.0643578375137221,0.4650161357048603,-0.36485648194539555,-0.48594575157666203,-1.28144562214682,-5.979012665946284,-1.8024912469083714,1.646511921909598,0.8646787532773867,1.3603708812186976,0.4148160982812901,-0.40333122508221614,-0.6949077580226604,-0.0958542304688643,0.07680369648617387,0.6055373489694185,1.161301877768771,0.9884435272705777,0.23775735147472674,-0.8443371472971439,-1.1717325158077043,-4.032839059610446,-3.2251160862861483,-2.185210638736043,-2.337772324074177,-2.36484315494275,-3.1750378708439566
-5.820387328486815,-0.8699241802637426,0.5317210107897211,-0.21407311105568885,-0.2647797400574298,0.8415495545341366,-1.6436105103052263,-0.8595001020131033,-0.7516743755314393,-0.5566935115601026,-0.36496691647215157,-2.4654103927462585,-1.3774519985063742,-2.3330350179151487,-1.9818908699368596,0.6646606717453484,1.455644336124716,0.9663099216760149,-0.5397306310794807,-0.9308739730632676,-1.3544234119206016,-0.2529013162529831,-0.8608494070676315,-1.6457683731183026,-0.4655042283689534,-0.5524762739231724,-0.6213077820595534,-1.1817206319840763,-3.3720292955987294,-3.557067702444831,-2.7850429006024378,-2.3666133602710677,-2.753849355333439,-2.329922166898657
-6.527163704152007,-1.5863817740491168,0.45686277172137796,-0.4462548386220585,-1.3698030129327161,0.0021805583014089403,-1.7933718472497133,-1.1040521285471832,0.7493251527677489,-0.3821133453488286,0.3546371308023202,-0.8818196923080686,-2.82513736500392,-1.9440642525916647,-3.124092005499277,1.321693289302877,1.1017677918491293,0.19923427060905363,-0.33146526861803116,-0.36315065054599033,-0.49262599559086523,-0.5267913554271468,-0.0482108537816027,0.23449014652038724,-0.20216385176701682,-0.4675266545944099,-0.9571161227944582,-1.3366896492151585,-4.954304905469597,-4.592936770164242,-4.273362390366216,-3.7196070702461963,-4.597249713715738,-4.683558289084614
-7.036946109801551,-1.7779732293689026,0.6699812212010519,-0.5115227924003586,-1.9251575878673195,-0.8933362023380659,-0.8314334957726479,-1.7414125298264118,-4.8163591546685565,-1.344616554453127,-1.1974585746016086,-1.3130964863312224,-2.265376040383856,-2.6897335017768484,-2.7941839896512435,-0.6321927965304235,-0.27337239138213604,-0.07208082719156025,-0.5728632058629418,-0.6395616271647889,-0.8932560182613404,-0.8885073204448324,-1.1039132744211906,-0.44713488637154,-0.852042289601735,-1.0685164440514197,-1.2995817151244844,-1.4107081041958154,-4.197043829272238,-5.13771272072798,-5.802957605183504,-1.7324303525739388,-5.194053672680629,-4.332159443177545
-6.366232887141271,-1.2334831664003651,0.6663898866087745,-1.0130619525626814,-0.639093263716583,-0.6979601884438222,-1.1675685835928389,-2.1141322505585594,-2.6727402297069576,-3.306234645058819,-0.5735844835553153,-1.0569620112046723,-2.2660542141677285,-4.200877502003626,-1.8152902927459411,-2.76720944072475,-0.00881956383359465,-0.10424964281408959,-0.2363777641910833,-0.9474903662940823,-0.8836311547075196,-0.4888113562356466,-0.740065472925922,-0.7212246856689007,-1.2572774979463521,-1.349207255808151,-1.4184573282426012,-1.6106629253862343,-4.29458088205463,-3.994852794536922,-4.2079750853808005,-1.96278154356699,-4.88007055748849,-3.8863064266647096
-5.7825894370184,-0.6383498725692714,-0.12617752343481525,0.16625419739774636,-0.1483084185966175,-1.0758815319387003,-1.1614531273122897,-1.413678550491648,-2.2139340355541335,-2.1276232469281493,-1.3627840606552848,-1.4514192479448147,-1.9213074179278689,-4.328184500888062,-1.3074762278415022,-2.365702191039908,-0.17793405148886254,0.3749931322475153,-0.6346024090214653,-0.9919514573953508,-1.2869843242071437,-1.2029769710767375,-0.7317645418364473,-0.789104119183067,-1.351009310365193,-1.4728880983129957,-1.524024353989868,-5.6187661764378225,-2.1357058191749685,-4.591707382177725,-2.7327512571096677,-3.063702361269676,-4.5640250441651595,-4.008233813356952
-3.2295737002737277,-1.7577055852181702,-0.42605466440838696,0.4494263138718396,-0.7996138117283892,-1.125796427152935,-2.1373919228614686,-2.0054015188367087,-2.6875281482399935,-1.6508150702758564,-2.365848954545089,-0.8528697429565957,-4.176421179451313,-3.252401050390724,-0.6828622238062795,-4.336649471668604,-1.2948932449291934,0.3034386896466385,-0.5457834759450639,-1.523048900978269,-1.0641294782583595,-1.0886742475180917,-0.5275325084402713,-0.8797673346677896,-1.1651372789877281,-1.5904744831455069,-1.9889147055731267,-4.464475331428288,-5.329112683552322,-4.405464395449096,-4.560092006797639,-6.053646275432795,-4.632984608652238,-4.365024611388076
-2.737041838868328,-2.99486454436088,-2.7698637140614975,-0.18319795830031693,-2.3302594693698997,-1.7339224909238353,-2.2738830313383662,-3.0662366074059206,-3.8597411765336296,-3.1273941312767883,-3.614401501403515,-3.225947767589623,-2.942481755448626,-2.2630586933833867,-1.6156973194105138,-4.245688971657789,-1.8465956170162605,-0.6300763281659582,-1.500728959515657,-2.1413505530643326,-1.4867766682662449,-1.1405571830657064,-0.9011733441319112,-1.0668591595281192,-1.4109553531538304,-1.5942333288118993,-1.9828446805937474,-3.416432907894487,-5.697469208754741,-5.658703216245836,-6.644573671152864,-5.636292263330097,-5.010902730731256,-4.566492092276152
-5.137095298512626,-4.199049166520131,-1.697571849795324,-1.5479868118353204,-2.751004564517457,-2.2284004699918047,-2.9405349862448285,-3.916746619994127,-4.658364057152726,-4.808987747103815,-5.167925164110077,-2.675232824047897,-2.1173260740668085,-0.985630450279972,-1.9976493147995669,-3.624244261942374,-2.3860032442942267,-1.0336579936718227,-2.2099897094680885,-3.027773322960788,-0.9440810509359387,-1.0847191171028157,-0.943506027709279,-1.0366191961383808,-1.2639487318063525,-1.4980910473599676,-2.341617468130199,-4.527957228125505,-6.169948121533204,-6.523967241206327,-5.996973957987072,-5.509950403826042,-4.8560188515159695,-4.538225205258388
-5.3184177994695006,-4.2862689513028895,-1.531957503859851,-2.4176562074170156,-3.2358760476438966,-3.045880174631309,-3.925304452048003,-4.7809173400834,-4.748724208556198,-4.550730755621275,-5.41376715008632,-2.9413766269351744,-3.183406267180867,-1.7224771556974878,-2.4933516022560953,-2.5696288738315682,-2.3252965124098153,-1.8970520858923983,-3.70805444056568,-2.235455145714132,-1.4272993732386532,-1.3694370737764119,-1.1825634253357682,-1.4606012180218746,-1.7794992002752998,-2.240336590404326,-3.879090327065916,-7.206714900685032,-6.323398064450186,-5.354927307958417,-5.583850698000757,-5.1550565235760315,-5.019483761922481,-4.839879412296242
-5.9033343084217655,-4.633395740682392,-1.5070564134908864,-3.437187898179276,-3.860239545504266,-3.965058065708012,-4.634861160890015,-5.004243446777895,-5.04039502131237,-4.978049616604237,-5.9497620299145,-3.261326827194338,-2.710468456827562,-2.3439443175359123,-1.4720896853931424,-3.2192595084711857,-5.504886946380398,-3.2884262515844993,-1.7941841147822213,-1.6963523291416371,-1.75349982613101,-1.6486083780879512,-1.677906220471931,-4.712915284226935,-6.0927406942139415,-6.508310344983705,-7.111578305305173,-6.185562428187017,-6.116091219826591,-5.429333368533591,-5.326152755565278,-5.312961232168362,-5.17688125975414,-4.714602324806254
-5.129788110534712,-2.475790526072365,-3.6313694945038786,-4.488075368904006,-4.559519890420593,-4.696238179460041,-5.112949898145522,-5.402966243056457,-5.337948839530013,-5.408838908527581,-7.305254270148378,-3.4700033147234,-3.2349789727737353,0.4709203840882846,-1.2601318258841185,-3.6173386022201277,-5.728891043141476,-2.0525044913103243,-2.2228198284937055,-1.787944704507124,-1.6583254595881425,-2.516567131824513,-2.810804313633908,-6.697698910400503,-7.238678869229081,-7.543035348678214,-6.105569013031694,-5.389932392068487,-4.986342482043202,-5.329273712837105,-5.5559655144755205,-5.043837235843017,-5.129421944651776,-3.898980822723014
-5.019606868035549,-3.7177465250576978,-4.715684123122841,-5.146880832704588,-5.606587708800149,-5.249535264812547,-5.755332312558326,-5.702274114449453,-6.048313523145932,-6.605300028822377,-7.911480774728778,-4.149753281167978,-3.423625794515938,-1.033164232136853,-1.7145945200129609,-3.914477809659844,-5.578237576864924,-2.536107951296567,-2.204810671701805,-5.248718372420263,-2.622134576360873,-3.002593654907758,-3.7506408593413294,-7.2521667190924735,-7.783032713271683,-6.641944154584478,-6.385460614468477,-5.436066238043223,-5.095227594831769,-4.896815123381903,-5.124310371678498,-5.361019273405231,-4.595100569435899,-3.2572946481173712
-3.8740172556835044,-4.373844826704496,-4.833472131491451,-5.452950057554828,-5.942986031570974,-6.052970997538167,-5.888515968964923,-6.127164376050555,-6.749627640481701,-7.121544768111068,-7.870427053991175,-6.187751758947836,-3.3683858107421303,-2.4346324080454056,-2.4342889648535713,-3.32118663049583,-6.072751594069184,-3.34910252420217,-3.288088891097143,-5.628542517911709,-5.5227908969171,-6.987842707812745,-6.251450567663785,-4.7601928268950955,-6.080545026641837,-6.547187823104732,-6.089078270090686,-5.971925824026764,-5.3408730792917485,-5.208935429321536,-5.538258535859037,-5.020046904609855,-4.19704295121582,-2.945536920581234
-4.189002308961269,-4.594803548550116,-5.1390464336815125,-5.8157593522613364,-5.859276911651981,-6.053256738851144,-6.570632197056086,-6.75199541373529,-7.181647608104182,-7.735382436858498,-8.082514496689484,-8.75720631233414,-4.188766713810357,-2.2521940360198767,-4.404054355116945,-3.425331464057622,-6.616853957115966,-5.521473045454002,-3.7368824590625342,-3.980414487043685,-7.185919779350849,-6.925088375256552,-6.228028610295948,-4.312787802985813,-4.304526117599303,-5.588489564517526,-6.261864919643639,-5.271307043487526,-4.811968091725291,-4.5643087916497445,-4.940245068256593,-4.170171232567684,-4.550035595334814,-4.549664432046925
-4.964271000356684,-5.271632977875893,-5.797488235862911,-5.90210872403906,-6.121902815151893,-6.143505791530959,-6.72721626699467,-7.05978090910285,-7.685829378272724,-8.181237861608937,-8.497511676149513,-7.701916974890414,-3.3705167037724286,-3.5593835117771144,-2.519590276720627,-4.784342790394712,-5.638970159339221,-4.77742511112139,-3.9333885389471637,-8.30756673984482,-9.043582271843917,-7.187199636214945,-5.883859068730341,-6.100394850738628,-5.2752389386992675,-4.888745565225814,-4.906145591615236,-5.136682716015636,-4.254129010227813,-2.535934153183033,-0.7186213120334987,-2.1626656583648347,-2.17950626408288,-3.818563797993029
-5.698703967909382,-5.832491033000411,-6.2706770786429376,-6.824404711123725,-6.2793877744442534,-5.985809505123728,-6.88849287829756,-7.41482209548473,-8.135576954364932,-8.46966347898828,-8.765972128795507,-8.75939768597167,-4.55981327275541,-3.3478875778817816,-1.703910011713084,-5.479483710554649,-5.790000076852079,-6.560916069993309,-6.841622035553023,-9.694464713585988,-8.194385955408421,-4.4115722673474185,-6.679176199420457,-4.6287245414215885,-5.102795594858202,-5.473522922432027,-4.753649807145131,-1.7873836515765908,-1.553867666697334,-2.0964152056952363,-1.3639004214269475,-1.3309925217776233,-4.2503682925245165,-4.422314375815148
-6.280820365652789,-5.940356847633916,-6.125909894183862,-6.113182841354252,-6.909922258582172,-7.325659063364652,-7.129515843804365,-7.858499041951828,-8.202384926595586,-8.226635747942243,-8.522830874744331,-9.408568088809803,-5.491725042519962,-2.664328504144944,-1.132169513413863,-1.4997142131919132,-3.005490343827308,-5.831245129165217,-8.912521497226091,-4.9122076535100465,-3.9943656453481453,-6.953262255593467,-6.788875059443558,-6.542317432519205,-5.82021619571839,-4.688175242999448,-2.0809137420448045,-1.2520996312028367,-0.7627932668292853,-0.6909650329931167,-1.8661629453176618,-1.3802176293883632,-2.127643999946944,-0.04180733471544831
-5.966066108891109,-5.835272612041451,-6.1041979622677,-6.3374649827683385,-6.851122566034713,-7.2506418015531695,-6.905750943604435,-7.494876257612582,-7.530214104856581,-8.5573869077622,-8.636218672231607,-9.220396407979552,-4.836711729462783,-3.5797754198735916,-0.7795435000315281,-1.5907898021031284,-4.357124888907797,-4.447560276578323,-5.955694124571782,-5.377726704181875,-4.924663656375897,-4.763330776092989,-4.283140934939487,-5.656202757210911,-1.3932974706200023,-0.5190813434558398,-1.339150404370514,-0.5120741457211645,-1.0881588134208084,-0.5512449879371459,-1.1507950699147442,-2.47977800369243,-1.6308996475261879,-0.7978315131864421
-6.164992460691646,-6.000901286782263,-6.30432471318277,-6.630964328529567,-6.441604511543241,-6.54716398943941,-6.917629716129649,-6.999119297001996,-7.173495062801244,-7.98955760807525,-8.21815420356328,-9.29694007062069,-5.094850719929372,-3.6303026977140846,-1.3155955809455726,-1.92839242929027,-2.910833589561352,-5.744505759344005,-5.631098795787088,-5.063481577206742,-6.27103424072215,-2.2193871713596405,-3.4154937128523537,-1.7606876606447672,-1.0798948402466912,-0.9030805974028496,-0.5879771009635663,-0.04520547870706129,-0.36301584550182847,-0.5421545130165434,-1.0968844957465462,-0.980837777204745,-1.1430691950592828,-1.1467749724068563
-5.841614820003805,-6.426370778549385,-6.881228785941187,-7.00979403024824,-7.124833517575797,-7.368257523360375,-6.975375951109498,-6.558075958061443,-7.154192606961394,-3.0416628841345723,-4.32188274575053,-6.443048086798492,-3.4090798879748276,-2.7969910665426236,-3.85549795832854,-1.3582776492349902,-2.7484410226184712,-3.390823438537155,-5.448554052027613,-3.974192647356728,-6.714166931625976,-3.203073137490288,-1.7102045630154998,-0.6223641174461622,1.6958659287413347,0.06547816677288629,-0.7018905841115448,-0.5134935006884882,-0.6407553908902499,-1.2329222653367409,-0.6166078401880913,-0.7031943312822166,-0.39330314279802353,0.2986504960119407
-6.325924670319101,-6.7800648698408885,-7.174867232592072,-6.8936956227710136,-5.977601757790507,-7.449915761025844,-3.9918322855129786,-3.758485706471538,-4.230742818220065,-3.7980363738911693,-3.392407871392896,-5.134345526337543,-3.7235348928748686,-4.257304538861811,-2.4488338963705316,-1.33951049494312,-1.5258265990964237,-1.611314316721127,-5.123570001456646,-2.7527646911562047,-3.604443302314213,-3.7003907944819723,-3.6975997627045363,-1.688030092384157,-1.368840858076642,-0.1369775857367502,-0.3143354492105883,-1.040120546245571,-1.0935905517086166,-0.8762055530995133,-0.7332335869229739,-0.6887134334290745,-0.9690567611616492,-0.25490121147216777
