script/wind10m.json
{"header": {"parameterCategory": 2, "parameterNumber": 3, "lo1": 6.000027932988019, "la1": 58.9999434238085, "dx": 0.5, "dy": 0.25, "nx": 22, "ny": 24, "refTime": "2024-08-21T09:00:00.000Z"}, "data":
[rows 0 to 23 of 24, columns 0 to 21 of 22]
-1.0678175162695287,-0.3498390028493958,-1.5871782425587535,-1.026487223585237,-0.8362763806587858,-1.1358803614992925,0.34332524418800636,1.0162299996218342,2.8505357107213904,1.9109323309852486,1.796086241720287,1.193306093101374,1.3529244937361833,1.658928523934249,6.212226812277762,7.550247755716994,3.4344244311836145,2.8070440276467012,2.5044675567409858,2.250812491546097,2.44966830586555,2.5026012688740686
1.1796745404346856,0.4400787427563439,-0.1371326319652025,0.1569772322365572,-0.05145560500632431,0.43697962582667776,-0.01667996439284625,3.7726707818300653,4.340118951920899,3.2300386822748965,1.448750281391608,0.8539885634583589,2.282983240679274,2.100841074894587,8.346719947204878,5.094896716600001,2.91061442107673,2.4250091556100544,1.9332939909125,2.577056610633226,2.2588279463027052,2.121445399069513
1.0292750274745308,0.05158122925630833,0.42629971130948574,0.35821351163058224,0.14489153590085685,-0.03693095344422822,1.3249979554373283,2.5830258065754026,3.385973588273959,2.4467669302472403,2.028839557131267,0.5601328594632465,1.741306699745829,3.6378038516906117,3.2764795107721936,3.8072841473245767,3.2433526633719922,5.148276415643935,3.7337294412925877,2.830791813062403,3.4960234203348777,3.59043165252864
1.0809245484356458,1.0067747523375095,0.49827191289311085,0.5679482095507039,0.22640834452782707,1.9649422669606327,1.7496783210973532,1.485377910255915,1.6415584351544366,2.0514401356052137,-0.5113128676305458,0.7857497941772549,1.3521416089039582,1.080798011748678,3.6790669383544774,3.8151895392723425,2.5226702742448706,5.622784730739369,1.7570255298473383,2.5036559465709796,2.271506709395755,2.1726179646092167
1.0796091664206648,0.9787325202593113,0.7885532713906506,0.6456585289800777,1.2874650406202108,0.3976933578635867,0.6127274540730344,0.2977835813717542,-0.2064302074321668,-0.5157364495199963,1.4255219567597974,-0.3336942939104328,0.9005508020444549,1.3627879992542427,2.925713692676674,4.037275027714571,2.552959495878047,1.9084515439037404,1.5776604436478752,1.4108513962793257,1.7551388170308564,2.511394000118939
0.3902003031094208,2.5239815922009017,1.342914742292076,2.0562916631465704,1.2773142732131042,1.509222186940246,1.1728999048060837,0.5139781778917831,-1.0235684578431343,-1.976700231900873,-2.7586752957414498,-2.2742732567039874,0.03206449675557761,1.691542966132348,1.6442316829010608,2.64516023608538,2.1676306507553047,1.6876129696281037,1.5267367828814804,1.2212241189233357,1.6233526194093189,1.596207520129206
2.204678821108816,2.4679235050603543,1.4376145727861505,2.5036810217939376,1.7682702168269475,1.9816133913897,1.8011617347647904,1.1548075764987693,-0.06970125363284144,-0.13555510555685016,-2.134564937997334,-3.1714818636405324,-0.5025274895344303,1.521756946916231,0.7816447675894727,2.390811320327939,1.8502336087097329,1.837564995006799,1.4705329596098033,1.5969591583802425,1.101443677401199,1.2394544807183412
3.4732616308512263,2.4961967139349954,1.9905714136601758,2.1339003539647754,1.3942264351288383,2.152686686733059,0.5810763713372732,0.10928898131347277,-0.16826401127424764,-0.007358730076052608,-1.1291237774848077,-4.372961684035999,4.542461848937647,1.1091969970721522,1.6381571985203245,2.8615965262501866,0.7307293349083973,1.163317463176153,1.5514888104486437,1.5535850767512998,0.9213998207476495,2.8854782372029235
4.616349160441618,3.045080245141981,2.634044286922648,3.059734435769179,3.412942347448808,0.7327653466125424,0.9923030430397266,0.18349271882448612,-0.1480276054772327,-0.2716658964764945,-1.8733807401404752,-4.1831270052715155,-1.7160640993672647,1.3022142367785063,0.7897761374799656,0.9230080859672767,1.797202901177456,0.9006713981185558,1.3214143009123576,1.7338545522509523,2.4114663219850123,3.5015028218124553
1.7562574100789081,6.186465042527903,4.309026675706598,2.7226637947243097,-0.7378652967075942,1.5473031164985882,1.3066332130076541,0.6037818860382786,-0.18509172059403242,-0.6183716697408691,-2.0361846477583785,-2.8236103408242346,-3.728224613786193,3.6724514462180085,0.6653340129762748,1.1171359447609204,2.039169726629269,0.5826747568645622,1.7896791939337748,1.1423349107667664,2.170365469233206,3.9894185207957977
2.006599849774797,3.862801823999409,2.9389412534808046,1.481624739550425,1.966867968048758,2.027523261369634,1.3483123799256964,0.8239532531658346,0.5033631116508763,-0.18769192239498417,-1.2950177329286685,-2.993512321031742,-2.618062060972412,-0.6184625336176336,1.1612752107989663,-0.046028344262111796,1.6240536381782265,1.5513208606321005,2.794679518582285,1.8637656866851287,2.3802774814056495,4.4749334203519915
4.322891225266678,2.1038525136695183,2.5117688084640344,2.5067190748475694,4.511872654722793,0.24383845359388664,1.635190213693711,0.9649219432618282,0.2425308654850269,-0.07754574873040047,-1.0380579007023976,-1.5468157883518818,-1.9653635573917785,-0.9275639310441888,-0.690552773464196,0.014026034989143557,1.6375463875989134,1.8844641517967702,2.8778080405263746,2.2708583440102252,3.04487746196594,6.1831353842681045
3.9096638719760874,2.0084371827546486,2.157324139540681,4.335608157597187,2.9256246418280334,1.7682698562027424,1.3566838632027494,0.8654769099701562,0.38412342488082823,-0.006237655058659758,-0.30736810372613294,-2.502822939339792,-1.4886189974781991,-1.6519809772914973,0.6371825364285324,-0.537817413803981,1.2592099822318659,5.750500829146988,4.749415027407875,5.853020051823136,6.967657258677752,6.896436278198394
3.695458084580824,4.8702351691598595,3.1248276784558984,3.5284203305160173,-0.271228987765381,1.4243721214000984,1.27563256019445,0.8863194852925995,0.14965752274441685,0.08732592245758984,-0.6350082644290146,-1.0891131877103275,-1.375842838194504,-0.7994291743314751,1.1150597972970615,-0.2882243609597579,0.5888479056815084,3.303688580805439,5.6250194975104595,7.085010488913121,6.813679937272772,6.412081602129195
1.5187319840695601,4.398830455839199,4.382581574210071,3.615650178297108,3.2371720793759557,1.4537744751581547,1.0263602356392731,1.1493823631364704,0.8756562387954017,-0.0055700442083665164,-0.9499054842222495,-0.7738313869550898,-1.2718036146404916,-2.587820018406553,0.16398700681300313,-0.8277774433799104,-0.37781488746918535,3.4556160087971386,6.412617963391375,6.705136803790867,6.699866921681865,6.311729743132178
1.527554168266842,0.42937662101887014,1.9261485353473953,1.5674104805508704,1.9097344119082449,3.676094624823481,1.107779387374791,1.4082019194097404,0.7638617452130095,0.43363230428184113,-1.3186685067434494,-1.407867288366433,-0.9638030902359805,-2.801015022415983,-2.550361605362703,-0.4948172059540402,-1.0430612147785518,-2.0582595988011976,3.085457245472223,7.794369188795442,5.182719970091834,5.049780095311329
1.3299976493905177,1.504461551936781,2.2638339909961758,2.207382959187061,-0.8997033080750774,1.1118141386594995,1.161179927869608,1.184219344753851,0.9615938877628324,0.3545496621555073,-0.5685541881390054,-1.8926054008255049,-2.0703288716182517,-1.771102285223075,-3.1423220408389683,1.1412295973087743,-0.5104723693253277,-0.5804749583698104,-0.9127656360050451,6.530206499285716,4.009327728760323,5.8160339305218836
2.550099975972769,2.6480134981748935,2.37065105230874,1.6617563042642214,1.4459308628101324,1.847058016020831,0.8801230130762863,1.0618285138382277,0.8325500636383376,0.44288282652222605,-1.4393895937263301,-0.790420268262278,-1.5000228596306964,-5.978067487603925,-3.1429359305619573,-0.022027224814242977,-0.7934487105818979,-1.0360302577112601,-2.015639365827241,6.028871354064575,4.3978996567888675,4.885824886238957
1.759598873569721,2.1473403960891986,1.9245383724759781,0.9146611182506328,1.62891736606243,1.2120634417158624,1.0833582003901185,0.9251996989154352,1.8980323452887868,0.4484078866025878,-0.5505553587646603,-2.8716981917620874,-5.35778394624597,-4.839535346497516,-5.9558952292925795,2.0976506962820007,0.585020400257556,-0.06885124513234679,-2.2608474260303537,-0.044509846407241684,3.8911823865333774,1.485556910382714
1.821146016897507,1.1878688395221981,0.8384758745211575,2.305386509685483,1.2788847828842078,2.0014771926069828,0.597853641782084,1.1438843248158697,0.6798385305887433,0.5186260329761453,-0.32866782844057185,-2.4181218358728986,-3.755090942177182,-3.435364828237448,-1.5745545871725941,2.090605018988153,2.037438225988378,-0.7669832821046877,-2.4637202613708844,-1.1134020269250766,3.508530365432047,2.8267080312597206
0.7999156623492837,0.6265150863654162,0.43678694766792076,-0.677692339335004,-0.5560806847790912,0.8361914701248432,2.070749099704885,2.2285601392019903,1.543269938678214,0.06727285425738323,-0.8293937828360023,-1.2318997648741925,-2.058521590007137,-4.506611995562284,-0.212493481583099,0.8658006529380767,0.40723509653442536,0.1243332733856829,-0.8475729937987198,-0.046091771850181436,2.8936518991396456,1.3448211294616428
0.4857076061679895,0.7831410407026085,0.6500265897560927,3.2897890930897407,7.03789433131737,4.958010465447444,2.7343705397083906,2.0328459855835734,1.7948262014156677,1.2360049671940503,-0.1025677389267891,-1.0107545219326877,-1.528494522304205,-1.351830754621202,-0.009711990364837034,0.01960175126778862,0.12313824923056182,-1.0185122042091477,-0.4114278893667425,0.4232159158793303,1.409323637918854,2.118142907757723
1.0574287052298459,1.5230644010370975,3.2344366691951434,2.5745664846171623,0.4910251326390007,3.06602574229155,1.7036352727461552,0.958925157933873,1.49777094867547,0.5399235782601203,0.07674436899909014,-0.8535842205567931,-1.7131414900763375,-0.8887268876445725,-0.4127557696493593,-0.15789956152688037,-0.4045620707047346,0.09070111507716429,-0.3990094462211234,0.14442934641019337,0.4581661493248092,1.490005276116844
1.0703305770276976,1.5239190359564263,2.434274411745146,2.923458371460174,1.990245739102828,2.758400760474393,1.9452018757792806,1.5593215564673855,1.1437041643231882,0.5857480139216106,-0.016354380424301086,-0.36714693980220897,-1.18825837785622,-1.2039542919673796,-0.7761806106248875,0.1460704627398776,-0.20390760742236394,0.30233557701175473,-0.3800734696541726,-0.2693829399694657,0.8138981640684404,3.355823882033592
