script/wind10m.json
{"header": {"parameterCategory": 2, "parameterNumber": 2, "lo1": 3.000054539987559, "la1": 64.9999836372058, "dx": 0.5, "dy": 0.25, "nx": 34, "ny": 52, "refTime": "2025-08-14T11:00:00.000Z"}, "data":
[rows 0 to 23 of 52, columns 0 to 33 of 34]
3.3375210107485715,3.0658145965441337,2.5877245317970643,2.672312323883966,3.2783485477038816,1.730368009975199,1.7770961353447834,1.9882756952517813,2.388799223501806,2.7921012871720765,3.1600866994763863,4.148030351204303,4.315552235709798,3.773174618138311,3.032634775776118,3.1014817663291336,1.7250929704111122,1.2825335346159605,0.8517020851025731,1.1010318200956202,1.72497793483098,1.4406113255065052,1.5018890493071364,3.4560231114704365,3.744367119578068,1.8648620627010715,0.6195981323040299,1.717056266252638,1.812902527733984,1.1618626366865155,0.3882253579509266,0.2028314841530385,0.6022877074370883,0.6810801827061613
2.7336922250606426,1.3211547219749735,2.115563947680746,2.362910171483757,3.686574778898596,2.2843454021992144,2.867958390912876,2.854293401433024,2.921511180985705,3.5421784639053095,4.186315650707853,3.09588075728197,3.138389843715479,1.037331252569261,2.1998101625375486,-0.11920820140796858,-2.315503184210948,-0.19994130927819587,0.2033219789003728,1.9107249739921084,0.17844784095029687,1.116563626022937,-0.12273289472053363,3.396259153516731,1.6576318388756974,-0.4997621277846221,0.5290377342902188,0.9298746641517466,1.3363273926657866,1.2237019279460837,0.35386885614267866,0.0019782587170088283,-0.33709475590496357,0.8392683771866588
1.0380898888275902,1.760730947558819,1.573370154772609,2.5159623822438046,2.386388564156649,2.632113970648782,2.5850109175942224,3.254591927729423,4.375176623688897,4.488516932010949,3.012900087005742,1.399311555440857,-0.0771866686796665,0.9998869345364881,1.0000353428264046,1.0715621662748616,1.9227955844810374,0.09869794422975714,0.3458905226242755,-1.2556498896544146,1.421580404440508,0.27105458891447737,0.5273109945899224,1.7253539860657474,1.0214796779941187,1.0643837734462744,1.0579476059945432,0.88739946741973,0.3695050033089647,0.8604202786586016,0.4415286275344365,0.4404432217922274,0.3563141792899949,0.8140960615034586
1.0959465355646156,0.879712776520107,1.3077115095176655,1.1563792202638137,1.8823067783387177,2.0572003629431754,2.7840239549821373,3.883909111252313,3.7415657733816157,2.650657229751273,1.6315720887068437,1.4825028813719385,0.45083516514035726,0.17726053508545975,0.9402193945682236,2.2507237661381247,0.15387129656860815,-0.33568012464600766,-0.3128810838496505,-0.13401812350214626,-0.07971084238374589,-0.22052330457366245,0.13091164009119968,0.7438197874216063,0.26322369455553385,1.5519538295329196,1.5031497215796918,0.2707174527655512,0.8295722921564413,0.4645102719630981,0.6765680965823608,0.6219108527826203,0.6085233158355164,0.4104463110197993
-0.2726446956709686,0.1984156539015613,0.09330231944609466,1.3632207201287412,1.5938906315876256,1.3575361987012984,2.3615838933440045,2.967812651696447,0.7837238790764464,1.4016133389522245,0.8492378480853001,-0.7348563137140788,-0.7777083763316966,-0.7295222197877447,-0.3210079250954284,1.7515873578100132,0.4859318805081031,-0.8926917781379282,-0.451224298972917,2.5926234768553007,0.22048610703957944,3.7946539517953948,-0.5626721867427539,1.1521386025057359,0.3998778398440421,0.4075591283516106,0.7890475935336588,0.830455690313636,1.1741995724745486,1.137761115494671,0.913158207444091,1.305885629010003,0.7537548587309795,0.09990475690158192
-1.2914848261319591,-0.36499527269759335,0.4418748727550967,1.6865079355173698,1.349456137788294,0.4310742265680803,0.9981679170655504,0.982970445041141,1.1171252832046301,0.7514045762322085,-0.42097658688159195,1.2489193789036293,-3.792579196202121,-3.9858798204269794,-0.31573930344725004,-0.03060435484777845,-0.16373102541580664,-1.3635779651308233,-0.20859907965823882,-0.25035440816121635,-0.6646627709350263,1.704623720305351,1.3308794600860354,-0.701507958080514,0.3441450038802736,-0.8107339359741303,0.7177543011255756,0.6968341292338385,0.8422837722630999,1.3982906092568987,0.9412868739163303,0.6095656283992534,0.566547566292439,-0.1937377146143964
0.8175478904614147,1.1502563346089403,1.5692977578722802,0.9504630621599642,0.06634094247363433,0.07288312237443488,0.29546693804343094,0.0011065038133965567,-1.8777688641999257,-0.8697607850293215,0.26357832716276186,1.1764733148844075,-2.46938357240463,-0.6542500268165756,-1.523934947635307,-1.1924682378504088,-0.29470182941404044,-0.5318302324892904,0.5928080602902382,0.9671422347912818,-0.16589493772143868,-1.2164553414396568,0.4812166646016426,0.4542401285216834,0.5552577458067612,0.18917818572706452,0.5338415222559513,0.007327586975392531,0.8481386879580628,1.421764076392028,0.6472321701991042,0.3577514491365149,0.2333020370171399,-2.0732144060860156
-0.08980246129700434,1.1081381483906119,-0.7314690685077537,-0.015446136561208785,-0.34921174860742854,-0.8189461999000008,-0.9417669340091063,-1.4854483550263926,-2.564813685557228,-2.6282528770731197,-0.9971301516204774,-1.9002014878181719,-0.29164473715926303,-0.5177947692924356,-0.24740194207805333,-1.125188726925856,0.502461516094415,0.36399549038898965,1.094823584072819,-1.0642689361297348,0.6425907260720178,-1.480224691585935,-1.3919450700812013,0.15822174656725593,0.07821184824635591,0.8738444590819,0.892472302053438,1.2865333157429752,0.9666819995828018,0.6752993603437988,0.9333964517630965,-0.7701889290345779,0.35933194674805136,0.08669407461611295
1.59319808293386,0.9012827166370118,0.4923211180541783,-1.7676726075355955,-1.3878819790251034,-0.43676173724026435,-2.564927171144723,-2.3657351401954916,-1.6079920991292662,1.055844724537784,-1.3379791515892867,0.40899375426011514,-1.2129383363448107,-0.7656449592821162,-1.361745388636403,0.14630043819135038,1.4293215024789454,1.2697986429942474,0.23725537461150079,1.8652746006315288,3.0608168579067216,2.067128359574229,1.1276430526537555,-0.02037181630612829,1.3019162372063664,1.4619626269769415,1.3555120187240504,0.7582887455635823,0.8997359240534248,0.8579951263198347,0.04274865923405155,-0.7077028116687042,0.7799590314000805,0.07957058967453393
0.7814849356996226,-0.9683203233918235,-0.33201094956587085,-1.7809246413533733,-0.7288733969030543,-2.287618791946966,-2.286884960191242,-1.8084794862472018,-0.4306109123542269,0.004037737034014299,0.703039794875722,0.15831435289113768,2.8029937545846124,1.4519115930887507,0.8874352124130254,1.2702901159164184,1.2658457376786343,1.204028480598876,1.2475648146070024,0.7817788694865098,2.095259143731485,1.0226318779357875,1.078306413410727,1.1072193675101916,0.8588433417988963,1.437612713597193,1.5152368342572193,1.438379559066433,1.4276744396999794,0.46005164038366575,0.04276178507764653,-0.052895624753253864,0.48928119308377543,0.4216452427644106
-0.1413205827602235,-0.3305144305630222,0.34529075241393103,0.6986644588690347,-1.0600263199429707,-1.646921465166259,-1.1818577471465819,-1.4309700088583084,2.2232547147231716,-1.1865375976283132,2.467899412000331,-0.6412964222515337,2.1967642629541193,4.107722908092845,1.8991939138167369,-0.9635032076968478,0.31248348854667507,0.6191193205381303,0.8691230151974368,1.8418085748365498,1.8815713951430966,1.4817430888633676,2.4094189534477373,0.7994772429097772,1.7991374940896754,0.9096814910019907,2.0244274907208446,1.9535267646441228,0.9633037050044686,-1.6624059746211814,0.3082161832614061,0.5147594663423906,0.33617160657958206,0.8837072132632366
-0.38649774851420676,0.28015195231460016,0.4169070242163788,0.7814993654578216,1.3802818363603713,0.9600074540369725,-1.5745381282383368,-1.9531332626322069,-1.0384938951849565,2.425279666682544,1.5071975926702366,2.079371774978592,1.7090515425791837,2.451559828643148,1.511147535136483,-0.5339269971381015,0.8380181153427201,2.9736869454317802,3.086147843596928,2.036315071697735,2.3040694709871845,1.4725379770879579,0.5192907470943274,1.58982742352537,1.2401367900250264,1.3275702233283198,1.332427275537146,1.6028705690780831,1.4695587101918985,-1.0386204440824462,0.03849306516106771,0.6084373024350198,1.0500615129149506,1.1758654573841185
-0.0953175328466687,-1.294183012968531,-1.3468478277417977,0.6047261145262611,0.839263162337442,0.1242924224538297,-0.31740068980305486,-0.11600515044652371,0.15504509316264112,2.971810737787473,3.645926881354205,1.635836020793059,0.5770182974046721,3.0438551748454734,-0.4154452103791293,1.8247386696991552,-0.07684023381480055,1.070328881074242,1.7159262232110069,1.0183457152098674,0.9051683455087514,1.367820726612758,1.9552736101757182,1.616039627753045,0.9947808893659124,1.0509643099370096,0.9333423952307593,1.9114474236861392,1.9594982132798464,-2.078388376584117,0.9862698452266031,2.0156123118396616,1.682919134954053,1.4394196879156527
-0.87634794706917,-2.3758643430113175,-0.011429240311471661,-2.0644266431824354,1.5932306492214001,0.1437379103996909,5.387146468635077,-0.05946488346036275,-3.127996774870991,3.5034194727355454,3.8489684585929433,3.905655413421213,-1.4102092885448416,-1.7806407210763058,1.248580967052565,0.3349637970361845,0.07625444229060512,1.6500226150667834,2.101610061978263,1.1986603843225538,0.655362179661006,2.167977951187751,2.074691713392373,1.6503914679168692,1.3424801494690015,1.2055497688114254,1.3431079523899865,1.2753702692723803,1.6113854648913957,-1.6252171192466025,0.15196436495935825,1.528247202876984,1.4814835363564915,1.1654101497162026
-2.311249222107428,-1.7408366622634972,-1.7392585243196983,-2.541577016549688,0.01268035065255823,-0.1956259240025088,0.3516697767715962,-0.36348083137052634,0.42278144432528225,1.3760765391251175,0.12724149988550473,2.4704669622447417,1.4142093757929048,1.3631797654514526,1.3406216268643987,1.72749786637725,-1.57904021278472,0.3266712107823758,0.9076220744872164,0.5064705823809076,0.7614717315369367,0.8620325989098161,1.4292490868502439,1.8714459428440613,1.165122276319036,1.640089011593082,1.4253675399558878,1.6090256206795206,1.39383787743934,-0.8453961080103364,0.4038590587541859,1.1304214843717606,1.8490656381212158,2.0676705046573542
-1.7939767695725464,-1.671570019279299,-2.28199845666256,-2.3931619139375804,-0.6023226255225481,-1.1211799123065982,-1.864288136591897,-0.8763682339334905,-0.1741113654668633,-0.03827954914503624,1.1684555510404213,0.5605055443058639,-0.013699911083927548,1.1347225028257992,-2.0513747124179,1.873940134948817,0.9126751506689122,0.1283570453328473,0.37946093667869557,0.3198854301334442,1.814364443279164,1.4254833577321155,0.27924536440171943,1.0368402031859718,1.2218243624475398,1.5462097217842221,2.008552143156981,1.5092598521942249,1.00620271636715,-0.5280065851282881,0.3585341251053371,1.001645094422504,1.0232456634731244,2.0852467367607495
-1.7137017981449105,-2.271320912570538,-0.5455166243136055,-2.3816546490556316,-0.7227530211204122,0.6156961791409886,-0.5997175663954495,0.4686808876597232,-0.12318590233161007,0.8367971421098577,0.4219333672355121,1.5542516265239095,0.4097995139441695,-1.2260978204946085,-1.0357365463227899,-3.256018471785235,0.5369881336875176,0.3408926869446793,0.8038416570445923,1.1072464838467015,1.1134553844244028,1.579132042487588,1.2541800477113791,1.2581968494277265,0.9215700033245083,2.0050738869234284,1.4210068309211548,1.3929553353276083,1.1973954647327778,-1.1404612820842623,-0.6580599312304263,0.24281339828272475,0.11182840774651216,1.6983897525556315
-1.8432175601195666,-1.178131179511493,-1.284967870721268,-2.399165546129564,-1.3102748528360444,-1.5915234400312965,-1.113539025487289,0.6154550913696369,0.39189900278108036,0.21951408087125396,-0.4166285151577713,0.23877510801984916,-0.0829856473930868,0.28357710162638555,0.07539878330941042,0.42405938757160505,-2.1339912943756687,0.5060813949043497,0.2566711250764898,1.1344437140952042,0.8248957019570378,0.9756438721008313,1.235953432205797,1.5783067286160395,0.9841468686157547,1.325486810363348,1.4052745663497148,1.2331064112980423,1.5644616661216921,-1.9403063017523419,-2.043674113256363,-1.1999441091585519,-0.5225115862380807,1.0990509531626267
-0.6195316372408525,-1.9709289533372272,-1.5978068223018904,-3.496341896073352,-1.5291039248473994,-1.3159324205200151,-1.0712898480307727,-1.8923256108579867,-0.057175411044130556,1.2364193590334802,0.9368309837102737,0.6929109679804956,0.03823214558056126,0.04272258371669148,-0.824045688423217,1.1227163307857078,-0.8783803875532538,0.6393849685008586,-0.013567089058174962,0.3810836145226385,0.13308848122463363,1.5265694676458712,1.6207876711181122,1.6728712467119526,1.2942251663821158,0.7773198491021895,1.2965638733327594,1.8645326207272614,1.4360785714369642,1.6790064684764232,1.8757306887474756,-2.86406452860214,-2.044210250110978,1.1344692094714321
-2.712855257438496,-1.9672538836645181,-2.3815869564238215,-3.5754358396617314,-2.198191156989766,-1.9043716482351398,1.1372575939156782,-1.6966068976474444,-1.1956927227682235,-0.4326074536401689,0.042074745606835155,0.9431826442339688,0.017701687851878797,1.226675551807889,-0.40286148406112043,-0.030521853987489193,0.6185598228499941,0.5554319518046171,-0.1869770806316434,0.5615056874304676,-0.2691492003546653,0.386668105585557,1.3968455105795072,1.4570098061506882,0.9481291321635581,0.8596278563366374,1.3842954934916942,1.3345770727012511,1.3570170867943732,1.3478755606614803,1.4220423240958509,1.438046682459208,-2.9961131442637368,0.3837115980541251
-2.9743110997310898,-2.866163175807489,-1.7092894532140854,-3.17453570276242,-2.612354158602054,-2.300400325694675,0.671609396404543,-2.187607179864642,-1.6869325815988265,-0.8211576817378187,0.23694342339924646,0.3597109301966395,0.17814455933856224,0.4553291956721467,-0.03605972691423371,-0.1716565690923096,1.4621107716145116,-0.01967493136242982,-0.20916426765355173,0.13201057880147105,0.1942904064982981,0.5189654491669561,0.5837697479068038,0.843415606177682,1.0660236741524225,1.2393767824851885,0.8532282160426847,1.1499914422150688,1.1404681251746784,1.6742560437071567,1.6652036903798237,1.4853853802977672,-4.516226972661399,-0.7441528024623387
-2.8260956060257736,-3.8137168385686904,-2.886495082765674,-2.388863983172604,-2.5858345964323317,-2.569063851679849,-2.9771984127075415,-0.06125719789182791,-2.4758781638232845,-1.9018106641038122,0.41278110959083253,0.18181500833619116,-0.4100880412654429,0.096776843473611,-1.5146031377632727,-1.1396250803196453,0.6620276573321219,0.9402661946732509,0.503098317309082,0.18773184488467,0.5707716175945592,0.45942990591902483,0.7260646277513175,0.9052122204933002,0.3410742582982188,0.7237149221794832,0.936342300051691,1.1726644977555416,1.5986026992711786,1.8502788494285747,1.4313442818702338,1.453939873441607,-0.369508736354411,-0.8032967564489947
-3.533058408794851,-4.441733899352674,-4.449471435978388,-2.033302713895947,-3.864968045260375,-2.392062489100048,-2.5468386396808125,-1.7791387501955012,-2.9902845635228816,-2.90062239805258,-0.32013422942947706,-0.8589598384857624,-0.44315612248507624,-0.2788653684059561,-0.10580664681534527,-1.209307229506098,0.03305301592930037,0.8293263918767148,0.7746911482745147,0.49402558345917025,0.33992380798515137,0.8374069774720501,0.8268878953688134,0.9070903908626943,0.22742166900300131,0.1943423138720824,1.328161767632926,0.4877345644030316,1.0470090439023119,0.17857990317472727,1.7074294713070575,0.1863148480394398,-1.5044087020029695,1.1358316685938108
-3.1522970095819116,-4.439293656392613,-5.460548781691012,-4.319608064496725,-0.3026558527959188,-1.982947772813153,-1.4550940628829443,-6.272772533220782,-3.810891202805451,0.22590948738204847,-0.5864736765201947,1.9114900684016902,-0.7584910489781088,-1.139893318632976,-0.38105785443136075,-0.5637967978403436,0.11268205882405267,1.000899231090116,0.6504189728534037,-0.32062474723052375,0.22420522490445327,-0.5670802668206247,2.528336868724856,1.0600722998963326,0.656668412432262,0.4687595143893155,0.9779050112959236,0.7305281862583748,0.9968587950391884,0.0026229614406342613,1.4126913185322607,-0.5800267960538,1.2526703717773766,2.2127211645402842
