script/wind10m.json
{"header": {"parameterCategory": 2, "parameterNumber": 2, "lo1": 3.000054539987559, "la1": 64.9999836372058, "dx": 0.5, "dy": 0.25, "nx": 34, "ny": 52, "refTime": "2025-12-18T17:00:00.000Z"}, "data":
[rows 0 to 23 of 52, columns 0 to 33 of 34]
9.559202902541143,10.010521717775362,8.063092159118398,6.5334498216194055,9.471587382898031,9.922465709651844,6.9843434733430385,8.936383769545344,10.049297457538072,10.080579010517193,10.215021854015955,8.696362655096674,9.404820541842598,7.132523673175211,5.714148819534025,5.620483853576064,2.24144791436652,1.7640588503481724,0.8539448784447337,0.6403568004219499,-1.0511104943066016,0.3531539544391446,1.7571078055151688,2.5308313541678684,2.6412576132709717,-0.1368162247095678,0.27332058439914664,0.5937071150452449,1.2426130594030613,0.8799063470189128,-0.052863181951793674,-0.6094352210693613,0.5330080991214642,1.1422701691794366
8.376266517017589,9.829810862338519,10.22844444077238,8.328663167899645,8.029682668483732,9.992569777017918,8.942616822884988,7.983617847285391,8.56027491520866,9.32394935038188,8.508669071690807,10.009019109689431,10.656015925170982,11.04951686963504,8.376150924051087,5.381781643416101,4.557379255432195,2.5447673815617464,3.048549856094045,6.447606701179314,0.584902932341861,1.536595620142557,0.03558359025958994,3.0771929098773976,-0.4572910998257961,-0.011424309132395062,-0.071464091463838,0.19092937045520386,1.3188531564830546,2.1582788865433282,0.6762610825661005,0.046294386225759376,-0.04145553074071436,1.1036165195495309
9.180803434165677,9.913097362418299,10.675113140154231,9.695077518002693,10.627396251595282,10.096264858618332,12.252834437033728,8.491991454284232,9.038366973302635,9.540280922781271,9.629946792904484,11.093474442137762,9.548666592533298,9.742575255246697,6.901594237278697,5.571746497823033,3.149563566024462,0.28610954267566097,2.1385845124123635,0.6247934211797986,3.4289037965258884,0.7320238858094099,2.02937798736427,-0.3971862954014678,0.18449486764065026,-0.12064509028949447,-0.029965985049602153,0.2770766626404878,0.5955871382134909,1.7824450342275013,1.5791989697084738,1.152580689256434,0.25696686321665985,0.7179955397167082
9.302372159746271,9.57830658324739,10.365013146328332,10.78420364695084,10.898169193371368,11.439613678374409,11.730322108389489,13.249296937500608,11.897976760188106,11.609870939151142,12.039253732907317,12.23429837907767,14.176914040177872,14.392436545581196,9.43914296813716,6.8688713371808205,2.26581850940426,1.4435292405309748,3.3389782125385494,1.2732990754389137,3.010667631406707,3.4637105877530163,0.1842361180938129,1.9605135007144612,0.32720105790512555,-0.20031773601954622,0.8803420657820874,0.08314581012845924,0.36528582874698945,1.2153086229490127,0.8035134279974161,2.1305475414991197,1.3448283787953121,0.023841745235060132
9.503456279498344,9.727421515581415,9.907752931031402,9.722210559989156,10.816913169526561,10.763297384801401,12.037772911021317,13.723284087735239,13.64092939255925,14.523099494507168,11.707347165106647,11.644279269787388,12.207449954629846,11.150330768922075,3.604961163954038,5.627038875709836,5.309765920810302,1.8196309416040073,2.135411966609877,8.712489458768214,4.939261813785055,7.9566950686856535,-1.528619729803697,1.4602478397370617,1.0554729708919905,0.4134681715375136,0.15070613247636022,-0.6783253131312866,0.2307635624859523,0.28951544509045735,0.6182301780900945,1.0675684589864702,1.2606972450298002,0.21145414524865136
8.072184600091283,9.541601219631193,9.856298307871675,9.39883711270146,8.776916420764831,11.314514910990722,12.148999912019287,13.009172474738785,12.458692500626022,14.813019296370038,8.969101260651183,10.714909897942706,9.782266775385546,10.575816620832121,4.8279004315039264,3.9378109162316783,2.4158125875607266,3.0919379067394255,6.170152647203978,2.0359838314567775,-1.2539061697579592,0.41159267220876333,2.3369361755878573,0.5517994724424109,0.894934490060079,0.7994534778945476,0.4530668944965684,-0.7800336874447573,0.08801451817123036,0.12118072133886776,0.9248404705984988,-0.3845328975086963,0.1330452769664057,0.6639702600939779
8.934545024418206,8.606653288507461,9.099950152897996,9.991434481971174,9.968367933921447,9.012938087569903,11.080799420904675,12.863732342185747,12.779899077952823,13.059806734993192,6.235830901606638,8.545523816622799,5.428783140130176,4.141845783965934,-1.1250592137197037,2.5958776536858243,1.6001334294077179,3.3422089267736705,7.016586576645847,4.175902254645895,5.279516868080206,3.5521662272524095,-1.6483818477070409,0.18388493512352677,1.7003565294030307,0.41503062317697453,2.3126769981154895,-0.595876851983596,0.11905255148111574,0.6016500833902537,-0.23270199274975742,0.7119000087815825,1.274124476776498,3.6707496525695076
7.702782694097879,8.504007306133508,8.24800872859313,9.280045796395221,9.477475637293415,11.197051442929176,11.45582616431691,10.558838707106231,12.63708223012482,8.843799626746032,4.4174295146004505,0.6990065527723045,3.9795518218457637,10.766731301182041,2.9799810464375986,3.151184572195404,-0.4117477780758671,4.09078913942924,5.439492712663307,5.495373585155267,5.124422751529465,4.311602787328404,0.13142242029375412,0.664688497301189,0.3739799554480078,0.8099292596604457,0.6547013776620065,2.638458048994878,-0.5710330193218598,-0.49611654858264104,1.744700356202921,1.0264592821492982,2.588248344711183,3.843531075221669
6.725308365351177,6.929518612912332,9.136506175651768,8.207219160425918,10.36655982200084,9.651290760315227,10.956577465093087,10.67685629737473,10.43861283815774,2.8866236068712863,1.9573895136207116,1.272577816580697,4.643473669776559,6.942621618696868,5.198765112940194,-0.016413481921193022,0.10689171865457803,5.7653115984927785,2.361540490087519,5.164418058852868,11.369141889989182,6.136031226251212,5.03399458726832,0.08174990394825293,1.3035745765634514,0.9237019951177696,0.8529136268156863,-0.4685405873052733,1.076105904351555,-0.55355766064029,0.7248647566120338,2.636272400046588,5.301428246900539,4.083579385814335
7.377543761029778,8.762675135956545,8.441367069448217,9.094352955992102,9.412835583100664,8.94145079139834,9.48770791800842,4.3900828981245885,1.3612784423142683,1.6022329875588732,-2.0939731246034046,-0.607936477401839,5.621136621470127,6.063700100636369,-0.5501000883627151,6.724933666760508,3.655674340520397,0.9392511011513502,4.052311725698576,3.174820851163319,8.960278575041732,4.857213808927785,3.826237584248525,1.2057638516897917,1.5259228952436257,1.6197972703382866,2.785924724940776,0.9439982182213352,-0.6975855523459803,-0.1643566015744204,1.9742685219912166,5.607667522097767,4.344963363642408,4.015103214027559
6.836948326089866,8.297966197772485,7.593569420544744,8.39226673428918,8.06294294568983,8.119718569258394,3.643401486422354,1.7564843289110639,3.15957123295018,-0.4301298011661882,5.638319504271138,5.156803664558307,6.251202674010741,12.1692864168127,7.229309782507388,-0.22909365514339997,2.9542194995003386,2.6750626328665814,3.0720860246804835,4.630179586769024,6.272144250849055,1.5069934343974254,5.9162119769992625,0.23959910471433252,0.8182749191602176,2.4492126600431665,2.429870445176078,1.6875190442919534,-1.1188223535842727,-0.7066730383825575,4.844403945137383,5.0993834832451475,4.603473022780521,4.016306336543178
5.709417781927883,6.482411159483888,7.3540820209481685,7.271963561854255,6.761825608833871,2.6681214775469635,1.136377317194719,0.1417364330789512,-1.0810440354200632,6.7446790399004986,4.544174342993856,6.21793103409808,6.355412046703239,10.822415225756348,4.625910013547049,-0.08869699888226498,-0.9258592207716557,7.349804433044563,4.549029261588675,5.163510528856499,4.608654920604024,3.368715306129494,0.3232428031308201,4.527384235599546,0.051779074328865055,-0.279988198398659,1.4414834168763984,2.7318161931169027,0.7420424554299737,0.977306772887548,3.92862695885885,4.173109494913151,3.9752304586092366,3.9778420996667783
6.055467033095504,5.921346074397872,6.215752091655053,5.3564430577268665,3.615632311509661,0.9454979599605248,0.34896502549289066,1.5547075818175726,0.6178971534966422,7.68557976806272,4.364627948906904,5.711075809263057,9.715081422949206,5.416701863830836,4.355510327390978,6.016860822985576,0.7375258196165964,5.962012024842261,5.462067416535148,0.7395038467933387,0.9184988310932521,3.8061338813167325,5.311240167833048,1.0952997528315818,2.8798553926332255,0.6834216168214132,-0.48132614121311956,1.0063947793318582,-1.7138831280198192,3.384246399052807,3.689449571604572,3.8681285207756715,3.243983822747606,3.537889721797951
5.73961691417109,5.421664746492884,5.129391888429846,4.150827460138714,2.5442159032073084,2.778811985667707,8.622975144128018,-1.4654641843856,3.4228205048495095,8.293917027981388,7.528879888592678,9.55499103547027,5.493371555368956,-1.1343939374858074,-0.20377489832846232,3.508365622915453,3.6648640140021245,3.704335006254224,5.8100409086470055,4.085218241767856,-0.8850113077095074,3.257147755787408,4.243469198030422,4.3500298559650865,0.18836357722311028,3.2065214487538376,2.017538232587351,3.4520008235049033,0.5521133495758618,2.389506365001483,3.5413860191993503,3.4276957524602327,3.0208191772137734,3.2327861421937567
4.441071223160646,4.4265443266199815,4.099919109896384,2.8002926161619857,2.0988722827112616,-0.1826710962559366,-1.0473724062015612,6.216364551821897,4.937374547136097,6.523814243983911,2.134885132566244,9.47797284221877,10.338838385023994,4.23376655038052,0.7460069885957135,3.9847777284515873,1.207859928688345,3.1275855888933597,3.0444502466522545,1.798116038103982,2.020648854546079,1.8316307185367688,2.4778692363764927,4.336561216100066,1.7290821432132293,1.3476128052886565,0.6898552336927595,1.68250634462555,0.4193365772050609,2.3485055675188136,3.265011250194747,2.9378366229614024,2.7361347695812164,3.4977890379706045
3.932588304329007,3.6727125617904712,2.8702816227719397,2.405426059935087,0.18016263435721785,0.5461973093682423,2.753385588028185,-0.1929095654211823,0.9496498136071639,3.086165306603767,5.322830579996611,9.84912100382041,1.106350909302415,4.255828846885602,-1.2423990971285714,0.34210635947656337,4.829956541250946,-1.0200944577966482,2.5648606474910993,1.2555697765772467,4.964455448803755,2.4605817021223335,-0.6322590991756762,2.74088136340753,2.176219742119851,1.9992378281555823,3.2369377508675274,2.5726800912948766,1.3140554152848813,2.3844264845979954,2.470310689400404,2.315382846477887,2.574803809693246,3.929155147255272
3.7178674635520323,2.7914595384012313,2.2754401185836364,1.6176979675186813,-0.4593640901536015,-0.42078191793509223,2.6676631422160315,0.7101154679393991,1.725514136779888,3.22807864846956,6.898626817335403,8.638187244499925,2.7372044292716833,1.5236080639403218,-0.1425683465894423,-2.400194090258864,0.8975366101121485,-1.1328889803563162,1.697296893484548,2.165764038561744,2.830944743137063,3.4629613487752917,2.292566522816231,0.3882308367599744,1.7895848569620598,2.4402888389121453,3.3144997294555547,3.161393179432407,2.012618139730585,3.5121637714161125,2.7788751701907755,2.2979924775111966,2.8958315006530424,3.682651152976457
2.6959593668765063,2.0642845278021964,1.5785504358048936,1.2218884737874087,-0.08945567853710659,-1.1268811298921473,0.9259691930142102,-0.6064285263268573,4.725100276305727,10.30910443737849,5.616654592152899,6.423011758742279,1.087288745837802,-0.3317606850021681,1.2205304195255886,3.874045473855507,-0.5262765836389857,1.5887634886154367,1.9088506866718216,2.5118321868203783,1.7185837990214028,1.4212987497895173,2.011827287056734,2.7771701869185486,1.5909852691750141,1.2193118523132824,2.8285322612483976,2.2088807029788193,1.6944496664217263,4.9373527360144545,1.765711908474856,1.9833539332560173,2.8030470354821237,4.06508735822622
1.2847783588641626,1.0455201756323083,0.6814861112294638,0.6125967256700887,0.07182677241950747,-0.7735867603750529,2.952215619610638,1.464800936677115,-1.742495852849254,7.643410042364333,4.566679338882009,-1.9501185594907235,3.2232462915474533,-0.2076086265036284,1.4730707479099212,1.035113457882723,0.5398658541950561,1.6330872667180412,-2.1618188332451838,1.6176690375519025,1.0441379275600478,2.8071973976536926,2.6587410107556835,2.162484779125302,1.8785280849962234,2.5468804615720386,2.5610300934690953,3.601728163586449,2.017258042122684,1.2180278050414877,2.4841300145908916,2.636088102592518,2.950790650584442,3.5847209359077725
0.39683759445813005,0.24492141090353833,-0.13446521911551015,-0.11190116180478117,-0.7193623358982009,-1.0753908241023076,1.4046660853346369,3.1587732520471152,3.9705188143333845,3.226702089564057,5.283920304355495,10.70496454262139,-0.3131589635230958,8.610464661485482,0.5480601450079624,0.49253662967000983,1.0542958385159695,1.3581086257454713,1.6886787951018616,0.7836233644486174,1.2178956516162436,1.3948474129033543,2.9415066584737684,1.907996707351633,1.711572270027237,1.3212552788614915,2.0334215217178797,2.0279207403257224,1.9566100370797894,1.0403640192848023,1.8958343798880013,1.5673704280352478,3.598850559893365,1.862175516737468
-0.22611043115923038,-0.618093768841103,-1.1021510419648053,-0.7171006369255466,-1.7222159503188195,-0.7351869230718183,-2.28819206616074,0.6938479591636671,3.022390684946677,1.9656822627853674,0.40338279668868393,5.501001517567652,4.334310931371856,-1.4649463306519985,2.2206033884677687,0.4627213278457571,1.9265992308718454,1.3023365343961701,2.0195509062990746,1.1868477302732912,0.8312300710540477,1.5027079508580479,1.8777216126972152,2.365878241271871,2.6799867702701077,2.2108512983853306,1.7638117038927292,1.6541950621736163,1.2114375885265165,1.4028014533653013,1.5654548114450533,1.4826311735496762,4.059807234132184,4.9781800263435105
-0.31985193604635875,-1.169762766298403,-1.8019021861899955,-1.770556342110755,-2.162753155585013,-2.204720255423729,-2.1024809804448923,-1.0397740599375134,3.656716773473448,1.4634266168143264,7.109933506621027,4.908438243338451,0.538938358650204,-0.20799307521677135,-1.6229609955078277,-0.89507965319484,2.458242600853295,2.590602194003855,2.85466385702247,0.13486820207089387,1.0470498147550251,0.6666959474949258,2.485048470886164,2.1268074013519187,2.6044140417992185,1.1159021067817083,0.9523102320633926,1.3528704521800548,1.701235793224492,1.399151746233282,0.9142344991579883,1.5594972832713616,2.0130328204006718,5.748642731835315
-0.12284774052400106,-1.2307330463132873,-1.719747364664966,-1.7451692016759328,-2.1067993128533153,-1.621468328318206,-1.5302065606125375,0.5732061669718707,5.690871068633859,3.545309913897619,-0.2724168376713789,0.7104657264159853,-0.7777108803018148,1.3423263951354045,1.9691981125577296,2.2205479270814985,2.5367050060779457,2.714645186109479,2.591143513307175,1.455254178314867,0.7071236657047899,1.566045594071526,2.8093204679125203,3.139149071625304,2.609910812361802,1.62972558730041,1.430436296865355,1.4875788664466758,1.588291219104235,1.05115769991659,1.4470576690304968,1.7845296547847465,4.051454064463601,7.046984652537758
-0.45866867084963164,-0.8327302277047879,-1.6707811758183317,-1.8363207405511457,-2.422736833866871,-2.545298718379289,-0.8459132484067325,-3.1859616631850933,1.1087299202069054,-1.0811613597174903,2.0336738516169612,-0.15663034479710708,0.8883935066336099,1.4140173618430238,1.266181993778729,2.927994006273709,3.1632184116468087,3.001189848772883,2.1704141468938793,1.6868195794193646,1.5276440577557187,4.400358202535135,4.993909143027238,2.1784626493746297,1.4173957843477636,1.6943372710415916,2.6887185677513763,1.2420201927270427,1.1119684547125561,1.3539856337930154,2.1974225160054393,2.180380967975619,5.663109461533606,5.7688681131776045
