script/wind10m.json
{"header": {"parameterCategory": 2, "parameterNumber": 3, "lo1": 3.000054539987559, "la1": 64.9999836372058, "dx": 0.5, "dy": 0.25, "nx": 34, "ny": 52, "refTime": "2025-04-27T03:00:00.000Z"}, "data":
[rows 24 to 47 of 52, columns 0 to 33 of 34]
8.608849279787878,8.159532770834135,7.825008791521234,7.999976200156145,7.988307322929609,6.985515655647559,1.2888897234415595,7.901072117035677,4.232228947404541,0.23113379876474213,0.8366079519065349,-0.5466119248915494,0.49245910616072364,1.0507381143839047,1.673594189952742,5.823641099861109,4.138982435607081,2.0319682987279943,1.6134880519287635,0.685055046507434,3.6350822121181343,3.6882020980442807,2.198399096715174,2.072680320288768,1.9736092243699825,2.9643966065006357,1.8248664509521473,1.3138021378689002,1.6585079623709988,1.5813146871027972,1.3282899868789166,5.0363633830430246,3.514470560196503,1.129399264886424
8.302958636553177,8.582837596547616,7.5736869196135235,7.656317210175104,7.0118735820316935,6.222319895773692,3.6809801345895377,0.11091526957260935,0.6610568626020715,0.5212160675985448,1.1862634867698008,-0.09199351286931466,-0.2727522167429662,4.004589229771694,4.902786288054408,4.402439505580278,5.831148458713056,1.551500627569563,1.5697489442476382,1.5135485825117025,3.0450652374866576,5.0621086103104656,1.4198408544727517,1.9189513386657302,1.9974089795500114,0.9692613404941777,2.093619742343886,1.6816997349847633,1.9161220726707244,3.2305679677948365,5.257570077798917,4.654908861977302,2.82402171201235,0.08844069981678161
8.398576776707532,8.132293498996022,8.470995238492971,7.447772423521919,6.679371000570938,6.550508711002724,2.611263988362674,0.8159012132713072,-0.5492234798986458,1.0671524710810143,0.22893879764545805,0.5382057633168005,3.007677164595718,4.61974272371945,3.365537779050134,2.6030229748422666,5.100533323785024,1.353568266171547,1.7188398692485825,5.210748995549211,2.567789475971824,2.5124174161395034,1.7143957311371343,2.5451837013150445,2.15819450495404,0.8827233671530997,0.6009459217717541,1.2357215356589504,4.052942436095931,5.931591560923547,5.6758814682961285,4.750798327855514,1.7725181825559382,-0.5418086275266287
7.872830548314684,7.8829704297621035,7.427950171981339,6.32105472754101,5.690724362297129,5.389105947639109,4.477117682418601,2.2701045618638935,0.801262604773969,0.17406318782661356,-1.3047628238421778,0.7103643801647848,1.6392267350982366,1.646010863811905,1.1809883936594927,1.9787093425123239,4.681294837131422,1.9776342345758162,2.334917256714188,1.1846036614085542,2.548685878979967,1.9612132824528743,1.9019236967549211,5.239226643606543,1.607487958127267,1.4973290148057967,1.506480413268022,1.6962974924453404,3.944848089907048,6.38610397236681,5.218105495936098,4.3042945583814864,2.2677570812457555,-0.24708765316654385
7.910056497047761,7.700057464451713,6.980815978735837,7.1397489273063846,6.965429050823827,6.937574004254657,5.176500617219583,4.1391959055777425,2.6723745856503336,1.4882723912106275,2.3248197463820572,0.9026991965340355,0.2992968841504532,-0.19999379187441577,-0.0700795076146591,2.6539119071962873,5.6786331847206135,4.239533903541476,2.249044365785137,2.4298143350826913,2.40286728412643,2.1655427201294866,0.5414562794599826,0.9088096533256675,2.1254171715272365,-0.080315386908098,1.6068117377074793,1.3603500914222317,6.467269610184157,6.91041851056408,5.328071609215373,3.6763231140516504,1.9430632663202796,-0.49214548141326053
7.873988327307112,8.010944198741464,7.259841826437655,7.157526952449863,8.801967627580868,6.670327592285202,5.303769803732217,4.345506081296659,3.0982944613506005,1.083568327490192,0.19613095131731081,-0.70170153999277,-1.0993637252532844,-1.281640065544713,1.100424680550445,1.8573701776913112,4.084967490080037,6.3508756576950995,2.502823502300635,1.4177897493955032,1.7991161267416202,1.7531845483798771,1.359810508610099,1.5067180977759738,2.0552331994390935,1.5345977202946626,1.2213485049045945,1.3417229595841813,6.545479450734432,6.904424445983847,5.266731751749506,1.347538223892023,0.578028413433075,-0.9027651466530267
7.462626623503716,7.909772109011973,6.879042369312189,8.38251160392679,7.423916693621136,6.042324526808663,4.681524485651057,3.3533789739580118,0.8113458180181081,-0.21622098506686777,-1.4991168970842692,-1.635844621711066,-1.0561544585919227,0.23883442038279964,1.6896673437869143,3.811713980546614,6.873059451655325,5.61042869867634,0.4094595130594409,1.4948906966157078,0.5905852153130688,1.1269544054241276,0.5436525564125123,-0.2799218698400913,1.2604216363312242,0.6533429772213536,1.0807870124072145,0.5413346340211721,6.320826707560035,6.232699443801029,5.024596755503069,1.680709049845314,0.7736924122855766,-1.1094633903655446
7.743856235487504,7.527841442473806,6.527411335077228,7.488644674208526,6.1834960652498605,4.28263934749191,2.9558156426918694,0.9211157821274475,-0.16055877356544027,-0.9084899803596446,0.3780377137599808,0.9008087921896487,1.3388955360860961,1.1703751000784028,1.9247042348334562,2.8109364148590696,3.0779688894665376,6.348160878276452,4.609485289415698,1.6616794231952459,1.1134305816637724,0.8428860281640547,0.20808012194143288,0.639088019012772,1.8192460485401785,0.6698465922346676,1.1319819490289431,0.5321553157934674,2.0970739876119655,5.966701631062198,5.183361869488093,0.2648299000859531,-0.27441234557280436,-1.0542654280548363
7.32328602982564,6.21587989941936,7.879125689256497,6.822176812482547,4.678804306985772,3.528290017341094,0.7423976912154012,0.152814498712831,0.5585201765546949,1.7184007790612468,1.5001388033123468,2.545586595823929,3.7584914978874626,3.797444785141948,2.1629737123990935,6.422719664893837,5.973744938014734,5.843974538308354,5.509469778443731,1.4588108395436379,0.2975241730149556,0.7116563120822903,1.2296507019144047,0.7205693969925117,0.94663244041787,0.5255693080608607,1.2819292076520323,5.089719091646758,6.511913883197069,5.690210127501533,4.824218575208108,2.846986998938984,0.18193352043307714,-0.9919001468265066
7.132944380694094,6.069920615358866,6.677517012393119,4.978723503552853,3.996564553766405,2.7795022229862427,1.9171638405927443,1.0233661310862685,3.302293336059471,6.091986740662349,6.871120072597881,3.3108340669271787,3.4317507453535683,2.8514935262085976,2.5638403647079757,5.497041808860166,5.516002961538993,4.841768014866581,4.802030886573724,5.763879401872441,1.1639715851142947,1.9562237248225585,1.668960993358031,1.3241521701817809,0.9077613767941678,0.4827048435646852,0.9770798186985954,4.758747107061408,6.005322151245776,5.170010765636611,4.187008361740618,2.411616326679896,0.1144970594174783,-0.9892444195742982
6.435026924138344,6.273488849825521,5.814275227492094,3.9471267732356896,2.8262289647750407,2.56521535930566,1.9557758198736777,2.1089743002850807,5.793186722055364,6.230694540027104,5.988452025645856,3.32581621971217,3.1534952900999973,2.834066059564137,2.5570915635560696,2.9417007885604263,4.704867133372383,5.0175842838951015,5.3514491765632055,6.132596216771803,0.9203805123267474,0.08363101448795886,1.5674169501196409,1.0355259147894418,1.2255682732709499,1.283841089417126,1.5081735743385758,3.0097641731289606,5.439566658253445,4.87677553640861,3.5773556555842085,1.7030904322877312,0.011590250652647868,-0.8367057094736169
5.992040103786688,5.735027233820836,4.2769937917037915,2.7946884389595703,1.0585860861480858,2.6356086776368692,1.8717757074372054,5.630400345861165,6.5198024311649645,7.789496222981638,5.060093824762533,2.9739446080556187,3.1557146072902373,2.7536053388430557,2.2969387727866972,2.017480733252712,4.44768608473489,5.184133917388269,5.09907322051012,0.31612770970182275,-0.45570536681111407,1.1129936016276016,0.7367145267203948,0.4908419210479163,1.1706294737127545,1.2317903514829582,1.270816699066048,3.4871764032951917,4.882302064277527,3.827257198734437,2.5931370655443837,0.8824859265643517,-0.12843231733501706,-0.8544421580298917
5.397756892633561,5.109953071796447,3.3757937678854737,1.7711958677252322,3.031126293326059,1.957633871557194,4.624107758340739,5.227058609810291,6.739554419912761,7.513629180685186,6.83672527037537,1.98876312454164,2.716848946299969,1.9528147842907346,1.2734469349956459,4.90260407456938,4.897850220333892,4.4497199396775375,1.5586040253792226,1.8584351852763088,2.06914440524797,1.8929188288541343,0.6851998104751458,4.445782514161203,4.51798672731332,2.205743689802159,2.5486293764995236,4.341924939543941,3.773811758300615,2.744973270692574,1.9962556733174779,0.4357578846307682,-0.6178164833453977,-1.1919151399638748
4.954873088923759,3.746471398108092,2.0304618883745342,0.8696199379642147,2.3899395120075053,1.3912828755417395,4.142369267319802,6.12089376779083,6.844988340974513,6.560856464064664,5.5912128663910305,2.5621675402436566,2.7712830924874274,1.6972555975150954,1.8459205150060733,5.818262383065898,4.068114929709914,0.8465559996410187,1.751772286841348,1.8553103906987594,1.3206624253877395,1.356278867741654,0.8708127341374109,4.426607056148512,4.791575474331411,5.0242644786622,3.941286051161535,3.0366149852273514,2.94627250711244,1.9286854761206278,1.570983831728633,0.02394553366653337,-1.1509673297375684,-1.907812134912935
4.342110309001112,2.305688708625088,-0.1285309010198745,1.5366068430278212,1.4235443269916714,1.9226218010508045,5.031972827822331,6.305672045281359,8.613781855479859,8.26956896965762,6.7167871804702175,2.254735718409165,2.329239923765758,1.9067131502555907,2.4926379406700825,2.8664903378655193,5.866013814652133,0.6865043516472716,-0.048215812816290164,5.662027529210845,1.5303317123981885,-0.2922905703751705,1.6548203895065978,4.4740114528423085,4.89944070823107,5.3471908377058215,2.813590947002492,1.89023981012228,1.7226439859303995,0.8134147679476055,1.0870045315900139,-0.5068841271214493,-1.7879703076105844,-2.5769093997788968
2.7900821649525436,0.9497335519431899,0.1613283783746331,0.38822404553558526,0.5158745341990669,3.778057881874513,4.9998207559431345,7.188211009181963,8.516651223041329,8.169349535420599,7.114400227511241,5.835194261353246,0.8961550522837826,1.543255284312724,2.10429854952806,2.510969522175883,6.305780171305512,1.0244679128752372,2.4806423781612748,5.377685242573821,4.486744822243416,4.389401838422031,4.591236726076904,4.539837400870354,3.1634417799139416,3.958497870036111,4.523399056957415,2.285679299017603,1.732378557435701,0.8215660575568242,0.14105984197511323,-1.0677102107992122,-2.1731011006043506,-2.9562790673233215
1.3191498758299638,-0.15801653151282424,-0.34126975546327853,-0.8710828594935588,1.345426436180903,3.146066989446889,5.864926440985931,7.6840682996592795,7.733226670113141,7.530868768274526,7.627250603805636,6.3406089251674,2.0347552911455944,2.990957894630212,5.5162203462970725,3.3652317307841053,5.2047691771446445,4.91734618372948,1.7210531616990776,2.7583773637268787,3.6985631193261437,4.172400158466831,4.510952726819378,3.6417396949133134,-0.7200993855521174,3.084755438957052,3.414342165265904,2.7133686220964472,1.3780483268047166,-0.040833376007336795,-0.7901057210441953,-1.2172102322923375,-2.3978485688351645,-3.321997868129634
0.7289538972627865,-0.03757832061790878,-1.2476233424903522,-0.5123780615273485,0.7407315635957933,4.380085635432659,6.46222484145348,7.353808644385058,7.686293328828165,7.338191777462374,6.848788245824225,4.082141273133952,1.7228215560224782,2.087202344435139,6.77709645622048,6.9592370909475765,5.560647196992281,1.804921036691489,2.713416069127389,3.3095375812627346,2.510998624861023,3.3667093240803427,3.0517746334381646,2.974304642656619,3.151189866696646,2.5304771748057866,2.232386352624932,2.02139078550058,1.3314431713274972,1.0648850133311245,1.0371480623443816,-1.3061745055192202,-2.6706384194019055,-3.4642731239556164
-0.14699754582335947,-1.6800827532801614,-2.0787927047024235,-1.010866015934798,2.4553972720450363,5.877309955719947,7.087405949366443,7.4319335536702384,7.297337885868947,7.610072910328432,7.142197800843943,6.525354476269809,2.110749790622547,1.8276042780202144,3.0595073545855973,5.590855449702972,1.7657487916688972,5.5503198603040405,4.484497187388318,2.683553109101302,1.6414899480911438,1.3675038410929257,4.119471878111097,2.9040518811468345,2.5170892488661214,2.1006825231928143,2.0535010827716356,0.6446466612202807,0.7124762394231824,0.9597533330629072,-0.3365443296390198,-0.8969886111014319,-2.934344317468605,-4.014824796707758
-1.3083454032633377,-2.1166303027970903,-1.8646015559914306,-0.4486275020602823,3.677803765124445,6.529882160769677,6.0428023458117766,6.715737114348607,6.23729939349522,6.6908495797380585,7.192964764242147,7.195396424906946,2.0197479591779777,0.3232978919471828,1.3749064220800484,1.7624052543908613,1.8931407833645741,3.843605138439946,2.9380815948340846,0.3407455053368463,0.7300780700704556,3.9765788778790054,4.55124720858096,4.598307814997816,3.997015229407936,2.2609731988289146,0.4425412805559764,1.016098404242673,0.9004780541239833,0.6621682471793934,-0.5692133108688616,-0.11662581695299742,-0.5798661023787218,-1.1122333999237108
-1.6656332599400876,-2.2004278054271387,-1.2126185777114626,-0.035703059303909684,4.43743531637833,4.836325442713793,5.265074840857756,6.264437413130173,5.802118019380724,5.452187288329947,6.139586109423665,6.091667997900226,2.23270627001976,0.7291349576511257,1.195409296619383,1.2563119568564445,2.1847281327477552,0.6982487289315854,-0.6794313203826796,0.05885588819148354,0.10193871830064087,0.7370428716552428,1.491341099884806,3.698623960278817,0.42246392491568124,-0.11204601432012283,-1.09389448716583,0.702206063387219,0.07297688106565282,-0.9013592091233882,-0.7301124808258144,-1.4111832174659198,0.2658866552861202,0.5386589633182396
-2.0703812375507646,-2.3710801377891895,-0.8858667743440996,0.34715073904017923,3.9626074760948073,4.142025993182083,6.231621555055144,6.262987913956229,5.221617642702867,3.4681223743606417,5.664377779163221,2.0025650985992764,1.172890146712841,0.31595802536576945,0.6328485450704318,-0.293938472470535,0.5675773266669288,-0.42412308891404815,-0.9477356558650386,-0.3354652376677464,1.5243869539006982,1.188965964900964,2.0523931547265626,1.8068330102980301,-0.20721929004993436,0.6229156264188104,1.0796271878900878,0.5668044514099959,-0.7375947949741494,-0.26587020412948936,-1.2765374967545497,-1.204416059567919,-0.2306509420569738,-1.0210915747837732
-2.658399199860805,-1.6544949671906655,-1.1535195366420978,0.30180536886936243,2.7205359279632724,4.318116441281543,5.081174993594034,4.205436277547517,2.786813123733321,1.332309228669296,2.037645186215656,0.8416869704618077,0.7064171637035245,-0.11222738427078563,1.1044930703210976,-0.4295873599910439,-0.8581766059779484,-0.7877950499942955,-1.01639940109489,0.0798651024790811,-1.6107107762822785,2.2082824782530803,1.7015694783784054,2.0197819069005734,0.6588041943917166,1.5414417514133256,0.1947886645832054,-0.4595494849781737,-0.46085071187537013,-1.5460999113486402,-1.199562308164574,-1.5156768145849298,-1.569130285665894,-0.9561882401227866
-2.282564892453477,-1.5891183957236785,-1.1285363282234506,-0.04262665291323443,3.9607541215611777,2.0605604460005793,1.0270427140272342,0.9103501096609835,1.0752777093745636,0.6577330627845884,0.7531817120945865,1.079855136203272,0.8038622153683767,0.24179024769156168,0.37118915104680134,0.3863285342098241,-0.0017173541710600738,0.22236487353052803,-0.9397927470436734,0.2296138518774064,0.6596707056915251,0.11173136559816785,-0.23869217394208292,0.7236798893293254,-0.06191208718019831,-0.537756837337543,-0.5496246962637822,-0.9413347605826481,-0.9121567133687872,-1.2702989709830719,-0.8898270453050524,-1.3227994276957988,-1.8992732185265921,0.14780903691760333
