script/wind10m.json
{"header": {"parameterCategory": 2, "parameterNumber": 3, "lo1": 3.000054539987559, "la1": 64.9999836372058, "dx": 0.5, "dy": 0.25, "nx": 34, "ny": 52, "refTime": "2026-03-01T23:00:00.000Z"}, "data":
[rows 25 to 49 of 52, columns 0 to 33 of 34]
11.202854302363622,11.057951962794645,10.578595035413102,10.216489256965417,10.178034981318081,7.565094521318145,4.332256314389097,2.092076322839584,2.434654667300647,-0.5470467778010805,-0.1651188954492003,-1.2324052505740521,-0.825043427958766,2.3722494411117143,3.1277588867029817,3.241403576456158,2.2864933351391414,1.2909707290228534,1.1849730451747464,1.1306754331381779,2.5154722059909456,1.561920532848127,0.32725767141297857,0.01884581623947693,0.11498865421995641,0.19950986408150576,0.5036281247338692,-0.2657186177274063,-0.6729943285760493,-1.0544024128844338,-1.4892867120201465,-1.5591603135476217,-1.6072103461505085,-1.885109600057071
10.697835494602511,11.144573699880281,10.693333278320088,10.068696654250047,9.446643711873467,7.127162016068276,2.8412221625422225,1.6628968321959747,0.5068669971644633,0.06227226642249721,-0.5022808831212536,0.43759612657106894,1.8600044626895818,2.764180424367936,2.645861848108211,3.2228832032410604,2.1189159935542903,0.6112265658843142,0.468383187268751,2.201969475312941,1.442756832461551,1.3562679326292755,0.7543482893346095,0.3602546214024312,-0.02525054819226074,-0.2560881500517443,0.5847761811898756,0.5674481019771918,0.1997481998708294,-0.3792490652572818,-0.9739450293697353,-1.5831819374307903,-1.6856582405485276,-2.500355857613772
10.052459357379249,10.212739860066502,10.588745952020554,10.107112579911503,9.520390269064738,9.136247837007659,5.420159279950043,1.616556284960617,0.982242107005447,0.7039998606600538,0.1105967451813913,1.3769495596807053,3.633644359294561,2.485587276402146,2.356137059719867,1.7748724581969972,2.186877886145199,0.798130920670696,0.44042908128834507,0.4174517550142783,1.0181853780131402,0.709749337243017,0.351420451102866,0.9227721050418248,-0.3609787745619576,-0.4997217203906173,-0.6878219541864231,-0.7097740047700402,-0.5897557657693723,2.1076749167749558,0.9793508246486405,0.2545373654177441,-0.4188437464888596,-0.5526033039108393
9.513630297574277,9.223323579389024,9.472049332224017,10.0744380706519,9.713991136817265,9.272145468411553,8.828857566197172,6.394751600525245,3.4579545850045044,1.6888186406513526,5.376254609794269,4.683587427511918,3.789874528653066,2.7646983939630005,3.9195293373924334,2.84516754400139,2.583983403150154,1.0388305074519395,1.2274428554304462,1.4127277606277044,1.1155188087031054,0.9444589766501844,0.1875146628605792,0.2916943076928792,0.5250049283335343,-0.12112867746616601,0.07105457345255398,0.2961368053489704,2.315090315800686,1.6563273280084985,1.8310603245694264,1.8041098495104624,1.7237999088669642,0.7994076973297517
9.850517864506276,9.542993861926687,9.552605087686045,10.00859882122776,9.653671353877394,9.720770362109057,9.276428773089476,8.839908364406341,7.2769464025720465,6.810342292637377,6.125667070008036,5.8523167529900855,4.986477511672219,2.9195858716637577,2.7643053359170136,1.8735140383596054,3.5933343629647103,2.7448595085575707,2.010544009564826,1.3632540296267293,1.8257976083500347,1.1003964894027827,0.8641267022863213,0.6963835013069746,0.44477531638648177,0.31428367436672777,0.38830037423945274,0.8935913243687176,1.5238620524699429,2.3369586131520586,2.5517373468760294,0.7061205988880156,0.04931399346196799,1.7131914981833725
10.167008492252814,10.051623125827302,9.702841884599804,9.225240599408394,9.45152636032285,9.50372642350105,9.687553182792046,8.87556101219353,8.159346459497678,8.381200155372152,8.79264354781732,6.657520123552591,4.973908666959675,4.063283165787916,2.259586499159054,2.6176100351508493,4.000307478525092,4.317354639509601,0.8570140229293818,1.0927998868735338,1.4185052733266024,1.1890990665679755,0.9307100666300632,0.8832023685883116,0.7462544504880794,0.48673564380524365,0.848493305500091,1.1204634579987276,4.046083137489689,3.332817549049644,1.9912873802104125,0.752849984736496,1.8578716700457503,2.0104047525374327
10.44168678949075,10.165227487638358,9.687575748348285,9.423199309437837,8.578884447938714,8.294985954633457,8.57411769831309,8.047947384928337,7.386927652789771,8.09238676142426,8.651322530840588,6.706917212933421,6.257473061415983,4.103054428696762,1.9984016881577928,2.64440758190183,2.151538777434794,4.328361402571293,4.160073805656403,1.8508308220157002,1.2963727305982435,1.207110113619946,0.9932133379419555,0.977161025053936,1.0544766197456956,0.8586180076626853,0.9039199458359087,2.2495784103547307,1.2267891209640254,2.752233945346751,2.4337578039467864,0.497253666742198,1.2622526512873424,1.4368559111036219
10.189394241219185,10.49713425005154,10.141418378772467,9.716906932834776,9.105761939462674,8.548771784232306,8.64553422201846,7.8738666721101085,8.003804859498853,8.681214862958681,7.985676126505947,2.4284434833437025,5.54541206286751,4.0045787791710845,2.3777404537009734,5.39077171778213,5.369334471152532,5.203198707201753,4.227819469926269,1.7079782605589295,1.2813553043801658,1.1413278590743765,1.2906946321375523,1.0737955370836334,0.8219317552026413,0.6271727903292802,1.2063481295975362,2.2048751817169125,3.495401035166395,2.761195525421737,1.937426996681999,1.560753651048787,0.4932574251446999,0.9304095419073201
9.829235458223536,10.314544325130147,9.90746038239686,10.157168634999554,9.534608366095462,9.239537333171212,8.335390116272457,7.879817648829043,7.600510203046389,6.663051889849111,7.4205477388846495,3.3133156074711225,3.4632819231878265,3.7359933005601236,3.089223900279125,5.6207335358465444,6.378394033537422,6.220965245613284,4.953855303943883,4.193533135240948,1.394161170616595,1.2657416870692078,1.354273100854422,0.9117275341115846,0.7367454028653959,0.42430698896079827,1.2613303430762723,2.0480329529674752,1.9761575033251892,1.7134898210678295,1.375865426448055,1.4126360951418613,0.6902330228781266,0.23226460794720535
9.857822162705524,9.827742320985015,10.243428354520805,9.752306751471387,9.792757312209275,8.920040788355283,9.078547592555969,7.506694522693704,6.6860840134920405,6.249401947990712,6.895641822690389,3.343970842071574,2.314241115953662,3.059153790340551,3.555291930206498,4.084841468591821,5.229952542240225,5.98378568910653,5.740982886064748,5.339565578286372,-0.1394284374927242,-0.22559195807680746,0.8735890789684362,0.7219835268795871,0.5128754922936338,1.01751697710325,1.0873051070402326,2.0098266810809604,2.5713054453650988,1.9860518911209721,1.6786655749626682,1.3908439732237319,1.2978042668951904,0.6962385011502545
10.126096782387556,9.618007714761317,9.50282728087462,9.352250691674827,9.74573976050168,9.975930723902714,9.393905409405379,8.084726427734699,7.1895229867314185,7.828072164387853,7.743520452783255,2.8746161619950414,3.2686112879495557,2.868070287760387,2.9542874063025435,4.714467825523399,5.526112288597111,3.7440736056938344,6.883103949952198,2.8176649163939893,0.6532456310086877,1.8806995616396387,0.44806052646207994,0.7455800370148686,0.9019182524172601,0.4930195926705247,1.0438116372696584,2.073358902790962,1.6374821741985583,2.0466280128888075,1.9427375144191017,2.3415539827458196,1.8290937045424698,0.8364968028538942
9.99084211892063,9.66707903878316,9.037241851428524,8.887261258217029,9.474130874998888,8.690065952748842,8.607487300357523,7.148577642632511,6.981195075174175,7.532689134887317,7.15490332834441,3.4877702552504966,2.9752201430840084,2.8947651534586085,3.4073680070324968,4.233717915231557,7.838643158918216,6.623430517394906,1.791755579880675,1.2896864271630062,2.4721976434133675,1.9679177582746117,1.2958257703503644,1.9323285392607727,3.2215235789848355,1.7486641145418047,1.2220817746097135,0.7729585575131374,1.1407162714979135,0.8362033652121224,0.44985555369534297,0.6593636545891022,1.0254660844020547,1.2416189020346362
8.931352573326718,8.745484520011084,9.116810709821413,9.85215526609842,8.592951663357068,8.648281343795833,7.306380630249944,7.527566653023639,7.398446513754952,7.618841873069127,7.594258360371626,3.552368089048689,4.000439251095336,2.6860138423769895,4.333623138063378,5.219212395262168,5.703690175965176,5.0552397894963645,3.907643177558021,2.7920977729930265,3.5550385052691644,2.8213317924828374,0.7967103253473911,3.7291576952763763,2.921450964116005,3.2452109060395284,1.427079765838003,1.4095658143755778,0.6716755449040805,0.805751455378884,0.08701575074374407,0.19499571403241478,0.5540235557140105,1.6738520254657265
10.269663991103718,9.518162337843842,9.115502322812132,9.240150812211429,8.805703584381996,9.0114227830196,8.639604844157528,8.163345536605275,7.971326512644811,7.574714949895419,7.969923966796356,4.892438823442753,4.465568110271995,3.709371199744387,3.64377376049205,4.945149611670999,5.137841906227056,4.318180761067543,3.1928484443900875,5.3528891788669055,3.4274736565979693,1.7704338573250686,1.99230725521668,4.153233429672011,2.448311322377111,1.3457278838406044,1.3704412033960436,1.4339737810287085,0.9155776711008892,0.9759090511489263,0.7810716803582455,0.9634816553114258,2.2020574699988855,1.630338361558646
10.356469738787398,9.816471437189085,9.173177517942198,9.06841565319516,8.801653445918504,8.72782487552373,8.55572098623213,8.839534567699738,8.525580487081232,8.308585237688744,8.112497349510297,6.7739578527895254,3.7195397905141943,3.710988669820124,3.8651109322742454,4.656803649494415,3.8355170380616754,4.075621034924104,4.809940775158664,4.338030538401249,5.314122040134424,5.483999790061298,5.099460787788503,4.667804990076426,3.4972515560908084,3.2352491972370823,2.707798842924738,1.6712515394635685,1.5337993762016588,1.0274598200498666,0.44695380735833146,1.8873584380627375,2.3463521286734736,2.8274192378004788
10.504245381125058,9.803866487321057,9.65058868640155,9.212465850712425,9.087040768450862,9.271419658010672,9.115556927192161,9.181773695135291,8.788422751570247,8.494217083495306,8.65977978913522,7.31269573522341,4.341391240213678,4.346186007075856,5.714038918067595,5.691366763542457,6.505996200114907,5.460352566296213,3.956689663359634,4.577362499337236,5.7643012484678895,5.337002700067201,5.071066304297456,4.457061117410336,-0.4868878083025766,2.505100151774335,2.425883469487294,2.3341073945959026,2.4101576345293787,2.0847439045556793,2.4284137460425534,3.038032895947051,2.8724112472295835,2.78529355365829
10.888874184242738,10.288209193137439,9.780236614829112,9.335045133433749,9.628912045217362,9.437150438203613,9.095267914518308,9.378037043952975,9.265580241880322,8.766354129324492,8.323948375306461,6.042205934369492,3.270118629949982,3.944022636921571,5.483871954072471,7.183053254736704,7.09801081898773,4.957927317833516,4.650971945813988,6.512311739925874,5.933646801735409,5.035545828498387,5.34438054578155,4.9459122706861605,3.7087282289767587,3.7763084034107255,2.50065355634709,2.244745791777233,1.8832730256424042,1.6881108048075388,1.350366800069226,1.7415002370681916,1.9285789440398027,2.4100337640420446
11.404606533481394,10.874041076485891,9.948124784699168,9.561646427038253,9.324960170820177,9.985150824325403,9.737905437971188,9.784449043055975,9.169483877363067,8.19987939449469,7.492825533768669,7.419425624629591,4.403421940978545,3.6086781436928304,5.66677938264829,6.547341919894078,5.663738498648695,6.358270959162879,6.343626512545563,6.113075787480298,5.065427468564427,3.6327186445341706,4.653731182507001,4.962526629283541,4.388121353779839,3.6025857754818023,3.663198624492903,2.2605626912739214,1.2263531182391925,2.1493188393100664,0.6792755344262866,0.9073436069051203,2.6070907343254643,3.128096849975137
11.704344661529912,12.161776756120931,10.539723523030032,9.019372176575406,9.30268649428406,9.603209840610297,9.649330423358847,9.356601341747249,8.289829681122518,8.657430100732874,7.622371882812515,8.273191649918532,4.513106894460368,3.3995134323170317,3.545159466850566,3.211910378681755,3.098322372806326,6.646131751682406,6.671903128312945,3.3409070158759535,2.7255111556205343,4.809206166241816,5.055557446495305,4.638445487972893,4.800446917030106,4.514662369923646,2.9132568732648414,2.596401579770417,1.239276597538223,1.152346029395359,1.786557022877694,2.127872511458779,2.267650574936655,2.3143782578543632
11.507821365545928,11.033409949125977,9.925667598455389,9.381480293729746,9.6805540466036,9.381353874271728,9.40870767482115,7.74293730678862,7.705478100602901,7.494473144998718,7.256867191855887,7.956862852247483,3.7137457177391657,3.7324483315853576,3.222946556978805,3.549514286528832,5.071186979295195,4.5292210276884255,1.6804018431350904,3.516883552259229,3.2223998203568334,2.996047815460515,3.0085818782065368,4.863133561546944,2.0093576873759034,2.853543123252851,2.08250011450382,1.6960563277044374,1.4786746368873747,0.936668322181262,1.2588575553624433,1.4101182927041906,2.7995189284025614,3.3741431089191103
11.984801293209086,10.691781466225128,9.85239133425307,9.945819189120558,9.94221328770717,8.600282766582604,8.331690080381236,7.100859773494619,6.945991013407684,5.359455014564925,5.512718018179008,6.175984222783329,3.273082579949442,3.6419134949681715,3.1064012250463615,4.198566998279743,3.8518468068012246,3.7988240579234875,4.440780788219384,3.70595060945091,3.090730985046161,2.3709743210242293,2.6537201760991023,2.857394717594148,2.1404315616988177,2.1088775204269514,2.499176862005008,1.613067429014844,1.1699830895003887,1.3112233835496114,1.13014348826053,0.9209285102013527,1.311980728471842,1.4643504158773766
11.955332796650737,9.481976299103543,10.087571696773049,9.776225888640052,9.882364920269143,8.111104253283168,6.988613787271989,6.295840815855491,6.157940674302431,3.50744975715047,3.8769333848975633,3.6844373340387158,2.4655806486717666,2.438809223150734,1.8546446844307274,2.664208286570034,3.0210709353559086,2.054746633009016,3.364231382935794,2.404370466318421,2.6972768240427105,3.1208039192309163,2.7401029097381393,2.5762347153961005,2.3467565546219977,2.2560303947671048,1.7619671077572892,0.9939463437526214,1.839197728511207,1.4820298738052766,1.0282028272649941,0.6218308105052489,1.0502178908337267,1.113326134188067
10.628977665121822,10.631913679940661,9.71331662507298,9.629587496194056,7.671860431505971,7.385186690670918,4.585441121725286,3.9363223495314315,3.888804049474728,3.7438910679364525,2.4675226652713773,3.8237106657467828,3.0303608250852574,2.8228174455020634,2.6977505146562155,2.981499526028198,1.4261248187404163,2.048863337701556,2.674490980140635,2.4178672736757676,2.309110233391144,1.7872532036898696,2.4546990323524907,1.9953638278737313,2.607540140097892,-0.27663496493519746,-0.14148176395528705,2.1630786762306986,1.935545008811798,1.6622348701499094,1.2069285147238242,1.8700799863240116,0.7017548784439562,1.155153275167755
10.480381117760112,9.530589584779,9.107681983178223,9.71410459068755,6.742179260308219,4.891936356066161,4.345553073107663,3.1637049707503047,3.703879212315112,3.3573607694141843,3.2957804882636648,2.893357749669283,2.6293680220810685,2.988288809670494,1.7319826508504113,2.120927763340486,1.9588048297219194,2.215958342600452,2.7460436057232642,1.9200287051904195,2.0654840449610443,2.079154700585106,2.705011414092513,0.8544738212573783,1.226016799795748,1.2374446062191409,1.0054287828548438,1.137942529569255,2.074464755560267,1.8799221586046584,0.9797960241704462,0.8253174525989492,1.1053958499873329,1.2537038880763791
10.664258907102546,10.504886496195924,10.114336678869194,9.903539006107184,4.7128032933395545,6.505557705037114,3.7783273821855756,3.530434551176307,3.304844187823547,2.7629732488844247,2.765877485958319,3.1498674909215527,2.859263997941463,1.5959883586774313,1.96252294227404,2.294240182599314,2.0631480745295594,2.819445770138535,3.418885431797844,2.41491267323906,3.639980132145655,2.3074942422577314,2.3389258493265785,2.01490600088226,1.8859211687966662,-0.04575052282131964,1.550579006285014,0.901153483742694,1.4731717369031225,1.9132324615001277,0.89033542109206,2.0177331880977856,1.0263317649418788,1.3829593777418951
