script/wind10m.json
{"header": {"parameterCategory": 2, "parameterNumber": 3, "lo1": 3.000054539987559, "la1": 64.9999836372058, "dx": 0.5, "dy": 0.25, "nx": 34, "ny": 52, "refTime": "2025-11-17T05:00:00.000Z"}, "data":
[rows 0 to 23 of 52, columns 0 to 33 of 34]
-12.583711612126733,-13.208485296638452,-13.654183303485281,-11.948398547902263,-13.458387252056838,-13.159339871196451,-13.14192657014922,-13.786420305743247,-8.982509932772535,-12.223246463689014,-11.575147619360305,-12.179322959309742,-9.693892799890824,-8.249506788304378,-8.424490472019285,-6.840188496232499,-4.490430497536249,-3.1929205592847962,-1.6739676150949443,-0.7453477098935909,-5.210621535956202,-2.203686563254128,0.7783575284158449,-5.551196572505059,-1.0914747508749048,0.49549743106037347,-0.9665645539038173,-1.8560538410543306,0.29841464906488946,-0.8220686351685926,-1.3845592565609453,0.43888886988258935,0.21720723617267904,-0.6860686959925086
-13.096840574813655,-14.04731861440825,-13.665821894326472,-13.173226286400043,-13.489361569852976,-13.84296086289964,-13.82343333199665,-14.113889619707882,-14.675672927667735,-12.33568368526754,-11.890450249832918,-8.305469232262896,-10.404263360263904,-9.19396247058903,-8.760087962976344,-5.208544305176437,-5.477195226189291,-1.4033846031622748,0.9082090983973501,-4.189814194450889,-1.244290401011946,-2.892797269628987,-1.7225984286234473,-2.865453424837413,0.4762646751819507,-0.0890436314068823,-0.2955285561944949,-0.20273234409843868,-1.7293804789264169,-1.036620053345905,-1.2337045786050427,-0.5271773242432606,-0.5144869054880304,-0.2790116508413481
-12.607417498693682,-13.313727308355135,-13.506250118141692,-13.593585980151843,-13.48320750208562,-13.999602000592754,-14.03864251472476,-12.87585782136232,-12.571561846597387,-12.309070958828135,-12.353035987845393,-9.263003816366776,-8.763944199243893,-8.462509427981214,-6.732060378921504,-6.39048068739881,0.045547487840903914,-0.49595273917414107,-0.6918296131892339,-1.5549365649336337,-3.6125138701093786,-2.2376345597623146,-1.8934025869137214,-1.3711073767414148,-1.997985514393807,-0.9352474192927609,0.2815642841567311,-1.1118880928005568,-1.2560059584588639,-1.7713162504870104,-0.31230063983808715,0.33218607008669887,-0.507257915155375,-0.42678185505451394
-13.613809262850218,-13.519135085050351,-13.204233899309303,-14.39729374366908,-13.604377917886817,-13.946872353303718,-14.481222261602145,-14.163830209601747,-13.397302849599336,-12.530526884891357,-8.055161396345532,-10.489854778908152,-7.899561986759737,-9.10194312127644,-7.610004147498462,-2.795374018578483,-1.6973413352333009,-2.0566831236762817,-4.60696009792028,0.32387535952639995,-1.4635365084345138,-2.901525872411147,-4.3942244375610695,-0.7325551627498456,0.6140045478451589,-0.4854994812140363,0.32117608210482895,0.1052675463261316,-1.6167527199631198,-0.44209976587485095,-0.5249128153903012,-0.7696225397303506,-1.2306323312232768,-1.7764685160487428
-14.54526039021684,-14.117819846339259,-13.425989476998835,-14.20765921241112,-13.719805581221069,-13.98728609957522,-14.268597302848182,-13.150911430483267,-13.670615068204308,-11.842833578939004,-11.683354817730875,-8.714786424271386,-8.648843970736078,-9.068727585651786,-2.639699133577104,-0.615656343604911,-4.737342568663395,-1.7487768969228226,-3.38270558323025,-5.461240281133593,-6.063808151872152,-4.871175242434295,-0.8698293023613124,-1.4255955904691375,-1.6517603036037742,-0.6419233646261648,-1.7206465930107187,-1.7105408480904893,-1.530404599841152,0.7861468911504141,-1.2971773910576694,-1.989991546195554,-1.6825809339370856,-2.093730305062868
-13.23126473645358,-13.148027328103273,-12.19009611392721,-13.423672805639448,-13.558836439395584,-14.159640440530634,-14.693357585455713,-15.739214292515834,-14.561331578993716,-10.92649829486965,-11.644115983375432,-9.36353754985887,-8.21605389022913,-9.34402245463233,-0.7799425841417895,-2.852773447058994,-2.9170314036313107,0.45750227330763094,-5.127935580847361,-2.8428453504543225,-2.4896834549478815,-3.145006876714285,-2.4211734777796003,-1.1187514934475002,-1.1192453796435082,-1.341322894173356,-0.7331129224014421,0.4952400505424148,-1.5420715299672973,-1.7899631017136037,-1.522400912740267,-1.5884966166419903,-1.1540659185521278,-1.9358248182406241
-12.618568905643881,-13.857591226032792,-13.3233383993378,-12.884048710016584,-13.502635387289187,-14.146656041777806,-15.073362528401015,-15.741538235984873,-12.9844799903699,-10.175401747001475,-10.334248850996907,-4.707431722178223,-2.933280601620755,-4.953781113383234,-2.49102397287307,-5.459952433557615,-2.1781084100912893,-3.6854407000767617,-5.317859953823848,-5.012277499941259,-2.8471787330411478,-0.6951467594882964,-1.4547119969414826,-1.1919909992097377,-1.0808374423728697,-0.9186283607379158,-1.1452588926632095,-0.7028520914347688,-0.8927290467293969,-0.9601368308624413,-0.39895525382737695,-1.4300954268329578,-1.8697754585131754,-5.261097920504002
-12.527406818365765,-13.031179305654016,-13.612004585462213,-12.774644619477138,-13.414711591015367,-14.228240805796647,-15.744096932400378,-16.45404932789346,-12.690207077476074,-10.64272248099621,-4.771197035931605,-0.721831140146717,-1.1162706320858433,-2.9098936186987103,-0.036455036517731756,-1.0580875483671621,-3.1191751357551794,-5.811224862528755,-5.671707837651041,-3.429787734305109,-4.024131392374937,-1.859464761625024,-0.8223766713617245,-0.8818749224532246,-0.7129814010434323,-0.18939180187225924,-1.6211226395232914,-1.6769633064909304,0.1825280699304023,-0.9718474181871813,-1.7950963054878646,-1.5467061678505656,-2.2330153274985087,-8.191407607611362
-13.159003557107283,-12.560160963033525,-11.975643537696017,-13.032960390935605,-13.56720322718223,-14.178873392163226,-14.777652846896805,-11.809136195699674,-9.338521830894088,-3.3248476744077555,-2.4824278155803925,0.7986568150716631,0.9923965675509924,-2.85295634707483,-2.0067718060615225,-1.3976634221330118,-8.11499115809401,-5.506269568585453,-4.042433240559421,-6.295102734219576,-9.360121204703637,-4.486577780153044,-1.1393207064410822,0.027411114774238795,0.2630875902079802,-0.8572504809531812,-0.7758683575218268,-0.34675465359345636,-0.5771343161801024,-0.44201050704091177,-1.8061253943587054,-3.4613539356759926,-6.650882191162795,-7.512276581652996
-12.791331004414396,-12.356977814813845,-12.170255321589114,-13.257586619530901,-13.699854973404488,-14.034141211946853,-14.917726079233075,-11.912380532039487,-4.224907772699008,3.089430699379141,-0.23953653191268748,-0.09473016587009772,-2.5893796832648865,-5.539383031241969,-4.48875139616011,-6.518297964987378,-5.907718500519668,-7.777976260006339,-9.226120993720231,-7.376004939429069,-5.531458397966754,0.01581719578333024,0.5589561324391688,0.5814367237845469,0.10637469218469424,-0.5144625246018912,-0.27456195457859106,-1.9668992823074076,-1.702028940924985,-1.2779194261195796,-2.606729092899872,-6.632397427960587,-7.65471955441038,-8.08872153786884
-12.66704649689507,-12.090189876064331,-13.293426493648044,-13.571444742520045,-13.958075469075627,-14.425207883640411,-10.842463281184973,-1.630435619970836,-7.861865438826907,-1.8187480653781753,-5.552408702124521,-6.414933441215014,-0.6053972717090825,-6.225627913001288,-9.595284660113553,-6.174824310587268,-5.928105272952925,-4.5495526627813705,-9.888283120376615,-2.9042261511823124,-2.2271843593519747,0.18928159450583695,-1.1635507170453454,0.08881963577564936,-0.35220005659935394,0.37561196468311353,-0.07314179926619009,-1.8942240958815704,-0.8105396236482942,-1.4934485134577369,-6.776370860583998,-7.1875063512581745,-8.938746123367302,-9.297079557764182
-12.30466495671006,-12.781413935302949,-13.42846729011847,-13.879715026897767,-14.6531609770686,-10.410182131178244,-10.157867366599808,-3.639824341303923,-1.1611386105538766,-4.859045140535018,-2.2546933984960758,-12.062683626693126,-10.752395201095592,-9.840054544286499,-9.488579317787769,-5.450285871356825,-6.400695834955925,-9.83883645514417,-8.04253350372915,-4.17096903560719,-1.5094317314155339,-1.2933361433599246,-0.010966952978680262,0.07554642944174471,0.5095955577534355,-1.2163448295914265,-1.1318729938865577,-1.5905316033160826,-1.3648590978117932,-2.821675320895381,-6.908659132092815,-7.677622362834985,-9.045934197551988,-8.51127854082395
-12.565188307722947,-13.172567345905705,-13.419273968825978,-14.497477175025368,-11.054337093974928,-6.323217498728056,-6.490217463403046,-3.020543002182168,-5.1269695453825435,-4.774272446768934,-12.672635067159177,-10.307370876636174,-6.342317654882027,-7.939036828947463,-6.876030850177682,-5.7884808927335465,-7.611754082673831,-5.22516587053911,-6.052920204207634,-3.868573380492615,-1.4332872651681825,-1.7146009828965538,-0.4772305573034359,0.9829493166875138,-0.36239108401269,-1.390630310416749,-0.6590724919600159,-2.0380167406358267,0.04736981664551719,-6.900252516532785,-7.484701497090016,-8.11964128905505,-8.780704496277856,-11.604220660110927
-12.876771705209585,-13.469245030949512,-14.122290900811354,-14.94522925762328,-9.44154429040678,-12.994525987052567,-7.972631585351573,-0.3762192323609202,-0.522481969210724,-8.770160397352862,-8.767745121082626,-4.013696336033064,-3.2598712116238007,0.23156292511081045,-9.879009572938722,-4.25854385045283,-6.7088409081140705,-2.176502437089862,-4.0642230913552515,-2.5787093405715886,-0.5639641338070068,0.8607983005058667,-0.013567142847650464,0.8412582113115061,-0.8354394217477689,-1.0216387543516576,-0.4172741394641503,0.589869040783328,-0.859494833503048,-6.1848410578391535,-7.6861445385272855,-7.466948320461184,-8.353684562439524,-9.731343263148322
-13.052962235450288,-13.856066490902252,-14.994443051210881,-15.719569263489932,-13.74895264177324,-1.639152286575628,0.8656790947581732,-1.9541332436077876,-3.928562455659264,-3.8073374226125156,-2.212663367827519,-9.54487971147209,-9.154701687913205,-1.9530384829463274,-3.2823274213885276,-5.609455312587728,-3.9536254091178806,-2.772291759511461,-3.049229062861515,-2.2490426368625327,0.8070742682618897,0.3937404564444043,-1.304085474164048,0.3894088213204745,-0.5958204541761855,-1.9696005677792217,-1.106455083963028,-0.8983674549999766,-1.3165750128081748,-7.027526923503192,-7.969795118843869,-7.681479991677551,-8.460552728975115,-8.112060599812361
-13.572875877939273,-14.626934173772666,-15.379110360981704,-15.982429111687038,-1.8378331785665647,1.0278331244899819,-3.393218365876551,1.1866368404717964,0.5677653459477826,-0.6116389422569272,0.9725993897277375,-3.495650462810887,-2.1681046359809257,-5.676182232153115,-1.7783212097845174,-3.9769931488866415,-6.291399900260582,0.17820301010327308,-0.9146916984243098,0.297488827080974,-0.06248150090000723,-0.0598912097794074,-0.7455748289976154,-0.7620943968595998,0.45908986901456084,-0.7262020663180656,-0.13863097893752455,-0.22206770156567043,-0.5195823761608442,-6.4864921449166255,-7.567868029861874,-7.419761610828657,-7.547554198767487,-7.400438104417293
-14.156235822265758,-14.974340911308227,-15.870000196450013,-16.77049956566072,-4.161368194546038,-1.224304649248887,-5.4996846461715405,-1.9677640617160295,-0.3876933059218783,-1.9833408705630169,-2.630505599104013,-5.523424143705217,-2.1589090685675107,-2.2548236970889257,-2.623741390881754,0.014367561984084867,-0.29757760963003926,0.5081229208132975,0.114647012250118,0.8981252742530037,-0.0026304748795617458,-0.21352551916348844,-0.14906236877165027,-0.8883387833426203,-0.022035145052101173,-0.79010216276228,-1.695419431192285,-0.8829211764778001,-1.8976302566352459,-6.349459686173117,-7.000118660249694,-7.476566238696398,-7.357040411948543,-6.277977067648114
-14.441534510517494,-15.346069040757676,-16.338913277145302,-17.28956953670407,-2.4218951903403716,-2.541975978770637,-2.316408245819228,0.2638475659337307,-4.474321033831904,-4.526596099826129,-3.7269022665170635,-5.483040243529734,1.1266859503328295,-2.7561791585245135,-1.10334226567156,-0.06549119700841874,0.871975357364128,0.9045002958058792,-1.079230285788339,-0.8285051464680203,-1.1170824888368744,-0.4475548220408935,0.2644807240132731,-1.0955453974775209,-0.03870388428076615,-1.6139829418277822,-0.035015790528523535,-1.477206436767991,-1.219524728684885,-6.267693429534559,-6.340806779993726,-6.221126771448137,-5.13063865436305,-4.809531455533858
-14.86250814353628,-15.41511197424293,-16.215080948120796,-17.008982515493997,-2.8209226187855587,0.08630097351129366,-6.937672896399134,-1.8443532537344658,-2.4039262090726403,-7.369987851758457,-5.9736097870060805,-3.488675156957254,-0.10608870529841152,-1.3770523868221618,-2.652972112014636,0.27780586452866063,-2.424116848760162,-0.9736295355319701,-0.12019537288894463,0.1793470358254551,-1.365057966082897,-1.509096387554174,0.18083775824493353,-0.41579932560954086,0.2461646779294005,-1.409529217184554,-1.5982528786625667,-0.09423052216358858,-0.4215151272126722,-0.5447976364168177,1.0506508656600684,-5.353801462742773,-5.866898135328405,-6.104345228482934
-14.982103668640969,-15.763472809280591,-16.485368121070593,-17.012667534851506,-5.414944348401353,-0.9610506390132403,0.31276705078585887,-1.3207179461025162,-1.7879061553763615,-4.4246659974269456,-2.732513266567249,-3.1775128496307254,-0.5656587525999263,-6.162047653170694,-0.5715360994707717,-0.3290675557377296,-1.7220598447085416,-0.07597668140279246,0.46900136681647886,0.23811202926095318,0.10336333378417116,-1.0153969040305146,-2.649368804377198,0.015481993424497126,0.169852197364284,-1.1191235163181985,0.18727663422675325,-1.3719023908410901,-0.3941393254118492,-0.8723070988296335,-0.727189545394926,-0.3464672175303198,-6.1501242201425725,-2.8261464133595338
-15.465594911866752,-15.632410292256758,-16.13036207686018,-16.23262934444973,-7.622504222146768,-1.3039508897636645,-0.4497027773899332,-2.277659896101474,-6.964005583163409,-5.400669153272486,-4.570258616384646,-3.244810319587644,-2.155150939790834,-1.3517936905943835,0.8044609034409838,-1.0390826522396999,-1.1139031561660397,0.24665593482959156,-1.4492558550518855,-1.1585651687152403,-1.0393873722355553,0.2661663741505329,-2.0704475592070386,-1.5163026664735568,-1.379177489771034,-0.6719163438851153,-0.4804255000080134,-1.0131179966962163,-0.31663500745186274,-1.0563396857032166,-0.9793540723608442,-0.7751681591512564,-4.825802177338307,-6.46460507643688
-15.298636914117681,-15.6737412505931,-16.175924359868972,-17.336207505117464,-8.151585718122394,-0.2161445098627759,-1.823194589046652,-3.0909205228098062,-6.1112148405694136,-1.6801368523240336,-7.219366517444925,-3.6325034208941838,-2.3649823002064836,-2.0197213357372816,1.5465837907164286,0.12774306639813954,-1.3218918710698992,-0.19555558039804447,-1.6750467230847312,-0.5319420007124657,-3.009963423303284,-2.0987852838679015,-2.2607859751907244,-1.2515345781215421,-1.417389436853968,-1.9568397264996542,-1.5734628687488446,-2.0753284357948876,-1.90099530373785,-2.5400150302260593,-1.1342310111578087,-1.5604377330385086,-0.800013119047846,-6.299324187403962
-15.395776100708552,-15.799383038608138,-16.635336845884737,-12.457579133989725,-10.220900685205144,-2.1694040712983296,-3.355302291278696,-1.8157501714449342,-3.831281384618933,-6.97326492598461,-0.29130197235629446,-3.235583719399899,-3.299753123044139,-0.6037383184051477,-2.6251874997244724,-2.4886260970290506,-1.1407946147444388,-1.3691732363026312,-2.0115051026450925,-4.1508544330898784,-1.4895746127562715,-1.1169575021229365,-1.7651793760831473,-1.3918656398527307,-0.07858800157461227,-1.1576180509277445,-2.2518933544640882,-3.2662497605752567,-1.9327246734315089,-2.079388024299065,-1.53256528108462,-2.533740417642336,-6.629342383705658,-6.647527690441408
-15.324037808494904,-16.04559094731973,-15.423513397690826,-10.935138454142791,-10.584458952284061,-5.52176495543171,-1.6448875055044156,-1.7649526744345008,-5.188949202102892,-0.875966154330222,-1.3948608421987738,-1.2571047438522607,-0.34846027667568147,-1.31989088655555,-1.4010816825567862,-3.6932549055920916,-2.6288937139606054,-2.119260159647168,-1.3783452000384842,-1.2769355417223136,-1.044239083162035,-2.3713096767823174,-1.9710245648982458,-1.4691759919408605,-2.09475015173927,-1.0830937015583946,-3.732983887039059,-1.039632428214861,-0.9205957900187235,-1.302507978869833,-1.2691800303127128,-1.829274396628189,-5.714287904969278,-6.364657935446144
