script/wind10m.json
{"header": {"parameterCategory": 2, "parameterNumber": 2, "lo1": 3.000054539987559, "la1": 64.9999836372058, "dx": 0.5, "dy": 0.25, "nx": 34, "ny": 52, "refTime": "2025-01-13T12:00:00.000Z"}, "data":
[rows 0 to 24 of 52, columns 0 to 33 of 34]
20.41728753862822,20.680629846087946,20.67712532339798,20.747547119601332,21.459489752279172,22.19899386420545,22.083457232874018,20.02476189219159,22.89494941230491,22.136102535631824,22.343294098213136,20.95108308798056,20.38578954736532,21.181977782486733,19.97875998393078,16.662212438071563,14.72850659952368,12.950969702583388,6.058382288683558,10.304690727075295,3.888813065013562,3.72742460206703,2.602443295330419,6.796645001364633,9.150446659618806,2.571460562500151,0.061311854024163115,0.3572149253158337,1.9837250758193206,3.081704584229099,-0.9651558646920853,-0.026516116192574497,0.7326554303588256,2.4458334549980183
19.333731358081327,19.287447755436908,19.282296294187077,20.137627022075673,21.097347412831166,20.685619601016594,20.50009001043417,22.00334476878947,21.51585751283281,21.436363067671206,20.496524666519345,20.367806256580295,21.133040115772108,20.94391389784159,19.6909505140247,17.5029325207902,16.785258084580608,10.839569774318853,9.576071346528215,9.854721779207997,3.2464862970855264,6.593593800375796,0.663761016182591,8.919034278457694,2.528609836164267,-1.517416725081044,-0.47328974549703673,0.2967975650402558,-0.059301879857920126,6.014467695693014,0.16786046241694108,0.17116720116350356,0.1421577930396296,2.5757254077410434
17.756745767865073,18.91256512797201,19.857205978644128,20.617914790311964,19.86495752813695,19.94159435561531,20.159314428736486,20.693170323334883,19.967900663611193,20.323131106614028,20.483046853705364,20.83315168101178,20.539981257801585,21.032604796316424,18.765491017830417,16.609647412238704,12.915921397004274,5.7260382882114085,2.7434647967977304,2.524137128445063,7.401164790928773,5.305547315255172,4.088884327684358,6.688444955888126,-0.7804559578577029,-0.7124847957681544,-0.3650628040297528,-1.959984495515212,1.2908830033814278,2.254838229168461,3.4833450093378073,1.9343525085162787,1.0215940601191873,0.8148783958847529
18.828300893985507,19.53175210034125,19.804295355252954,19.55594453832687,18.674052524995425,18.46455420489559,19.645544655718467,19.254481828251127,19.998085011446292,19.9414324379348,20.057694193347583,20.637200103801927,20.33727290342853,21.1588374427139,16.375812209358003,15.116407727454767,10.558558081149888,3.540311822820369,4.568073857652868,-0.14561971369365292,7.786097293652153,9.068284066474922,3.9008690123004044,2.358681211756701,-0.7796075315470964,-1.553440756269359,2.1306922869267892,0.3510719072789348,0.06993789376120182,2.268392314584281,-0.5962720024879933,2.1457805252974564,2.007853101065232,0.410732157306962
18.832078853058064,19.394777879500282,18.764940428692384,17.3068044882524,17.99783687926062,17.940813436535386,17.89975226308409,18.797337044583113,18.47688044344478,19.18800082841138,20.47595691964188,20.08757285280715,19.58433922029578,18.878705055335548,9.156833783965995,10.580033341160428,10.239706587585204,2.2729018276395943,4.641668816192959,12.072154439356407,6.814335730682675,9.85015788257636,-1.554497871349892,1.8798603555785272,-1.0589969718658434,1.0544105806306083,-0.4339519610335997,-1.06901418522336,2.127507451926496,0.9864118447813857,1.7288990757028244,0.9806794309589103,1.4834134743660656,0.961960257167239
18.654707155774332,17.481108845182526,16.794947705943283,16.87237625745727,16.201612673750127,16.70046324753496,16.59944944067089,17.026460671601004,18.239247794929053,19.30146874159555,19.90028365077027,18.317451573783668,18.731990442475098,16.271782418218496,8.019082712786965,6.171517123352871,2.878371557772999,3.3210423383929952,8.622113773040514,5.538543187958187,-0.7555640188106033,3.385212720237723,5.561631184209258,0.23132377130640114,-0.42694898874665826,-0.1733252373988837,1.6055286062688778,-0.9402638016418681,-0.3764952232604217,0.44994414027820373,1.1700772255889313,-1.0212251306751983,-0.6142849825298053,0.6985575371142881
16.557685389549334,16.50998566296912,16.174064472863655,15.375295212442763,15.192541086830776,15.366224398189372,15.713821799750226,16.90610662433481,17.97110392187934,18.292326386051002,15.995617515911002,12.639998778328582,14.725581321888175,8.833146020371425,5.413526367602487,4.504125247636183,-0.617301388319013,3.598058630899184,6.827151951095513,6.688686547243923,7.1695080465023056,-0.08603695811334888,-1.5816335732842322,-0.5056439514206901,1.1038764430535415,0.9869504076323097,3.63718583006868,-0.7403582365239979,0.5474860731704045,1.5549780081066702,0.35187047052615195,0.7194906245507098,0.9054597247314893,2.7250606677430556
15.418817462546615,15.559552741647517,15.135672968653852,13.971263380395676,12.907513091451019,13.926079200231964,15.467653498650073,15.716567915300878,16.138801613096767,15.240816902268945,13.523175422213784,1.688259886308551,6.02442459630237,17.012045240083598,5.155297741891353,2.4674137291017684,-1.0774880639168425,4.127471651899189,5.886364949524792,9.248593230015484,8.090347346263574,3.732999558161168,-1.1942621337709896,0.0432415367478583,1.3824418571473749,1.1607144943986427,1.124653330636044,4.1977930946479765,1.0813566580598988,0.41925593065100053,3.2133146805741,0.034924891855870846,2.3991837237992355,6.108289458123638
14.644454207021324,14.045264551213625,13.596012238976094,12.183661292441435,11.69774843649719,13.214028599716611,14.431937076752794,13.355775258973688,11.310735461167862,5.579155312872916,6.809111983876789,3.7311937494573093,8.519079826721887,10.849599996731833,6.8447678263790666,0.8054940572515499,4.131574716120989,6.674316747501938,2.6526273362413906,9.884851451779141,19.0923539317532,5.188450188517563,5.580736939390456,0.38160806825059224,2.1578486299045707,0.7354764591175249,2.2179096044063438,0.49990955244138585,2.33807413003246,2.168715656631557,-0.4173295085606715,1.7959292096646098,6.5126267773784265,6.78380495222191
13.663619255870131,12.861830870685633,12.310581923577207,11.078478608112043,9.586544330964516,12.201476195231528,12.046633326563667,8.989804027344345,3.81236475102823,3.8344579373644296,3.552866005639907,1.927429712926668,13.140633888003137,11.444315681958507,0.2314084450654299,8.433519488963015,5.124904378878859,1.0116891252589728,0.9985266070379483,1.8793253855635021,8.111670345639485,4.553180125221024,4.919566619698976,0.9525318947288859,1.2430447853539632,0.7352000132639109,3.6861764314921555,3.461258404401077,2.2898632740174327,1.7849545010250427,1.657451512978855,6.644922307836079,6.6434952548175685,8.951544898202002
12.008634732397752,11.860368091436705,10.991349253108382,9.171728843631284,8.377064955568716,9.364191388569365,7.910434164884897,4.206922508229384,7.5445708254786,-0.8063525685939593,13.192938939697623,9.811963368322523,8.294472110032805,16.255492451958656,11.381086957326058,3.026029876168217,2.369058298832764,-0.5529377483849174,1.2514281155420115,0.6043278759105328,6.020509454331305,-0.8552921625894938,8.27451500547826,0.9738198894161025,0.1933157217107158,1.4458291692555199,1.4362762658291284,2.187144536262447,-0.03503448850726389,0.5571275514019676,6.438041630381376,7.586409580434806,7.258150522477811,8.797099646847476
11.334683329854466,10.719127905866477,9.914024078771124,7.537511788244289,6.693926624448316,4.695229413581002,2.3229101626123385,-0.570170490231976,-1.6658567646279696,6.974884462762992,10.05392274908574,12.964120408710368,1.5892354576120573,13.862552042969842,7.629202396847754,-1.5039389862482964,-2.3783066285499834,-2.2407307671212524,0.7560967342806585,4.7013711325370915,4.867779211948741,5.019149463018115,-0.7531907855169546,3.8722260212280637,2.4695405179854766,-1.5079145160190301,-0.6738516829167568,4.0357132765878685,3.501639614478979,1.06963692392802,6.887137504533917,6.515685023160759,8.355486470738963,9.300365550774075
10.577369423819073,10.02842535537453,9.017170880789262,5.403646312345827,3.554215491684988,2.6251961688176135,1.387133906716132,2.0729185879952188,2.220027600162607,9.6415037711273,3.375243231600719,14.262523129193225,-2.1847281077556,6.69687516700456,-1.2222367475804714,-0.48889064278081884,-3.0207298232171294,4.819022662955748,3.1796218461377257,-0.017764722299762403,-1.9929169222150909,1.7389232757729327,4.430980700270842,0.4780442035819492,3.541803301393873,-0.6672148748036292,-0.5786536541224307,0.9217246817567564,3.433576489744388,6.091484053335064,7.2299917945158185,8.650395737907338,10.204632088760114,9.693671750167422
9.963799980639754,9.426733955356351,8.497828159843591,4.3630944350973415,2.3708299376100315,2.728533544667631,11.797779842571147,-0.9688272948368326,3.4873453939457235,6.606820145264705,12.85661616076787,14.30071486505778,-0.18250486347394226,0.22712663812489184,3.2467916107296744,3.8734008058407254,-0.8548502350448725,2.6340089195507983,-3.012565497583105,3.835321525466355,0.3280345658324692,4.026114920439311,6.995918505423567,4.637708435989591,1.190702769947006,3.6069482118923304,3.560608785843873,4.513083433452721,2.619398762998363,4.705164734073335,8.926421278390865,9.016650666236485,9.90168205260233,9.777704249639738
9.828372831904046,8.765237647290464,8.166850786228023,3.9787287816268133,2.0691145440862404,0.5698275194850777,1.5991214652883075,10.210431484506524,4.713666827876983,7.795144963320891,8.637105722808016,19.203134965197943,-2.287234093774231,5.368494817581038,4.000790562864275,7.0291945399273175,1.0512245047640187,-1.478451750126471,1.5323272145151063,-2.5936292216516112,-3.017731916082986,-1.046338782529812,0.8891719798031206,5.131580674260705,1.459203151156138,2.850246989445624,2.1113735585340923,4.5183668884656365,3.595263817043729,7.276469753784953,8.603708465206799,9.395853087451933,10.404696665557438,10.632223894252563
9.42620091952899,8.95885075191991,7.994587340085244,3.9279960116473145,0.22795635397944675,0.8142307187839599,4.4279641945928585,-1.7240379748470633,4.164974606899846,6.673145235439775,9.354950063102892,14.163437792643954,5.241646975437232,4.98579939456677,-1.1804037480374077,2.95816549263649,9.318613029830539,-1.3527496368624305,1.1342334879812104,1.195873274445,7.735517130925048,0.3095180414293057,-1.1185586629413153,4.1014211475519256,1.1708237987049939,2.713052447078171,6.0348295517645605,3.3190541393438053,2.0797513566688757,6.552023909758366,9.139008501336605,10.120363833048474,11.024254113881856,11.496558401245537
9.63080281489127,8.81970470561712,8.0327304614349,4.073910803944209,-1.6870366826914822,-0.3363358947310246,3.8748521440434107,-0.7385880083680574,-1.6108211551176892,8.770029105923665,17.1852592432681,16.66062623707959,5.483421628167167,-0.5764495662852067,1.3091395818904052,0.3503214311557194,-0.024843017448926363,-0.17805102634663442,-1.7143956196708314,1.502689919920591,3.793095142307771,8.253059264802111,1.936996319319903,0.7757745836414742,1.6032280355245743,3.0359850294177537,5.079250453822498,5.309308205792567,3.733828380660388,7.275074593551232,8.85986850982098,10.425725464335533,11.271341241854,10.994746151453477
9.3348663508789,8.610116803923889,7.789335655886479,5.051917921391821,0.24048427522596524,0.6261404212268376,2.612582457003522,-0.9646009633956196,13.337715977723029,12.478218851620394,9.228146503051587,5.727700244056867,1.0578203630643126,3.80999467228232,-0.5390919625173984,1.6734515578583125,-0.7648321929571943,0.5613961289071309,1.0308765128554727,2.2447050761493985,2.4475145130672558,2.469168659151267,3.064906313787787,5.610269331984059,1.9815283772439214,2.874529054527553,2.363227075442643,3.2878160147980733,3.5975386896147006,6.460363765719864,9.004269251938025,9.147881158464221,10.20917509969628,10.045655490686498
9.469019273108268,8.518855197300573,7.31385945480516,5.6500650254452385,-0.010675074689091688,-1.5434136783059533,6.9567708755012045,6.342521316666815,2.8499034354422363,16.79746959618422,8.237428472493797,7.553283290182463,5.493745755506372,-1.328067506915304,1.1557689434808576,1.4606013281714516,-1.551669916339284,1.7371530631759986,0.6952575172517651,2.299773274141448,1.2151697033554776,4.814703082077796,2.699394843189408,3.585710263996161,3.424075589982,3.076401477324185,3.7646738695668076,3.693887305326629,1.6766332615671153,3.1556313023492764,5.292886488850824,8.523009150522595,8.954686931979134,9.240016110787257
9.609479746863839,8.625765980530103,7.164867719367371,5.900331040900624,0.44507915238697177,-0.7602197976044659,0.749981994044347,10.2130729195421,16.403457807253993,11.624510462537751,14.619195591573089,15.189207344243387,-1.180554056051259,12.319717291866997,-2.5555633289939257,0.5596489672917314,1.3758116077095452,1.802257481584335,3.205289989200557,2.863740470674355,1.872989361241275,0.8253007974348806,4.040095328424178,4.592140172764621,3.682523016943468,3.204869353180973,3.9199003300295163,3.10942755601203,2.0338917540497885,2.78711900967644,3.355804466378187,3.7563713223360065,9.506840264557496,4.316090911233108
9.205258426581358,8.210079410273131,7.68840581878117,6.0957363010283085,0.22656978667558325,-2.226647221194294,-2.080240515184219,2.4435552681274455,9.421920710211287,9.279039928064638,7.161451532507632,6.847220044094481,5.670456551544609,-2.7000147970946973,3.38329560135664,1.1380655816138778,1.8556876923447219,1.5769037683300038,3.6608327944974706,3.3673176605630095,3.8359829001128922,2.0872293311168146,3.4861039732162715,3.741076486232639,3.922091481201239,4.619437333454407,3.7806469190841865,3.046933717495829,2.528077398705874,4.033135781828826,4.281144634108692,3.9080917425371995,8.329351542652878,8.994402922120727
9.190647896006618,8.169879351934012,7.589018727343232,7.121976864809599,2.1929644720282613,0.03386574383909831,-0.6149774461096946,1.8870294298951527,11.652088696668622,3.4642868768913995,8.302745901125247,10.231126385348462,-1.6200344803615756,3.972007672530468,-2.650170232655266,-0.2039818573832063,3.0626746481585188,3.0273019343607688,4.916357757265156,3.8737630440275925,4.565127305121236,1.6792756622827756,3.1342733774843756,3.46648771472049,3.720124205435838,4.285975718838864,2.627073200431038,4.2542295962271925,5.507595084612973,5.103497555136949,4.3873689840511805,5.117997482868084,4.571017898386643,9.292805689761078
9.04313907586745,8.24761976800031,8.163353930084943,7.582071840838528,5.040470841893643,-1.8214657961731535,-0.8045518583808212,5.20930448293567,10.461847309738191,8.558738578934875,3.159737769805642,2.9304019208071144,4.1676440394573415,3.329330148100871,2.579466509796166,2.549048548836446,3.9798442842670574,4.575096059502076,4.933108095160594,6.455427452499246,4.0126696762998355,3.770080203025604,2.554517428836821,3.4752964049888035,4.980166806894178,3.639178038875725,5.097006322427958,6.833060416371929,4.936027958770694,3.9509086525435517,3.760386539628802,5.714048190205626,9.596912248510534,9.580286207262654
9.309439427810355,8.89720996914359,8.69838506860459,8.356407917094142,6.058028842261437,1.7996597250123345,0.973292330854162,2.960645746483586,6.981985343877367,1.5593705497640928,-0.09839262699537182,-2.1456380747343595,-1.0946644140749695,1.128286340626921,1.7347541975824752,4.854564254118289,5.050511413233491,5.521882989114201,4.531880368550482,5.48512287922853,4.595951210430795,4.440099333618588,6.119219492957312,4.009883311285419,7.770982338169445,5.226446917152614,5.928179516268732,4.301783501425782,3.4832824913761304,3.559422107292186,5.194625983391368,3.6604001318094306,10.023176451311738,11.809734641171742
10.31720416968005,9.519846570202887,9.056484377589332,8.76782092138958,7.783549733653024,2.130988304333656,-1.2092732465725187,3.454043757642918,8.457413313837632,3.770498282647887,2.7847945727093597,-2.020989207247213,1.5422958477321818,1.355957074044592,5.513407461148201,9.875564598048124,9.275464632946095,4.942191286538848,5.645521155069764,5.214341483962106,7.633214867318271,8.832853101759813,4.085390230803813,5.231807446354784,4.979514911927259,4.648052129185901,4.666171701068205,3.5826498821640334,3.0053217268977472,4.7222937525562205,4.50989786326324,9.608399331489725,13.447896810450235,13.096965893986814
