script/wind450m.json
{"header": {"parameterCategory": 2, "parameterNumber": 2, "lo1": 3.000054539987559, "la1": 64.9999836372058, "dx": 0.5, "dy": 0.25, "nx": 34, "ny": 52, "refTime": "2026-02-09T09:00:00.000Z"}, "data":
[rows 0 to 23 of 52, columns 0 to 33 of 34]
6.0981874433628445,6.734555209086291,6.481339728491204,7.472996663566387,8.619681121641708,8.419190452286921,8.279777081148152,8.375955485962798,7.750318597142529,9.459267426681482,10.155329067872685,10.213770809075701,9.865298521332726,7.53889351885028,3.955846525644128,3.052303336971331,4.38991918444763,6.78446706723851,8.463859350700693,4.877022597852698,4.457676588254115,3.0257088123455262,4.548657282905217,3.8935005484452523,2.286069100186695,-0.9962333521652422,-1.2776534681834644,-0.21702245570511386,-1.140315462170355,-1.2019870715737195,-0.8097430135445569,0.07416528322813809,0.07613393866162972,0.6280633388909547
4.718962929751102,5.481702413935844,7.345151065023198,8.308150297798068,8.405710832560622,9.096628313504343,9.977976841141281,11.092949381044974,11.865078278648134,11.254423120955437,10.245731951869535,10.575970710107844,10.273049622901679,8.929311879065352,7.672946563871555,5.00800565878466,6.130635814389588,8.848139147531937,8.950621651463853,8.162171796739107,5.708586691540481,4.484037419584787,3.7597229058896393,4.346439004610264,1.984837861401782,0.32454514256428335,-0.8031492642657695,-1.1174605918616245,-0.6723967545219715,-0.6630819005286973,-0.5883514565514378,-1.2862879237429898,-1.397920361693226,0.3128645547176113
3.895500716780541,5.298670453639068,6.037037116616982,6.492545802110497,7.329132382869776,7.349799830477077,7.005095570625815,7.861384265328147,8.617871981066738,9.047628629304114,10.008385608812766,10.16340881538003,9.953946097953228,9.70332730251161,10.128432392107927,11.023484097460653,12.847980521999697,12.19719006396121,4.612178869613561,5.63179632463274,7.536496791414686,5.80510327790502,6.007444505609428,3.8178281333985336,2.4110140648500353,0.9078928776117909,-0.5540857600387918,-0.74986424502861,-0.06976178451050404,0.5342167955624879,0.15331326728151992,-0.37708184540813433,-0.7970150157456196,-0.6792826596083537
3.291558125631811,3.7613086043211683,4.437208007336557,4.966987317260839,5.212580725380806,6.121543156144695,6.918469166604798,5.71208488466602,8.038135105958826,8.906475435063976,8.39231742358354,9.03853006040563,9.012479716227633,8.991915951462868,8.360035752844881,10.039057167993501,10.352048607661281,11.082078202814527,9.790343930437913,6.656112428911042,7.233713615970517,4.965030806631465,5.942152358966668,5.101062550650191,3.7376194516500005,1.26469363257325,0.17231794032696507,-0.2553075616553146,0.6342823363421228,0.6720613006759698,0.12786595473120585,-0.11846392328474764,0.05642296437136096,-0.44439845901038405
2.6096396395328205,2.848008560015968,3.3932911253314906,3.7432837919510416,3.9728984156430127,4.500737185808076,5.00635082248235,5.889573027712244,5.441591890049037,5.871513287560746,7.4760749456407165,9.66420284543337,8.021491497696571,8.031138590851741,6.993692561289227,7.491345665406055,9.376001512723457,4.982578503093536,7.561884010555988,7.3895848966201285,6.18829410018846,5.660907732040262,5.749199891569804,4.041250353023255,3.0302810337767068,1.685252423018944,0.3579953726723685,0.08445362580160767,1.2078419890943315,1.3772572291074452,2.0441179233823457,1.900121628347199,0.05796785099131637,-0.4564091900138473
1.6503858824138948,1.6514407617165898,2.3665884815844205,2.9476504920360687,2.8467114535180738,3.034154327528383,3.7008621567859183,3.9915619443931263,3.4927206331775045,4.522740226741414,4.595777252530674,5.351218763555487,7.535219713623083,7.9064026155998395,7.6815111087917085,10.621743595336754,6.969899258942152,5.295665748723088,7.346789859076241,7.530542175308972,6.951273818990131,5.621055188763571,2.7343926803501684,4.5699103921121935,1.9702288894621622,2.0819889447344777,1.5543165468930353,1.121540135604904,1.2258937716355132,2.196013584786046,1.9644649466976314,0.9672182318859014,0.7901713634541815,-0.4078421045841689
-0.2424408380666242,0.6553752186017183,1.817270072613252,2.577707885807107,2.197003058275863,2.045804271414299,2.0830535312301253,2.814997197505011,3.071148151831064,1.7972132186792915,2.3321940934477627,2.0825380610719306,3.541261031371235,6.357865144765334,6.710611348616712,4.814785324391127,4.6678289253563126,6.56210494450544,7.459769549478976,7.125415925455945,6.622794739909315,5.9010732685753675,5.293168018612216,2.7702319600030725,2.885367624318947,2.1651491621476753,2.7030495624852557,2.314546953805451,1.3116214161573554,2.5260332550253985,0.759657611027549,0.8228764606245428,1.208128511390592,-0.5968331172897618
-1.8414976728782624,-0.04991944442356519,1.4051129905696755,2.1027012229291837,2.2896426259993485,0.926066973913391,0.007343044737118038,-0.42567892025922055,0.9883740985154505,1.7277974687688156,0.2219281280710665,0.7938275710875041,1.255898121617622,2.7732202966862203,3.130250463461316,3.7365128118007154,1.0822231760955037,5.279432027082958,4.252735540908044,5.559232552829904,5.296154875257141,5.612426546878353,6.38967014867744,6.164607036421811,5.822191581715923,3.572336253811381,2.945836162600632,3.004529709093052,2.2984524894162197,1.3244940806706615,1.9851708717369663,-0.2438590169270335,-0.4485520749967237,1.850582692049327
-1.6699603471409243,-0.6265619645630155,0.40182399601670526,1.353519759240662,2.2611221566450728,2.481454023790516,1.818014372369049,0.8057264629621202,-0.9106759912298109,-1.7386073187676816,-1.541298145666937,-1.1224756424044637,-0.5846101337299693,0.48595621202384776,1.4300263346239868,2.1152901496038057,1.8879229594200602,1.7507421185736105,1.7310113439789312,1.0280511041066218,0.9809485932169485,0.9678316282116299,2.3787870020405983,4.6331616073602255,4.113569428056805,4.215142189074379,3.9161301427028863,3.8533159615766093,3.045417243371776,1.3935309846613992,1.700892887210301,-0.6997442821603068,0.17574372473326424,2.782004930280517
-1.4237404766988975,-0.5794733708772618,0.14900930038685778,0.5715119335358092,1.7273345601522352,2.9542439047831857,3.0404571266177403,2.995005826625498,-0.6846930998255918,-1.0569045048908794,-0.6846169518774763,-1.4084803966113444,-0.7466265737871248,-0.05620740177066396,0.9609287914006881,0.7933630341640006,0.7364830997556325,0.5475444472157999,0.18694203048863658,0.15408352526840283,0.43868533895585554,1.6740005562927824,1.270076249070027,2.317500393252299,2.5786227809758753,3.181180398552567,3.7226259946269833,3.0125332788212558,3.9274440753861932,1.3995969221941436,-0.06483621695096471,1.9352817080876792,1.4674155901409243,2.5192163164448185
-1.7266859918853288,-0.46087490645510293,0.7719854651824689,1.6609018068362804,2.6820139137363728,3.01715085401599,3.2877984190847456,2.438981619777858,-3.1208233619178274,-0.4446991797910434,-2.102783067636844,-2.0925469067457394,-0.7532878285371115,-0.22114723258201033,-0.2644220567730164,0.1636825247935901,0.3716529537061508,0.517328824556831,-0.17352302021245064,0.34030339756964145,1.4095059284971798,-0.26653080616511193,-0.10988700261196627,0.4740938319510034,2.213575596018062,2.590338084349148,2.309250795958088,3.316318273671126,2.64854607888837,1.0158877545413427,-0.3341950444753869,1.8985971506175707,1.7473704495308182,2.819748011351994
-1.842205634539428,-1.2680950750319646,0.12953561264566654,0.8769493124581221,2.0176210531280847,0.7801435039736783,-0.9728827765993563,-0.3222044163976268,0.9152130169956746,-2.448909950581006,-2.018995949122486,-2.161035535246612,-2.1845379369384785,-1.6716433003797868,-1.2185683199062878,-0.3715400867546902,-1.1666569845827326,-1.8978653885985646,-1.036431105304847,-0.3748624384658992,0.37141753539577,-0.27875463382394994,0.4902901378847517,-0.31757383183455207,0.4637859002125631,1.0744080381884613,0.8628292417401752,0.8316265712886338,0.7847245035337146,0.9888924734955677,1.474430565993137,2.157614792552364,3.051169552091648,2.7243457851881643
-2.0787569458733013,-1.9140183627807088,-0.8389914101539043,-0.2006002486930021,1.3252432721212415,0.4382310005308437,-0.17196700686985641,-1.2853636385338165,-2.04043802609298,-3.0727524608281898,-3.251750433468136,-1.8631672251893883,-2.3380846036966543,-3.117386893106076,-0.8261361119684371,-1.4054290015742958,-0.9528465872429408,-0.9848284776419443,-0.8742675316108044,-0.8736050783099327,-1.445996399872889,-0.261610397876129,-0.22816029483561204,-0.22761493543156816,-0.07532578549210116,-0.7507414479668878,-0.02985395788405987,-1.0890697630429858,-0.946155056213943,0.9993759309104093,1.703328127812452,1.6897576901484517,2.1168416438989155,4.46597672246207
-2.6016872126026342,-1.6693169294521415,-0.8721298913329508,-0.5453098422741852,1.306965573031005,-1.3849950339167227,-0.761660708802848,0.4000116679899519,-0.802990964908685,-2.201597934118911,-1.9419858169854707,-2.4194667295719676,-0.795699000828788,1.1052434317327167,-0.6115691530721504,-0.8120859946179387,-0.9922111758430815,-0.8088179793773563,-1.541520841587155,-0.7449309415725872,1.043989823256458,-2.2530325256554473,-1.3427889678276135,-1.0756983638436646,-0.4162408784066137,-0.5964177609150302,-0.5975047242803435,0.23461641264514474,0.16939908783435792,1.9008028877591165,2.4169687205667514,3.4051621971387283,4.462880119973165,6.398997460870737
-2.3903965247520906,-2.0043034968471325,-1.2300888447468195,-0.6016613350351567,0.712488020099422,2.9510356692361994,1.3549600875575831,-1.11422869341211,-1.4776257763358203,-2.8250524976165305,-2.8114406391586675,-1.5637361370137093,-0.3942771624640803,-1.243163709012354,-1.5301541764535593,-1.529472518242284,0.35126125109007283,-1.0460086097842751,-0.1941953113192709,-0.08270719126941167,1.5781607661921329,0.887238898135913,-1.8706210333525677,-1.0510683845679227,-0.32852923150791674,0.5228058938006874,1.7801404560001977,2.0157861926014697,0.5699734437528945,2.6313533202221904,4.869004275511295,5.580314921765647,5.8787428633134,7.442436219237803
-3.258161832709242,-2.2715585433840304,-1.8372313588703595,-0.9044689702488842,1.0712310755860648,3.049469229742222,-0.6002161895579344,0.6691818444300044,-1.2434047445178817,-2.2656084387844557,-3.030531133108587,-1.950916283009555,-2.417323686007188,-2.1393873465324584,-0.4717269393185778,-1.6046539274425535,-0.07824292036204461,1.1789272804005801,1.6666688097281483,2.7117321395508633,1.0214796374127644,2.8582012238922934,4.38204575673007,0.3823655784941354,1.995162809986351,1.9457365307178265,2.525378957180946,4.117784535233385,2.289839184902797,3.2998952548671827,5.466489160803123,5.994928395913436,7.234959943480695,9.527562603406606
-4.2945252810311,-3.155425751809043,-2.074397166864992,0.14751950707011005,1.899762149489892,0.860908202450335,-2.911870472386993,-1.3791972325333042,0.4693206161909977,-1.9983218291363003,-1.608429461546893,-1.4468026659343936,-0.732389938451677,0.32645389187020607,0.5903316911043618,1.3357802498192275,2.5263882216242677,3.7198664799893497,3.840470958431066,5.617562661960173,5.202004187730734,2.204657936610437,4.894470195779635,7.280340225164383,5.976882365867788,7.103961986925604,5.664226355646015,4.482786568895825,3.18329854536043,2.951338531049607,5.003657359551452,6.11519950637856,8.547587303546878,10.832631582424684
-4.552347110039626,-3.9928490633403837,-2.977641296752132,-0.24603743177945195,1.1224143437585647,-1.0164749833033213,-1.5723503060363015,-1.678867157733048,-3.187729341736914,-2.8845867906355607,-1.3656290617086526,-2.6694873307769,1.2467642947032958,1.852046509697023,1.8806213632638455,2.7015690284735054,3.626988616064735,4.87436525280902,4.711641246582633,6.06704534930938,5.6136094910745955,8.409075164783138,7.989257854368,6.439444156567465,8.258204577748316,8.009279357956089,10.639748354264881,10.207528664842192,10.377428429269148,9.671079857327314,8.153919480728982,8.831414705253339,10.561042532070067,11.501771489683884
-5.741381542949706,-4.9647123639903015,-3.8542874575674646,-1.5121633319728802,-0.05410256814381391,-0.39535878873590635,-1.9738054199278703,-3.4527523994473395,-5.1758271185392974,-2.4029917377083065,-1.0413967691886004,0.5860400268526027,0.1628970802959382,0.9776756609310866,0.5603084080701972,1.621846630667641,2.585917376152915,3.9610235898408432,5.270628584386504,5.876359864417499,5.77267320548043,6.995183851223673,7.912102587963356,9.255791223161909,10.235258451743155,11.161725622659393,10.900891799693168,12.661209048483162,13.769282903669083,14.301042194514283,14.705487294970583,13.626094496072081,11.594008788180432,11.962010138300668
-6.798493186060314,-5.9882916778578,-4.745280369384277,-3.6418342720767907,-1.5836611067463002,-0.19526004281230766,-1.9786561060909713,-2.0568699949768,-2.601993054308598,-1.960080562342501,-1.882171439143367,-1.4754295191291495,1.4076661598818399,-0.2931017933304275,2.5932201464052533,2.7781411815276105,3.392332855228588,3.709861345096967,4.558249516180896,5.351177346720886,5.4520999271982955,6.224665632878712,8.130102356915774,7.845178114493887,8.513522562290296,9.104544520656166,10.023507452927262,11.04606879755016,11.742940559500775,12.651361297314851,13.494805931782848,14.675319874857612,13.829830278044069,12.923699375324714
-7.893681493287241,-7.686745631538193,-5.420791679992386,-4.847808993710885,-2.26335303343871,-0.7909998162415613,-0.1531969528735255,0.1559981495923755,-3.094060107962737,-1.5332740137682153,-1.7091036667449007,-0.4877910266923085,1.2833037055763197,2.275633477249359,1.4292609002581884,3.0226270843342715,2.425954214608547,2.665820125220439,3.4099679072875855,3.9289904258575548,3.700979894405367,3.899797201807006,6.676336018920423,7.82055477267671,8.467606981231024,8.980545772739076,9.311111862636796,8.715953577043994,10.501703645567252,11.567989663247555,12.389065271442778,13.23057223552023,14.029908328525986,13.411365084641549
-9.135621626910394,-9.153901794194127,-7.481124184724674,-4.991093997366749,-3.2673234993759124,-3.864369902383765,-1.7392958515358663,-1.15442716466505,-1.9611675113737637,-0.6137662436561545,1.2699526662516247,-0.5051710342776202,2.9761305223156107,3.892806741040155,2.1913465904554252,1.0078019321427252,1.9946525694117436,1.1652180319367313,1.5590503517473664,1.3140699744504896,2.3192339886998097,2.8859986610158073,5.794028589841974,6.118079146581346,7.072753248770054,7.9652494906211135,8.632090809568293,8.846470552239573,9.817866652576877,10.603344031602724,11.458845769584753,12.472518976688566,13.060034904131289,13.026995225606115
-8.648871091865695,-10.233759036920372,-9.042739334502208,-6.881825633702999,-6.2300735859589915,-4.043330855719195,-2.8485239539945835,-4.119746572181347,-1.226578538009269,-1.7429566165725103,2.6359636907734676,1.5365657908950776,2.7278144785421157,2.7230503504812855,3.2565569365235563,0.6966008327359028,1.6104636407661168,1.338787860902584,-0.08580417544524307,0.3566911272423352,1.1199417437025097,1.7290669916904182,4.144152875772565,5.592956941637171,5.884346556708942,5.473903954221313,6.423529868810653,7.23393970094634,8.213108905000421,8.573816780881213,10.465321965841898,11.869252815454253,13.07730718763374,13.426792888037147
-9.150588927006051,-10.212459678125398,-10.006117704580987,-9.40290051375679,-6.55470359229326,-3.0784183261139897,-1.7441475084767275,-0.3934346784430903,-1.6312393764715438,-0.6469664342453675,1.2003461578868755,1.7629014947054074,2.6020584490964764,2.251066478859565,1.983090350330059,-0.14222350850428822,-0.4613369922391343,0.3722324440238835,-0.2969589063550739,0.6762050784547567,0.3218858867395898,0.24497193911514195,1.4684724870420687,3.747663991107763,3.313387342103853,4.010833742818816,6.007136091673509,7.3174818351526785,8.66010411515818,9.085021278253166,10.511160378580225,11.916500504000439,12.24317494939289,11.497035535500995
