script/wind10m.json
{"header": {"parameterCategory": 2, "parameterNumber": 2, "lo1": 6.000198445256149, "la1": 58.999992894266676, "dx": 0.5, "dy": 0.25, "nx": 22, "ny": 24, "refTime": "2024-04-10T10:00:00.000Z"}, "data":
[rows 0 to 23 of 24, columns 0 to 21 of 22]
7.304244603542569,12.48013838057554,11.016770580864247,10.313265452399502,7.7068599684974535,6.299518004625935,5.60291499287891,5.820060202331476,6.957326125523543,9.310240652897342,8.258097233262266,4.1988279977101906,4.3921498026553945,4.799938726947571,5.599941170017519,6.744499163237354,4.8663137974574875,3.2524278295640365,2.8766977978827435,3.572315969962513,4.161502272122921,4.216085327712328
6.665557075591257,8.978212003302962,8.287156513384346,6.612603803454403,7.610207510642856,6.176861718503376,5.597992444686028,10.819382016322002,10.701098183044271,11.574275939789274,11.14844480671235,5.188417878425123,5.619337883660761,6.8538425586068845,8.996759190266907,7.6322793324154,4.409739553120763,4.239912611842037,4.021682838280683,4.773013189684757,4.0558218058423465,3.930856376175231
6.653240007172222,5.773142440847893,5.632750652412708,5.199770348442615,6.364854516024504,6.501076986381338,10.340047495616483,10.702364470442161,13.237839367262495,14.140676015586235,13.070432255053886,5.47194006794854,5.611833119478151,10.523430890748578,6.894746558769494,7.019569019589792,4.153596909095467,5.250143150326786,6.606811146734991,5.986964017131323,5.358720494014915,4.207003755641976
11.401692417958964,9.966503640648234,6.089736846028941,5.560334587694145,6.266459866915394,9.82465094278022,11.308841309884,13.595368473079603,14.701828986935167,15.528654924839577,14.516230200086873,7.448993693852495,5.9750480639814745,6.071237856331806,7.432281337879256,6.322627586165982,4.618506200390206,5.038784192355752,4.3313055338358675,4.612935912869619,3.9363539695859107,4.262789099690126
11.319568231955994,11.92544368031446,12.054807845346927,11.402506913082068,12.938323859803802,14.432873406806138,15.264548888446726,16.485298696184994,16.730899823098177,16.6430435065366,15.152412434873046,13.227350547424226,6.561015799406345,5.248336476127352,5.230514000284194,5.58981269816492,4.728119331795331,4.862683420353644,5.194781843920879,4.692089069927177,4.121801502925852,4.37161913467921
10.342408923887525,11.760845689225809,13.231887645243807,13.308785269019385,14.324040214600117,15.32293196834276,16.128738647956816,16.850205542339108,18.098168498682476,16.473231618594824,15.88598809077885,13.555041975179368,8.3592169397348,5.3192102168575826,5.216165333118568,5.115779307149507,4.6260545145558645,4.744693622366737,4.409976584102949,4.572959219120309,4.576148889166253,4.074734614232632
10.982375540862007,12.026733206809721,13.166137251129221,13.42304166907237,13.966442479404927,14.091250136039768,14.994445474566426,16.080896365575466,12.556110274048791,13.215832727813053,14.661877601276089,13.710531048600545,8.028532191618984,5.760469256344354,5.068483984977049,4.572598239727257,4.224556926366356,5.027489862760265,4.848475553732518,4.874406207160791,4.825235814812244,3.9861214067474893
11.636359866056148,12.044436184864113,12.639112392779428,12.703003507164983,13.244616521431638,13.281498325354429,13.856754710562388,14.422084704552734,11.039730489183743,10.331115725077842,11.962782844955848,14.11027349312586,13.397529953668817,5.929831966124643,5.542352034561117,4.86967472594628,4.284775177385821,4.607293687466598,4.747292012672253,4.917333233439606,4.664166690089744,5.861938703645006
10.386088407488025,11.307324589899654,12.351367119107742,12.491115132197937,13.019517999548416,7.80827756121154,11.46520218713501,9.660180661653017,8.762069254196966,13.009230537763878,13.638423308733618,13.666536965663324,12.838519596526636,9.253343895777165,6.325332509869383,4.9279149755092915,5.148803398034679,4.501325852491886,5.591653407159345,5.312227726434687,4.925895885320961,5.689129241851702
10.76137497692573,11.420013516881326,11.41492422951314,11.48574194578418,11.41006788635919,9.78883782729114,8.62677595145606,8.037709137423983,8.477167633796618,12.48342344139944,13.206964977849639,13.746292938085748,13.063898258460751,12.120746846717747,6.4709556217721635,5.752158480747204,5.343068477801045,5.275222983992974,5.115534304438904,5.18680413470592,4.894616234983354,5.870912673461712
10.057456197040805,11.440316004997912,11.885730154420088,10.833799193602193,11.065537091245423,8.252912178229328,7.519572936359102,7.524231099892232,8.85345396216473,9.652454572612443,11.647505611959831,12.341783227188424,11.08461012031913,11.02751394632482,8.606322531283048,5.516495986686364,4.88045249649241,5.0217744419658885,4.917486868094461,4.723971510253319,4.589710095024371,6.38256185997849
10.506173879002667,11.646466454173963,10.966793118651257,10.714756437060739,10.803166976487145,6.297236371598445,7.590239092704835,7.968525541141639,7.117420309243305,9.276174614810538,12.0463207143113,10.882797615099713,11.24152530122737,11.277975067610207,8.318869956705552,6.592875604163322,5.40449448684536,5.186955627231922,4.614116538376796,4.397043928436352,6.291369860339092,9.614769546334806
9.401264065566703,10.391843426121069,10.866677292871069,11.068115779711023,9.881679892643666,7.391693280104785,7.1065353831435765,6.643161219258387,7.8361133981584725,9.520254523177671,10.589877829202665,11.614813014893194,7.835151346960142,7.423482254100814,7.477735285857806,6.166704429229176,5.8606452053386,8.904850818895392,7.955612473145353,8.125551776603247,9.450310028191803,10.271980114059657
9.111338191126503,9.95983861802692,10.568933279734065,10.749938833139748,10.799023017541467,8.000734256905053,6.816986923363112,6.6766695353350185,7.19861075567823,10.017980163737878,10.402618713221365,9.056037104236204,8.892730564745468,7.235754002982204,7.976347335581201,7.509030802119697,6.922639942831197,8.379846269548878,9.561018719231175,10.492339481031378,11.039753408412771,10.661780274943705
8.512896424244849,9.279398773601248,10.306636499670853,10.388449304397671,9.523278874227337,7.6916593209008,7.007651444973119,6.79385868481417,6.709769691071254,8.373615308978437,10.536291884744884,8.084522306890392,7.4815130789008215,9.281550303069638,7.687383842695878,7.620128584870696,8.082365333288587,10.201076880662079,11.166161442484713,11.345208427170236,10.349980766854637,8.942498301501239
8.15990499905428,9.38080727534899,9.683804005336421,10.62567867206537,10.126819753724922,9.646905032747956,7.2883988285078,6.788187461196311,6.834917731624167,7.368503983864147,9.422309366515922,6.555684269221403,7.38218699498472,10.832471337492413,9.84783278146846,10.491440493688264,10.892504482917209,11.879916270648035,13.343175929190597,9.359719601687765,9.032732756820394,10.379208882996586
7.7480405454041295,8.785628343940813,9.847645729708074,10.165308661727432,9.811680328210107,9.229183975672223,7.0719178617291,7.072586872896879,8.275627764960893,7.54040482337909,10.504551143806966,9.765051875931007,9.432204284738205,9.055239053250462,9.722216061150876,11.384192837521406,11.559319982727915,12.05822464490723,10.158744386470014,8.487260583004218,9.421341080279031,9.522468330295418
7.957738774836357,8.610587848154296,8.904123962450615,9.138448931717145,9.476442364902184,8.469642924999789,6.099307973175779,6.754760607144991,7.558667560498901,7.14075069584953,6.980123800281114,8.161219517599848,8.63635568747991,10.121444873047457,11.159367617461244,12.194577051492352,10.521595242555096,9.53145602820333,8.3612169048065,7.8789935976657235,8.57781342227742,8.651863166706423
7.93212920761904,7.96644517436467,7.74818983819482,8.407153320765609,8.644385985234445,9.659546051928018,7.5719323781559975,6.297285164208659,8.170941148269142,7.975804679420048,8.962560509774224,9.832982007488388,9.433003402821557,10.97978976359035,11.397020105097173,9.888706369898852,8.387912269493476,7.091024378100224,6.911157180712477,6.8756389307282895,7.809777970811264,8.17257453449278
7.6837178540316,7.4994386830474005,7.583509783498213,7.691840404910104,7.65609105320259,8.79205107974024,7.116134249723067,6.7434445355415535,5.407145122648783,6.166028901789376,6.041977879270555,7.891964937510746,9.401558250543687,7.969752540634171,6.515307017821636,8.735065153789634,8.589461386120949,6.888367761612462,6.774288379105141,8.211802126262763,8.258225617128359,5.780403833206578
7.185146229465551,7.283759591007603,7.170586817303898,7.478239266707259,7.8107173920120685,8.711893268834606,7.07649445987338,6.347590491562314,5.359572988278653,5.5115919388321055,7.164355592094167,6.573933364079681,6.917102180465087,7.36184384807532,6.373501928535356,6.495087526267419,8.564924981410723,7.650663054589536,4.845300397732995,5.169981374703722,4.869171754826851,4.304368940375156
7.061585864466049,6.871004374046619,7.054349405398917,6.517217768324888,7.713770144060354,7.798933288335839,5.685459496139022,5.459853714261835,4.67522493230636,5.249522289533476,5.161118780820698,6.769173481645679,5.9236368414240035,6.642195828348449,6.042341383390443,5.71264825198332,5.61770110840771,8.74177903907394,4.05025708132324,4.250676165948286,4.566519371366681,4.032599451735676
6.840835089783993,6.056591845900693,5.592137024909448,3.107782220845228,4.23196929093778,5.122622387013013,4.184497366280734,4.685225561935564,5.638302192224434,5.29530903022881,5.083282344156807,5.50366336837426,5.358167699076425,6.068486422897165,6.2054530445468465,6.147980644390308,5.628084222292688,4.639397012925937,5.211647992320107,3.9176434170241885,3.9041327665961347,3.388312772278553
3.7286614281804917,3.884194032268425,3.928261172713154,3.94012779677341,3.9702371253024724,4.6815306985102865,4.613482105261348,4.197830246321216,4.384949599894555,4.614840781050429,4.102503467232829,4.488243841668765,5.033005177934158,4.387552695273222,5.024019276546341,5.029764871610471,5.703885669178681,5.138923430206342,5.183101791838066,4.562708447801505,3.690817358828335,4.793759620469594
