script/wind10m.json
{"header": {"parameterCategory": 2, "parameterNumber": 2, "lo1": 3.000054539987559, "la1": 64.9999836372058, "dx": 0.5, "dy": 0.25, "nx": 34, "ny": 52, "refTime": "2025-11-03T10:00:00.000Z"}, "data":
[rows 0 to 24 of 52, columns 0 to 33 of 34]
6.582478814945862,7.806987305319763,7.458868187311236,6.738894002450261,7.180637986530334,7.578472306912733,7.833946579856681,8.35896227565794,4.4725788542642935,3.418947522451331,4.398855542443578,6.205068155926247,5.592652531871928,5.671353079507399,0.9656542934926539,-4.2768859032053275,-2.3975276193784048,-3.5298420832520674,-1.8713544488072134,-3.0845638244930753,-2.257574994725135,0.41866086324070945,-2.0491584816913893,-1.1452303836664626,-0.3356250856387964,-0.0438741401556568,-0.12252663977788948,0.5533810797262543,0.4940746545124158,0.4877991633301067,0.18643097753289808,0.04225529055773368,0.3073378880789076,0.12018825942681087
7.601592309283047,8.785431022079987,7.503970178210512,8.077848617050991,6.813731934368602,6.7942671698056705,8.176336614739178,8.784428112935057,7.480939474820357,4.095466727636407,4.851479380393644,6.972544047345434,6.012751958791117,3.25573791896249,2.1825938800643545,-0.28355048969658675,-4.573734896940806,-2.0297341447339514,-1.9680478310778609,-0.5577286941520538,0.20661457576701495,-0.8478980931010062,0.11807950771080736,-1.6325927713685648,-0.6698294685215067,-0.09318002784939802,0.10439494346981548,0.19472525882350125,0.2345839172425965,1.2857991704168117,0.20730564182864525,-0.14978038021150272,-0.037767848670336494,0.6838052422370986
7.792084537437376,8.493283205165582,8.790372584975124,9.096299241654783,8.710323889708693,7.196401682268034,8.697306838234956,9.458884847060643,8.19204516285485,7.62863303018383,6.548575653405645,6.365620272471915,6.295011676118717,2.8745615576054204,2.37807193598554,-0.4338332804695597,0.3621604540947568,-2.654816805299788,-2.3770163379243594,-2.072359325575102,-2.079618036849548,0.36644527097898777,-2.800761715069492,-0.4536100139461633,-0.6112039710694193,-0.4849441811963015,-0.10254964573784273,0.2277839035583712,0.3430887011098524,0.7118038219243684,1.1026612384004384,0.800058169453232,0.3479321081918905,0.6135278799210715
6.298300300576686,7.899284164506444,8.601462045118511,8.077883236471168,8.709876538128308,6.61619951496127,8.329206685150082,8.52343367011199,9.353162552832405,9.026645678514626,8.565839140930523,7.7294896894231035,6.624694223430552,1.7035262247055578,0.5182958333258826,0.08212178926088445,-1.5583699935685493,-0.6363433515587053,-1.690917564061239,0.12839155017437862,-3.1325228088845316,-1.6406345315254338,-1.949127185955148,-0.0702851430994721,-1.0106801593747257,-0.35453210977563476,-0.2061310041370651,0.3272956644174446,0.41611084435522083,0.6578074555906307,0.5957340173880377,0.8326867933748517,0.6226083216240479,0.5179940330519379
5.652035431160384,6.04047738298815,7.437176397737654,7.891983858444632,7.969259016488247,8.19397749214565,6.962133496430429,8.793932810939783,8.266989594128093,6.953403668487348,7.636238361803167,7.969610777736203,5.5373306362758035,-0.1906002725637449,-1.7286693843539853,-0.8787978862921142,0.7627351800173697,-1.1069192168433108,-0.1582575071811838,-0.5985789271361344,-1.08140283488048,4.712658502741475,-0.7698602774149635,0.11106900502819872,0.382387428699697,0.3225443120438668,0.11344401296188623,-0.26505159132743894,0.22890734591690093,0.28770934322079406,0.3897898465444738,0.9737725141956982,0.8280697847676134,-0.0369176707420572
5.389320134411777,5.653766423994965,6.030838133355209,6.854633259909554,7.206204009433435,7.596460396109758,8.437184680872393,8.71280221546865,8.884121351349568,8.078012606549008,7.766429523926674,5.428907007072492,4.6665103708324915,-4.358101584302558,-0.42705907568817664,-0.2566415119151903,-0.4657299447548741,-0.3706144151680735,0.3563153102818294,-2.3104955447616247,-1.4746945699749798,-0.8948116850941337,1.4746636448549078,-0.1183000164152306,-0.06547912023094152,0.2590677883587641,-0.2181277173938582,-0.7631137903545873,-0.12295390871865805,-0.12547805543566723,0.4621804630137277,-0.0859771498578283,-0.15383918812364886,0.31366038291505266
4.036523094436319,4.136623171191503,5.046189464028718,5.944367376603578,6.479004643838206,7.78156931320134,6.347751863526884,8.461464811426836,6.485370488717401,7.47179814907637,6.470178519219356,4.1031355797248485,4.0972060221690425,-1.0772470749400236,-1.9913481013649947,-2.6972718436616296,0.6437153263051925,-0.9596650494345738,1.4886251446251433,2.0634171023169445,0.06256156515237205,-0.64022195156404,-0.9484859767177956,-0.6344651281113042,0.8285353899410252,0.5778252796392801,1.6394442584113447,-0.7488096312914094,0.12448823717709041,0.5045061523410672,-0.029191953336606402,0.733786270961625,0.6677715030037049,1.4578880491924924
3.525121507198149,3.417240379885652,3.7977101855835476,5.793023015102073,5.669680996445214,7.25112535292588,7.827800470160285,4.894247054383111,5.646627239801802,5.879640237854141,2.963473540697627,-1.319649456230422,-0.4900782567546313,2.487579504206087,-1.484889768596886,0.06052815242179571,-0.3946825420653856,0.43675358683567694,1.8318135091714565,4.014003904999764,1.3511582729030407,0.9027235815131115,-0.3653414390533994,-1.0344411148534858,0.15690862694536806,-0.08348480123928799,0.419039678241646,2.1506063804268374,0.5486557384511701,-0.06940162937782388,1.4033942434378015,-0.14599071361640642,1.3684603169674772,4.4552438775299885
4.570459275270025,4.484140817095364,4.1247020425480265,5.6568378480936845,4.122165403729923,6.137370505875755,4.164092185968699,1.6373745071548917,1.6845284525944622,0.7728042108621636,-1.5562139757157283,-0.39488935233285594,1.0091062222490796,-0.7406059806888009,-1.0324151727889694,-1.7794326980035258,-4.716243868835843,3.5538395792411768,2.2659960024243477,3.465304094255455,8.970865265758508,2.8336346644372856,4.2137523201532066,-0.4793069135654931,0.42732973073914077,0.619857685962002,0.9584790852698263,0.6235931086393182,0.80191682719236,1.49697294740013,0.11924286065615951,1.2335775007177672,6.103687947993857,5.3964744971168415
4.6121931887293695,4.7403720394470295,4.954968303766533,5.428620000954844,4.088258323391074,4.014479230058203,2.527664956868894,0.939531715424227,0.7990863364896282,1.7545581161402557,-2.1776078998720707,-0.14634076696522555,1.622066641798715,1.2128679431932976,-4.098812380214803,0.22626546623226299,3.5123399156321655,-2.604224417412183,-1.1366953840961191,1.0924949164072215,0.8845268406794631,1.342419978785174,3.6130929993311813,0.7257243026888076,0.2261532608571423,1.100859454154293,2.3269225736637766,1.647850792807416,2.2885929969135725,0.6030972479504839,1.384470360885357,5.7487892408475965,6.414289116153885,7.171492475756387
3.84180390919116,4.391770934733308,4.921615384393602,4.189405630861976,3.666162367903089,2.126298089566891,-0.20430481643996076,0.4101956533045535,4.202952064890303,-0.6084034674102435,3.0980226898047096,-3.3203791262127047,1.3632627150904095,4.015586157653628,6.207762114507349,-2.508016861158256,0.6976410861479108,-0.28853706450415234,-1.2927900461228452,-0.2990840658767554,3.7997600497800406,-0.5736550776384605,7.013755340998467,-0.6547422893316357,0.8409494634612867,0.7921193835505609,2.2310082600004972,1.875288930238676,1.6365610985600356,0.640280758491726,4.674089697547391,6.767660076677218,7.945080727641897,7.655041050592813
3.4980920506245092,3.6770242909238324,4.646552248044961,4.361387669385344,0.5913806332801039,-1.534453678026467,-2.320635560194927,-2.0871690200385538,-1.360771735578303,-2.719564542560874,2.2543934438424182,1.6242277450296942,-1.7993457868910956,1.278239366928306,1.7732893511824013,-0.23670304744504717,-1.0556250241188565,2.503844205999319,1.739839699916408,0.8794075557681204,4.34963595233639,2.7100404105149702,-0.35208581973262715,4.2555856236516565,0.6180453752559864,-0.7956885339419556,0.4423191026401028,2.634500840623304,2.3285693170315818,1.5553644002357372,6.983952096838125,7.804390651061713,7.883030964210537,7.7796797768219985
2.895947722524596,3.173676963395538,3.0600084103145555,4.147649984239016,0.23421400840211085,-1.0184579590934875,-1.0184678246887584,0.35148571528082406,-0.6472667788110333,1.4955380114722954,2.20738294730775,-1.0798801983283444,-0.30046567027268495,-0.30386616606214256,-5.070312677026795,4.130973235683745,-1.2028930839845782,3.904396353789503,1.2520041958249277,-0.5139874065276446,1.0814603894883357,2.65940175805908,2.9609674256078318,0.10519024726187227,2.6436002239983742,-0.8653414501553737,0.2312516280516024,1.4253803616129201,2.5258948995357393,4.216299492200495,7.415264801534108,8.300131167217158,8.746907225029647,8.513522423185073
2.237000862635554,2.314397005592954,2.757880295436289,2.839743721934387,1.4194945559637926,-0.44339253391785016,1.557249942159763,0.1551321032792002,-7.135520316351671,0.2704415813877791,2.9021184253289642,6.6536616397506645,-2.4194754420277174,-1.2279625048485667,-0.6223128668250361,0.14410545833228416,0.9867398998202161,1.828464793792339,1.1380631992513963,1.9972590071987628,-1.184448382102768,3.3302766727852915,2.872819764469079,2.67975354020475,-0.0293294441324186,2.119290115064466,1.4061586157259134,2.788014779530675,0.7991908133134227,3.842530698871986,7.203049359760027,8.565043656994055,8.919196625016875,8.809084228870107
1.650863931281147,1.7602746844027712,1.980016491157788,1.2749261954204973,-1.4437251071893893,-1.5472550850674212,-0.5064652237007304,-1.0014635686698057,-3.1077862001522623,2.9722973580301533,-0.991289504513044,2.033002782755124,4.646597022558873,1.473458504044323,-0.5136899998597526,1.9257700770339805,-0.09120120347529093,-0.04073308381930438,1.1334250326043813,0.32861376390177005,0.8876866972980529,-0.10185996120189122,0.9139886977618404,2.373011918889591,0.1209707988607664,1.1416229214496725,0.9806775001471759,1.7849712115685739,2.023110262406999,3.6285958428694967,6.1842058364830415,8.298906817941713,8.012039178316568,7.387791787888548
0.9049267895654477,2.0926940641783713,1.2350458506985205,1.7413132446686863,-1.3694227348384704,-0.4030791200474128,-1.4229970144368098,1.1790102165802172,-0.8918493101378685,0.7992918530218494,-0.021710615122537486,2.122181950505194,-1.0952010866812734,2.095624882340645,-1.2282888026043892,1.1352025820276759,3.270175722581354,-0.2177020675102475,1.2899562723963696,0.2631025600950314,2.7045263489638147,0.6051305350979075,-0.6279009704072128,0.5177671707448794,0.7079325282099065,0.2086563344409199,2.9099292795419247,-0.32066751898437124,1.0565637986315684,3.149660606301991,5.779500272517562,7.797942569291023,7.753002548267673,7.5385866336965135
0.35116687055318585,0.9142767909053162,2.1170676294267428,0.6855045572226799,-1.630986699132091,-0.19126945336947743,0.8966862324651024,1.7105948692855695,-2.189752054196466,0.4946252296156821,1.9784571137705234,8.663492430867498,0.5842278198520239,-0.5268441154816407,-0.2312618510402216,-0.4562729512637539,0.7171820710465021,0.0923268358741424,1.3291456702288005,1.3421621337089893,1.4035015500612136,1.5666126537147498,0.8596033677741133,-0.3640341678799159,0.12866924151960718,0.5508502203797864,2.017104521875874,2.3815022110547073,1.7461332169669894,2.3616182235136574,5.7246108762342205,7.607570261154407,7.362097831252706,7.90903614876502
-0.38641646484555,0.6939542597419586,0.6510876044977876,-0.5595896187357068,-2.0896837499358116,-1.2430083417589897,0.12803884511982677,-0.18706853921881564,3.559216396609344,3.1753233175911317,-1.087744142871246,0.0023657817671316095,-0.1734391525474125,-0.3032011562649513,0.09595380214039731,0.5206657747125597,-1.1083030347603566,0.3175116095595396,0.7447621541426692,1.7211193640210634,0.5704926052054359,0.6594967124182576,1.1089769028542322,1.9187636432663384,-0.2865897757451756,-0.37388127201424365,1.6889071059286338,1.7519374042373594,1.505049658591047,3.5050893602180495,5.1853004715341235,5.600027998649718,6.059429035627502,6.74632625934596
-0.9422370711998947,0.07411901949147953,0.13796007902849652,-1.0868328053191523,-2.5161820931546677,-1.2698760579434147,1.2550651018652812,-0.8810354443928249,-4.123386347456967,2.7530872679682417,3.644509160124469,-1.1939790055675972,1.7472967005471107,0.27535007350551877,-0.8510549511201356,0.7041178521614356,-0.3980594786647955,0.43604423207842424,-0.7349295203042752,1.1009883431494143,0.015096022165053175,1.2456191282776192,0.9805557757931002,1.3817382466784243,0.755782138475254,0.07918329113838722,0.5587598150075253,0.6874933564415683,1.212184089132633,0.9897161353183795,2.3176414239004313,4.130456138570671,5.4739176027641605,5.810534550789011
-1.0855928729913142,-0.6491975543112232,-0.5884950308235739,-0.5174004702525574,-1.6056347300759917,-1.6819799466705638,0.7675164015734797,-0.041786425707611534,2.7453232137414334,2.4554312422795155,4.921945381108199,3.136893016456907,-1.0439569433279972,5.27316861096443,-0.41895244235807766,0.37717768072662256,0.03913199395783436,0.7452284617137604,-0.5593616040430092,1.0385367524067333,0.381817920657699,0.10350543880480423,1.4430715516905281,1.323205214835072,0.9107863510928609,0.2298554454807495,0.9974869792025086,1.3667293517157526,1.4488600063980122,1.3093017426005829,1.469100707718934,1.3737367371687044,4.425627957379603,2.614085754097975
-1.2241754536560503,-0.9822687347042012,-0.9745890027360272,-0.6458690343945648,-3.0904905459990357,-1.5299368900723973,-2.7724435316431735,-1.3229958678957465,2.721838970507151,0.2604308031792214,2.124430860956968,2.72797958991595,1.4856879841105066,0.5091188842061866,0.3883993073425593,0.07580759144103306,1.2902557936777101,0.225282805232686,0.7888475218744384,0.5127303006527926,0.38452123322026294,0.45554538479541506,1.5386478687721308,0.9824758647541243,1.8876843852538732,1.1292824475228782,1.5464712114266292,1.0309748613253937,1.6397458669518528,1.511499264565177,1.8304536120879238,1.3161284784799665,3.035340162897524,5.50609429257408
-1.5100864188125136,-0.9681237811130393,-1.361629028390405,-1.278589148627287,-3.164922530348733,-1.7750022450144767,-1.9846536026039578,-1.0423359418133915,0.30464830295989537,-1.3883070066919114,0.7735562858051541,1.711448706818836,-0.23353140738418154,1.0498854459849913,-0.8739959541483924,0.5602016808459481,0.8266074017435854,1.4426575632257717,1.1507744414299093,-0.37662943868108434,1.1389352476740462,0.7747445803822104,1.9165231631462338,0.613488518022127,0.9239988975677742,1.0281912624106906,1.0466183629794308,1.2045435240489657,0.8384788596324145,1.5666698206524738,1.1150066382544936,1.5749395373834578,1.5764962035200372,4.526247424220046
-1.1624379174843575,-1.125901467298792,-1.4770819315049868,-1.8031622524412891,-2.499872031959093,-2.3623042918968054,-1.5181472839601569,1.057583864311591,2.019343669753876,2.1425024739983485,-0.40659756380058254,-0.38764648870968443,1.204465366619706,1.3330634374641903,1.526552950247121,1.276308674155416,1.345632954272519,1.319424406523712,0.6614525931245812,1.4737112413872848,0.6518446500107125,0.5845535230923024,1.4888949004502916,1.1314620988635378,1.189179792380771,1.320841448445949,1.1311192650797601,1.4837441608517468,1.3202195364591567,0.7953077547750765,1.2352131141038252,2.2515634521858154,3.66060652629577,5.091613494267784
-1.0394752516152292,-0.7484557213295594,-0.7082093661395624,-1.7853185033248282,-2.4278984645861583,-3.5324875574873555,-1.029455337653975,-2.1868670417826435,-0.10385478645589921,-1.4235681349800546,0.78350900070998,0.3423702836807073,0.43319003332179296,-0.051403742528747444,1.237054685366376,1.4350960725878203,1.515856098806955,1.3975113499620662,0.6393639074259463,0.7765216789608441,0.9098852460056559,2.1809262670196956,-0.24576663917002126,0.7294124323214549,0.5628491963451157,1.158624000188479,2.253959804837355,1.180061968665245,1.5564378133263852,1.2789138646070402,1.4617480812162877,1.3761878448993263,3.132349387958597,4.064149147466102
-1.0988863605515617,0.008235936159892428,-0.01670187442426652,-0.6414775266181634,-2.3647127018526333,-3.974515737398728,-2.2750632291867445,-2.87143872152689,1.887494565437902,-0.9472722961747998,0.9443374627419907,-0.9536120669220286,0.12321441636936883,0.6714452934110379,1.6986024082356908,2.350481282746575,2.802980437782069,1.0269666817253789,1.4043830351639948,0.5952727746944163,2.224460340205588,2.6504043543011178,0.5959786307904329,1.1229700073914763,0.8250789888722977,0.8749903275809273,1.9549265768877138,0.8047069389881357,0.8952136206994314,1.6499451423922147,1.6637760535312074,3.2120352378729558,2.9608954503882905,5.130869177038005
