script/wind100m.json
{"header": {"parameterCategory": 2, "parameterNumber": 2, "lo1": 6.000198445256149, "la1": 58.999992894266676, "dx": 0.5, "dy": 0.25, "nx": 22, "ny": 24, "refTime": "2024-01-23T07:00:00.000Z"}, "data":
[rows 0 to 23 of 24, columns 0 to 21 of 22]
12.236019220076795,11.12187057276165,17.134981494812457,18.691818048657836,17.74182327115285,11.686838062661112,17.58617926605008,10.00274855752745,12.421849835218476,10.008588004950132,10.739834356365199,17.882264268332346,11.49024867945236,14.823057424563169,12.55259929793531,10.461656262396428,8.57846439596385,16.188980454037512,11.515108915690176,8.724028161935525,16.368552921821546,16.255573150659014
6.672151787747496,14.906527248706242,10.773501151641453,16.546900069521055,16.723152245638875,17.26722238485706,19.1977355639523,14.396147193153066,18.380342235453814,16.69974184078987,15.216798975485291,13.360614787743991,9.895363542447441,18.2718334961067,15.445428087106974,18.973417658558304,15.63508455897612,8.365498842008073,17.41558218638367,14.409456955725298,16.223770670732993,12.298172135645425
13.736428724095493,13.667953453870368,17.354286145082604,12.431212393149915,10.884233751771275,11.056901450452607,9.748315814001419,12.729089065767022,9.836488787299796,15.398794568913663,8.315977747967812,16.272969087607414,13.109829652438735,9.414463002320284,13.563000660826207,10.19115918047888,16.00046428123227,12.359514511876315,12.067753721690865,12.977491847169633,13.965539967672006,15.982419985648455
16.75548901537202,15.793312404038677,13.564688523636569,9.763816479275194,12.52119973986357,16.987086692925526,15.657461603544135,16.867919296458776,16.90665605933052,16.242233318191843,17.08418031015747,14.57464478513571,16.637863774552674,16.109879280232068,14.818134525453324,11.063130300006248,13.325926427787975,10.836713387652603,14.214230248239682,11.667405167885555,9.046779798587202,14.461468181739212
17.79334992260513,9.883677926869085,10.28749071112437,12.847265904547502,15.040154943563246,13.485125752370262,14.877247288968016,9.053277720632662,16.93487946880307,17.804500806819277,16.767504606096953,13.729387196232896,16.423677801341437,10.222795242584246,14.845596076295665,17.960507246057844,14.04827861254257,10.915395808206073,16.05221184242108,10.771750923394396,18.5991801710819,15.428820792136033
18.274660102364376,15.722724880414333,18.42357771473246,16.449364705483298,13.043666399882536,17.744273203422974,6.602176011449949,13.651754986874165,11.506589023631337,13.627818415150147,15.788984730369286,11.126526128189987,17.542737835124992,14.85245200401044,17.311033358876045,13.738795657865587,10.709918653410625,13.908365014099694,9.432016319956762,15.177394732185288,13.896181614776777,14.241068406670037
10.366737851163254,18.607417008946424,11.656626108707334,16.904652089007378,17.132082339724988,11.974046665499465,15.153974922463364,18.045540749030383,13.718769458682324,9.328718531954436,14.306175575986757,9.724376165265433,10.231408967885674,14.019054680731726,16.52664376660998,15.071751918809042,14.667545011570793,16.062255348038182,14.63093357951386,18.12791515786637,14.258275037858684,16.18907007598917
16.29704286274454,14.04165857278533,14.084669031251869,14.062073234933608,13.882840227173839,11.438783676527047,16.907093875460777,9.628414547676577,17.182470315493756,10.978246280146259,11.134030973879735,16.81238865653431,13.553796595162428,13.791456276603526,12.133483119579788,11.164314582380063,14.23702213446914,11.59099502905986,17.96532605031613,12.672713785747256,18.15431888337463,8.093458866881662
13.2278442479207,10.911975339395145,12.925057384857103,18.7454944814506,8.973391671317414,14.160301048762724,8.256024407334545,12.750645746372756,15.020877761968995,7.351289327947748,16.264631029818986,11.165699217718391,11.445982681764109,12.076215524782215,14.378552740530857,11.407600877018206,17.180367929683516,10.857426871647494,18.153398179365336,13.205820356899824,13.338926539818063,15.34161550279324
11.253967017438216,17.460479113334635,16.532158303064115,9.152077867356864,16.62366723777151,14.286721967313158,11.664724276052178,15.41153181479323,14.642213388496037,19.006225751135442,13.798853020576546,16.749829893084478,10.574068001773446,13.349995693265928,19.472353277819238,18.681459405512722,13.171353250287211,13.760256913761403,13.13025801842537,16.431285083789767,16.66648563062437,12.903723355172437
8.755533665963881,15.156428704516516,11.729598411231011,14.672995302315138,11.131658302170313,15.950251376172476,17.114551665288257,16.326765988010727,17.04471152901916,16.08193063969994,10.272009122013438,11.283867726490989,13.749913834565584,14.422453890368903,11.21541501880932,14.100211691142883,18.881715565870998,13.631566930998083,13.778943954329668,10.044449009726108,15.9589076230021,10.449018082784516
12.276626621995232,12.085432563990022,16.10768480467499,16.900073268003766,16.873262005129117,16.958536552360943,13.516891924343884,17.80300114496517,16.91344607294662,13.785569883073755,13.639414617712683,11.06349792403556,14.241591464989373,11.944558715025687,10.775653075406353,9.59745135442824,10.051627481190675,11.48571612565834,12.89714632793641,10.590267614389933,17.947141350286895,16.393467427942376
12.154699181690482,18.414772295033806,17.122562494110387,13.261939754619391,17.89958737142856,16.94022690221859,12.447228425037853,9.396247224830901,15.580760653586257,14.505420800574854,15.101771501226356,16.631015660616583,16.750569978155365,14.951101327955095,9.562988715332102,14.166517509597579,13.934715331612862,14.922356420715612,15.280481229225167,15.695115499152402,18.24179147195982,13.006171170421908
10.65701595791996,13.52901242109316,14.12494645164303,12.424541518833793,9.861225995436232,17.66415588761052,18.265804569770683,14.281563785621552,18.75573922900666,15.087771158970673,10.31772489169148,13.52513171645614,17.013720958666575,13.624873474154024,13.753317376460425,19.20037257498634,15.849042311827981,13.20860499798378,15.441530453303034,11.305443088094012,17.833689726584993,16.384995769306443
13.343428933377343,10.24410987023832,18.638311555820863,17.16418563591158,13.624538266855447,17.763430152732635,10.349141085581456,11.850904214088265,17.845625420107314,12.22580673434556,13.980723851787996,15.643710511984183,18.439201444854817,18.072766123137765,14.539521597099158,12.41189953656374,15.623488044370836,9.768688610570866,12.375574715428458,13.610767442840311,13.9536568256213,19.086544334280777
13.426667903301261,18.689417150535796,15.870239381428314,11.124701804841857,14.373696715071244,14.041675696426925,10.735901368398597,11.567693456707154,13.35061182096241,13.534451479091485,17.21519318223941,13.45253323612901,8.03145915794498,16.275577469100355,13.34396913007445,18.2165092971373,14.228415093414897,16.45463629144167,18.649737286688477,10.937926571463308,16.52752044254194,17.579924483169897
14.758314859476165,13.322254621623266,15.273058655693397,10.698359553437239,17.849847602693888,15.39957194915716,15.599658079623334,14.617152753823177,18.820491317485203,13.441156983543543,11.820805398609123,16.61092042065919,17.543744510925638,16.681151098629037,9.47932389086719,10.48367019430094,9.0814941017601,17.487730943376455,19.542349703502303,5.826862632626953,12.270081902089126,18.286833588323343
6.962239730262455,15.695883522679859,13.174288245840716,17.10753467041979,16.92548190828276,11.68291904370221,15.53288855560976,11.200886097078998,13.507986380421595,13.313572077504677,11.585587257933858,12.554563466830238,17.13767352797047,15.30280496239044,11.91321438783521,17.21813779470432,7.927657193493043,10.600310951679806,14.876167092187695,17.07533983518677,14.31297703448011,17.134032230459866
12.566931211309345,18.760428497686558,14.196560584198966,15.774210754517187,9.998631815964345,16.71881942003972,13.169909245165188,18.624391886071763,15.767464053420168,16.102714978215705,9.798638536094835,18.605055044383384,10.094098563772103,12.971760771572889,13.57957448187497,14.016983873924659,14.55458498593747,18.890858993484336,14.099202385190878,17.084050573542513,15.129272013095642,14.57730578328483
16.653474405837496,15.015314337664277,13.393402964144805,17.599885957823727,17.677889995770446,11.060580642053868,15.876782556366374,12.358886182807025,17.80069505757086,18.102827277105423,16.50784348457044,18.35016688424199,10.783678047019668,11.007266350784514,12.516195901699604,13.889255238871039,12.22561717123515,6.564385061815743,18.263000699660576,12.338405251655052,17.055543459565108,15.94251578819816
10.009571299538676,12.579772749413461,16.903447970693758,13.283461490592591,8.974367994265263,12.183019844782143,10.240340012867964,10.062104466140804,13.982096197956622,6.580366565467784,8.169533824723308,9.497201413715144,11.880587505973859,11.15453942729837,17.63188971360167,16.083876054231855,11.452479172828761,18.009536065976963,18.80020885467428,11.281495500559803,18.791490195731683,14.17880601306251
12.28772579850705,16.729157470663512,16.949734413162446,9.58788799187087,15.138245817369524,17.960819245038127,14.935800563637029,17.3882740049852,15.515676158393896,12.833599849087928,14.830350374363205,16.311679070821135,17.041218760812406,16.451908664820753,15.57555764452353,14.637077261616675,12.369579348238856,15.439201180081422,14.76972035765894,10.40466910297079,9.32152872967974,17.655485545074605
12.641881231688174,8.625766387435915,11.968003899924652,16.15168658387591,8.80122059180343,11.273319505788832,17.026899102006194,11.53346141956657,16.546598389406842,9.575026540489965,17.082660497190155,12.785238897110375,15.893210553698118,15.307863662222637,16.91146045540519,16.77951215554447,17.690671527917928,13.310445855369274,13.69149405969207,14.501029731536013,10.017769351657082,11.53347045869953
15.37157074201606,13.612995983991619,12.270311881615834,13.737751923108684,12.629270357015388,14.695828520869261,16.125235489093335,15.064301267212436,18.69138031043677,12.793392295212646,9.47491141768488,11.125445882157129,9.785391727018684,14.713744953917649,15.01124764031681,15.061274054384826,20.19074637398641,14.126937457101121,18.427038565879695,16.9381629632451,15.197165724239534,17.492247843709283
