script/wind10m.json
{"header": {"parameterCategory": 2, "parameterNumber": 2, "lo1": 3.000054539987559, "la1": 64.9999836372058, "dx": 0.5, "dy": 0.25, "nx": 34, "ny": 52, "refTime": "2025-11-22T06:00:00.000Z"}, "data":
[rows 0 to 24 of 52, columns 0 to 33 of 34]
1.7374611927022905,1.8164192935560868,-0.41744602172324663,0.7261844175240629,1.0387632938235785,1.9538755343043324,3.255749386408251,4.542138364812349,5.57348857455334,5.434182474148433,3.5742383138772627,1.9553220052598739,1.6621247604173206,2.072228615701883,1.2261885982600416,0.5048190947906717,-2.57619572879231,-1.9116866541199673,-1.7848462015851276,-0.009180440928126244,-1.4127034861300953,1.0274308074577982,-1.684083984192025,0.524577322315718,1.0013149809050867,-0.6027985310571791,-0.3359617656460584,0.719714096692822,0.7466525934822029,-1.1395900311292346,-1.0468246484746313,-1.4518428894049833,-0.997899355550096,-1.1331799885584624
0.13730212936638328,1.0655166146180064,1.359964667818656,1.9779986417527728,2.5139579267639087,3.5830278013317645,3.903523299630934,4.311075466513761,4.678906746174753,4.944462436037512,4.423832264026677,4.167482684115776,2.4874097763513876,2.6001171582391254,3.680448283935454,9.128387132499808,2.8698428447043454,-0.15063210755333384,0.15645342650109076,2.4054490767283934,0.850747905690708,0.5879695580526644,-0.1932793724019071,3.719696747863372,-0.9853227774688077,-1.1920896052020111,0.28793636430124697,-1.7054638515950509,0.2855231025409694,2.7254494366046504,-0.06281532463127684,-1.0475116127756086,-1.110761084951192,-0.39767301105302083
4.643436902519203,5.149288156291101,6.222338112947076,5.577180737661734,5.132383944415522,5.458073729447795,5.332627067659217,3.6872619450987982,3.7127527738104615,4.015613204237661,2.560951308207374,2.428182669437818,1.6760108560381666,1.5706256701210564,3.5147771727160757,6.95364069563833,4.349750781330747,-0.14160798211813172,0.5154242501835257,-1.6988632533353558,3.288442412178227,0.5040805450790841,2.293698781279172,-0.9432598489384438,-0.4869242896855373,-0.5545596903122699,-0.9662079751537507,0.6920652947565883,-0.0368599187511115,0.5576836128779188,1.0517535697904834,0.03608280239630991,-0.44781218561350844,-0.39785478011761205
8.686134561574677,3.436644162669108,4.102639093350778,5.08031951405105,5.534760683268772,5.5872958839403495,5.980460230680332,5.847716692407133,3.8634368743479235,3.5418791371780647,3.0330701048818907,1.7022842073819793,1.2398192841761366,6.085030783286552,6.6126989815309285,4.180899745218885,-1.1208248671416343,0.6469983870499157,0.6753948302027708,1.3413671033985015,-0.6224360900498462,0.12073200387018881,-1.6524005072412489,2.0764189254878698,-0.6699699418499577,-0.5926720282485841,0.9388449030135313,0.2419018864160216,-0.21891452263936947,0.6183033681605128,-0.5293087180898847,0.9315145507934365,0.017130139954454313,-1.0519997389148306
9.287637936544789,9.425343886112948,10.551056672089357,8.03362744968911,7.181715201899386,5.899962850292184,5.696619830046239,6.107763388736476,5.587772001369464,5.789466278977522,5.3287010931362895,6.396317297184133,5.137480599470612,9.79813752055154,-0.9314460502440706,2.0050065046857055,2.0455523713295194,1.7790941048474904,1.420995721795918,4.271368068243999,-0.5702527416286118,7.883907796405307,-1.7551972839306738,0.7861621466630324,0.7025769537589529,0.6525098300805064,-0.3978062435945839,-0.8378735886268154,0.565200642887815,0.11291324869529652,-0.3580800553193877,0.1388549713426136,1.0325482854129533,-0.1556806939211122
9.301337146726523,10.10615885432826,10.201240485936754,9.518926860862376,11.439070554799352,10.584016603537387,10.611011015528394,9.59568621364733,10.06809739519963,9.698431148764083,10.050919398293376,10.639208928341066,10.234576189018695,11.675849596221608,1.5192223342080684,0.8695324531372165,3.3728658473806252,1.771050330455839,3.8111587917846865,-1.7759174380530236,-1.1384511327405107,-1.131348874390973,2.1718735686803354,0.6693032047054128,0.03958398803101405,0.5818792630527874,0.2840929880729195,-1.0769015198668335,0.041174770098008705,-0.7200195689969525,0.3925670616210904,-1.1503553908126243,-0.7003599835204235,0.3362603354663196
10.888481635956676,11.487708215999671,10.469942109660279,12.220774628397614,12.057451257233797,11.574831493938657,13.302666223116091,15.329540763198947,15.649114573900649,12.5986321418855,12.365000990059778,9.978717594057024,16.396727631011032,7.57945477224001,2.8366296855827726,3.2336328993002055,-0.2064446244002921,1.4081638007156991,4.48218061544682,1.7116549169301014,2.5864925335750018,-0.26783590004591923,-1.0328004659952585,-0.3253119132993629,1.0238217323786447,0.5099729112922958,1.9597856925840222,-0.9377979911724138,0.16684588643790618,0.23726123419332545,-0.0655813942382878,0.20970035708953866,0.7788031703221815,0.6780840889346387
11.359400425597435,11.602525012115697,12.353813570511223,11.337724350842596,12.684014963512329,12.933553333101587,13.649004909690358,14.421104022526375,15.244244435997887,15.188479382701042,17.627949520808585,5.35995944376781,5.002050210613769,12.70406699093132,4.266089962416161,2.3881623026828773,0.8027542950460215,2.3201965805853595,2.69611105815967,4.49609513384032,3.0617471283130118,2.346036823192041,-0.9319655568963761,0.36789879624228256,0.7909911371289798,-0.3463415349903174,-0.49485543688100403,2.0335687833468543,0.47961745578083054,0.4942496703514969,1.2714283968094153,-0.22302738371427483,2.038227384887593,5.481418924804154
10.764395742216477,11.851912886522609,10.696348496059251,11.24550258395956,11.464334489162729,12.544607209247493,13.48954821533618,13.474931966662192,14.26619022394765,5.205242996563685,5.448960354569193,4.511468703652465,7.9215727379695275,8.969252499141893,9.212395884494462,-1.1543843166030734,-3.28413080328388,4.528134190789387,2.553333248102537,3.4654219727987647,9.42630270054733,4.866255255970507,5.278367874637055,0.16277880306957035,0.5226686565715407,0.3185328478457265,0.9450572268192693,-0.19433696659942098,1.3361221865862307,1.5079394560314727,-0.9205887618200466,2.348062919855329,6.606236330942386,5.475744456376018
11.593414273064557,10.916879108830072,10.960247791208625,8.702618317883102,12.920553823918976,11.754964125238649,10.753621403535297,6.535709629576864,3.059541639510317,3.863992273959121,2.7100046087160243,0.5471989677540181,9.605801611616059,7.083051430792052,-0.16628325123898796,3.0268358928410892,3.6306053846824247,1.5425956925573463,1.5644234576956766,1.4399123414864643,6.104389333110198,2.9125368474743927,3.7036463152553507,1.1865810581239689,0.66320503784223,0.9270105804759872,1.9353402485661333,1.0819109373860651,-0.8370155172395726,0.34917959308237956,1.3039667723916935,6.739163687582849,6.961357155679206,6.72670039893267
10.987120811279892,10.021040355844024,10.218863501844822,9.730194854539638,11.213848219517162,10.752434537557345,5.334897910751351,4.570736898847675,5.72506382959269,-1.852852430344962,12.802198423762247,-0.7771228522278042,5.917306996618169,14.173299701741001,5.978351621231999,-1.4644732830319052,1.5979455870078725,0.39642143957837317,-0.5183370899298027,3.0006403352946776,4.493888103428101,0.8454038222556826,7.422240641152102,-0.30050540940940507,0.32234558534069013,1.0947287313091087,-0.7640982350289349,0.789569540054368,0.9915476929053773,-0.9039456261286695,5.922353699350841,7.216576211671303,6.748464816078052,6.443257736910377
10.08437748713514,10.269693204480404,9.915053881752426,9.941062361012143,10.315572149923648,2.524494475032412,0.7010422165461808,-1.551722501733679,-2.511715707388724,4.9041010732778,6.778494537615403,7.894314637845708,8.223108962317554,5.914970938101623,10.153215712910406,-0.8165779633391829,-0.7178086844576745,3.6216750849178845,1.2911970641665331,4.053327889582432,4.172887891123366,3.95038423317429,-1.0728941621220531,2.8932025733659277,0.6049469838395158,-1.2653225289139158,-0.3727850662018476,1.757392622005685,2.4217168288609194,0.07521638343916633,7.016842213966711,6.49477472712819,6.77154484382136,6.601573887654646
9.384610605826735,9.232948742242057,9.15280099001783,8.382303991305989,5.792385180791165,0.8886743975151096,1.2953829081531032,1.3043008841341601,1.1288771177872732,9.155127105693097,7.683719803096453,6.454600059889972,6.350774230004307,7.788421074893286,-2.8847019451338007,4.801757249423301,-1.0687809425941581,5.672709873986306,3.037079736675329,0.52084877147875,-0.48475980414463926,2.4864170555074407,3.483773530870136,1.2832515028177052,1.2539507635815708,-1.0891461736364214,-0.16025150843999347,-0.13350499646791583,1.129055131453608,4.978483905730821,6.627075877039822,7.428271008514694,7.579301583629056,7.358020436680973
8.693128941878276,8.257986161469532,7.4078032312655315,5.349162124500279,2.1008943010586396,2.3987769321840435,7.792441076445952,-0.8420401611835124,4.225992348946166,6.139751095671592,7.739865026079433,10.731452904681618,0.2033114968885464,-0.26309974194942576,0.24876625163491312,2.903190278481926,1.1284045734318766,2.4187167721110416,0.1169480991196477,3.661037369448893,-1.4684919914966101,3.702632693517139,4.462133902390672,3.7786907100536475,-0.6678897121956291,2.271845486279258,2.8380220633159903,2.4394371119460496,-0.11862624981625892,3.9228475327663097,6.912851577157747,6.939490761290332,7.579350804562003,8.069137252068717
8.168156122545748,7.733073615495933,7.328722759107346,5.505237128017313,2.7627437830811328,-0.7285542850779231,-1.3395240981242167,6.123672948799633,1.460442815457726,4.5371372239153045,1.8310149621086964,9.570317542633559,9.256988883550562,3.9546312910040844,0.821657789408068,4.869426343763107,1.0078709523389018,1.2612632701588458,1.370281156561421,-1.5357485122375627,0.5851029291047443,0.7537622294505004,0.6052236018201655,3.9996671849731587,0.21117707392508703,0.9467913156875182,-0.49043794523827655,2.3696922371259936,1.0137829082916596,5.6391987381446045,6.938042684110867,7.343980155350213,7.837489982564809,8.266108577521525
7.8372540777877475,7.918097405584401,3.125956515886057,7.632919438698853,-1.493874554504653,-1.574753541963977,-0.5141256941703507,0.37680894890530453,0.6031578006598783,3.3872693457124012,6.437010019223428,9.562939107855623,-1.0139393280678537,3.0407474403013293,-1.328270319905226,2.461603938481797,5.373129087980573,-1.4084647385185654,1.3489025519445461,-0.2138576032095426,4.938175587008712,1.7051066290942871,-0.17919843801083468,1.1730741029349714,0.43523660959793536,0.06122579103681782,3.426551306358364,1.146243598999143,0.9739332087947612,6.0883268408107645,7.605969217664572,8.265387024246193,8.059975481020965,7.778746402880545
8.17642975125474,8.183464435033594,8.3676347764104,7.401639514644431,-2.425477543136252,0.34845987754810015,4.592051919569724,2.258070670649259,-1.4462416920777625,3.7394330788039465,8.553616758531723,10.403758551301483,1.5735398957584357,-0.8916944828518647,0.3679555155054263,-1.532712795681444,0.4196953175306149,-0.16712522834740304,-0.5794698934616522,1.3954219457102832,2.65576875213038,2.3124606838126116,0.18233489208872222,-0.28039692787990517,0.5652087155322644,0.5786966076369824,2.608554017282134,2.5584309951523765,1.4501415155414386,5.83742254289356,7.0775965415982025,8.006224257128464,8.210875994114884,8.09432554192579
7.565173876718029,8.141920875014694,7.967171444640167,7.414240890086825,1.724977349498149,1.869374825734934,3.1704600011183435,-0.6652222939167808,7.2508045399305185,10.718102027129872,3.8152215013957957,4.236242192989777,-0.5522858125129124,2.4739716981552355,0.7652235368000725,2.7481904286617516,-0.6811312422925647,0.9947151175452159,0.6156454226327535,1.4010410413174788,0.3714675475855966,1.4193060727068847,1.8096982027392596,3.255790670154926,-0.9467670285323243,-0.6563249549885897,1.43779640152802,0.916484512221066,1.1446811711698635,5.419267883677177,6.914555336300072,7.579270614576956,8.115771935805027,7.849742512212372
7.194161863468451,7.535757102642161,7.851780625806036,7.0820298492315015,4.322495338960292,-0.13505632035794907,4.301526904503335,3.190362234070538,1.610358815374939,10.081368431840117,4.982689250284916,2.1180645687529194,3.9553412782749304,-0.11019732065738572,-1.2502651561756828,1.2477773108105432,-0.720163495178469,-0.1586821632518467,-1.1034111872562307,0.6661307163446234,-0.02974291421409161,2.6584923436328927,2.5004640044130575,1.6266080176421336,1.1853802292246565,0.766069759994337,0.6477353404152363,1.1929922706865914,0.6563703426905605,1.2721980452541617,2.6611215023948396,6.083811136673174,7.937258412368775,7.698437586597462
6.808168067762131,7.011423374197474,7.084135825345635,6.904657130525863,2.597813377678348,2.0665795422291766,0.01984772946418235,9.887683309786118,6.993027157873974,7.318276089946125,7.094912950823164,7.416705824376808,-0.9505544722270238,9.205724104557206,-0.7378041736225995,1.5184151542419115,-0.14360174514757962,-0.5250272743783257,-0.234990379907897,0.9562036685727305,0.7703670226491173,-0.9103933717578939,2.291814254258098,1.953385974597643,0.07995618917376206,0.2859671955909411,-0.7808061955554187,-0.2260368200545902,0.5476037564178057,0.6625602523005859,1.4239687518182245,1.81468654287916,7.742763097316089,3.8624455117944128
6.451937485887055,6.611767396404744,6.439275247403647,6.516863027381202,6.030590989086944,-1.5332888376300322,0.4671942783566225,2.331737389126339,5.31279107012746,5.798114328027329,5.353480723962294,5.897474708153625,3.3375673759101736,-0.19032345588637556,2.7129766112760967,0.17851707907071085,1.369808262913869,0.41543219602312,1.7425554960221201,0.47431819613652454,1.6240702807585707,-0.6995769859828699,0.9220894273862306,1.6516359616400917,1.1334986287619297,2.1787123123344627,1.1966117188644798,0.5796513842971681,0.7056391239278692,0.780956213282785,1.5934790742373361,1.5318837284475955,6.166039244849364,7.414187290821384
5.38839924800349,6.992578309149121,6.298350154472864,6.582505925245193,6.735347814929452,1.5055152068558324,1.099853865985306,-0.8742158013126535,3.9237045285731122,0.07552648367054639,1.8952242973053173,5.229235555994831,-0.9084499088582118,2.1972985062138113,-1.2611418051970338,-0.3997070397173779,1.1419724449222022,1.1744884764995795,1.741267684383486,-0.6768475220612811,1.2955200032501581,-0.938281446542217,1.7843588453181314,1.0987901574563481,1.5066072169246525,0.9924105129677003,0.5708922494801586,0.015597782834066891,0.48674716681689567,1.4524146013376984,1.3056993030030701,1.677566799407843,2.0493691121208393,7.364104268563026
5.083148500172814,6.795809498154041,6.858932806702681,6.8252548809296325,6.749868643983271,-1.6988267421527863,-0.5374925247236685,2.5830684522427623,8.678390770151294,5.271315262332888,-0.6301104563573284,0.9697369304408645,1.6810296367090405,1.4924591488931649,2.5943947741316276,3.1467195261515415,2.2977545312671777,2.3743049282866497,0.5840776738112354,1.859213486898776,0.11090855324463426,0.9118546658757494,0.9984660978186115,-0.5897943947320913,2.2899569737178616,0.9137438057579814,0.616645768176379,2.0827049776518463,0.8924795199381204,1.9187363994154731,1.4507589182630154,3.2636837761708444,5.81097441951546,8.172325735121685
5.532965339968876,6.235799067044702,6.41077064177189,6.295008094676248,5.715610379214335,1.4418745218471833,0.3715701506999206,2.5397024544748787,2.8711210574963237,-2.584816341898647,0.41284842871791533,-0.007597311758423118,0.35112506900876306,0.5874944367861127,1.8873567541213536,4.585543394147833,3.4268608981774196,2.3239438489331508,0.3236290910632216,1.6323858418801098,0.9659582901689772,4.740069670117686,5.41126350137697,1.0491998207741884,0.9702067752342152,1.247584585734468,0.5571670282353876,0.6871723406852789,1.360339013477406,1.996849259573891,2.4774519564390904,1.9937044004436353,7.736928787497894,8.848916890711946
4.621396132984498,4.7878379554946235,5.147507621223596,5.465508588205133,5.7705384540964735,7.8496138530105295,-0.26137843805206473,4.574802308869382,5.775820378224649,0.5960152899680959,1.3515524622718162,-0.7720516019507901,1.506072423200293,1.442283033817188,3.2256230328808475,9.225579097862374,8.60764431482517,1.0314256137935993,1.232811647207511,0.2945267460277122,7.695070892243204,8.631744845345608,1.1062434225382336,2.250618274921808,1.1047094398368171,0.8221618309645867,1.1624189518626054,0.16015348713593483,1.0471696774538526,2.6718162488658366,2.419321260088513,6.466625535644162,8.363479736203734,8.507559282427973
