script/wind10m.json
{"header": {"parameterCategory": 2, "parameterNumber": 3, "lo1": 6.000027932988019, "la1": 58.9999434238085, "dx": 0.5, "dy": 0.25, "nx": 22, "ny": 24, "refTime": "2024-06-07T11:00:00.000Z"}, "data":
[rows 0 to 23 of 24, columns 0 to 21 of 22]
-0.849686161615528,3.914854515386061,3.153478319966957,1.359101720367402,2.1804229087576084,2.6718469588587204,1.4827984471194569,2.6564035906840604,3.645140316926889,8.17340840534166,6.41145287050324,2.20960784823301,-0.4617269672695057,2.033746342898749,6.299430069299294,3.6277546707475965,2.1749703196063006,0.7424751742231358,-0.009626416291089892,1.3916506183838406,1.9553516654634586,1.67493720153464
3.6970478905558593,2.0602423152340483,2.8697039264083837,1.4000349155127714,1.1892589541766578,1.0326405471084903,0.8344713952159488,8.633092630430212,7.363957001975801,7.777078361553131,8.018151517688917,2.499889829915114,2.0821487944383814,1.7764362994632423,-1.247652671145129,-2.7379215154347873,-0.6157204909968265,-1.3653230946963544,2.227539055749743,1.8376892883375073,1.1373976802764139,0.00606001757740734
2.70316296150966,0.39432869834122186,1.9164030402295607,0.9263210843493657,-0.16809897969973506,-0.15638634118312325,-1.440420863464558,7.704898027889561,7.8023123412621125,8.628474378118282,7.541139044191787,2.950948173269289,2.249608851168597,2.588884332359694,-1.7800621539013597,0.4298387488500389,1.464243252020066,5.2371194257429945,1.1908588146250125,1.4749666925053517,0.6415230214785883,1.4170595791808978
4.011651681163796,2.804003577470214,0.11997580301402379,1.3634292149500977,1.3318964882555189,3.042188183442187,7.796391670502959,9.605952938690038,9.767239543022141,7.645722772676016,7.401830146347882,3.580926391982117,2.2852260793011014,2.0953434743347885,3.2375421842040795,1.7623643332211811,1.6891008973116095,5.898993182256633,1.3237826506018595,1.3797622616622225,1.357775460926394,0.6750714852302955
2.691165410902174,4.523088917632601,2.664334102830086,3.929011113621612,7.150273053832502,7.598867862533991,8.073528420626443,7.438035249090477,7.799278998521421,4.705070710558057,8.268562515275947,5.884055732168392,1.9813696287838864,2.0336389188765462,1.7849254453098917,2.264472504750179,1.9819429186064104,0.7289425440693534,1.1822990295994167,0.906949613487882,1.4570025899536345,1.6620035426559072
2.874252760805848,4.6918909594379095,5.8074100911831446,7.82927752894374,5.7888963915954745,7.4570121290241795,7.720458343889768,8.801650250724776,5.391189125558874,2.3784478240431013,8.124785610015461,5.8953787250113185,3.4120843000125847,2.3706044132237434,1.9915158957594103,1.1982749123652514,1.1739632062650367,2.7348474996073646,2.7155801744715746,2.0625747374858148,1.7741349869883007,1.372893431884356
4.488698674885718,4.069501017076188,5.2979565981232,6.149690222757655,5.872699553144105,7.145985523799269,6.732583293420289,7.304707693451556,2.8148453042635198,4.273595626200538,7.5491923156444045,6.631479302280341,2.299187236902405,2.3075697602517895,1.4348395312918596,2.1535256444382793,2.373200505967571,1.542919585176405,1.9282564172644976,1.6647469930385994,1.603167703936131,1.8942585990965362
4.104683637768109,5.263256438090257,4.863529605901593,5.73941885142144,5.621640549617745,4.451648146546681,4.043898983432104,2.1105361735126027,2.7446026804351265,4.981716481953596,4.0729971054575245,6.001183815390452,5.671189164702354,2.0005452454036488,1.753633108463068,1.8532207325114098,1.4957299719311703,0.862610712793247,0.9752460547654724,1.483279390886283,-0.32335105102704226,3.581760649469488
4.026674530757371,4.528615852226613,4.034919412661008,5.115014848362624,4.734439955832742,2.0389268389073165,6.250956351924093,5.1688938050237585,3.8889769788708834,7.943278030171383,6.314919732433059,5.495760823639589,4.511527798205475,2.145777558364441,1.454018233030588,1.2569706575788926,2.333136271589189,1.2326709192412897,0.8425422874697794,1.3222043900494385,0.9893440045915649,7.148353645127096
3.237237093611883,4.326866994395986,4.6154949129353025,3.6827427860023008,5.4861576997156485,4.0669700909934,4.188151653307298,2.7558545854783136,3.6626566703656893,8.388168025714847,5.353158971980202,5.587365326018241,5.481469542730444,4.260149846273551,1.9883355626059547,2.176791330084582,1.6539220594072401,2.10283755812268,1.5735937150550083,0.9634707325093059,1.4025097252238619,6.75451630655362
3.3122671061576523,3.762933336498301,3.931359851811651,4.109001853538322,6.303515289133107,3.0256837114218422,2.892706800153952,4.656845177801634,3.575779332579456,3.6239936030421,9.167475257765982,6.646179650221674,5.32665805715222,6.285823431299029,1.44009856872266,0.12453716010563227,-0.6605369685683683,0.5018875309148599,-0.8431105955411781,0.4697800099886181,1.7096603410965137,4.824685699481762
3.7624437041848005,3.5920422570073267,4.187070656600783,6.48004815072736,2.350051657056382,2.3909434452983147,1.7388790927837134,2.27042013286015,4.068116489032843,3.684406733384055,7.812994912090972,6.268371769058177,5.029835042270027,2.113275602601697,0.49988289689164855,1.222076605008322,1.1410425750242437,0.9416163660543403,1.3600772332689284,2.2743980158909514,2.4124443220146357,5.835796458084959
4.2845469625436445,4.101077416263152,3.9230988140445144,2.1475580205874447,5.085644589445241,2.6342759354800003,2.6995424405820914,3.0322981751053257,3.8869342165252534,2.970409856948702,6.877690522665475,5.481539928871518,2.510521421208416,1.2834429579055693,1.9635932075523115,1.122092590695108,1.1115518544212566,3.981766514812699,6.043071507373913,5.100821086073074,4.9179440511027686,4.655647029822226
4.243711182822752,3.9240381695562614,3.725703941240591,3.950715299374277,3.483642981840498,2.1013713722721303,2.4879907269799832,3.1838192590084433,4.8535571939099285,1.1712737182031765,5.069625304405673,3.213337799853712,2.2388235712045996,1.0717003256200388,2.760353717349007,1.6816207670353156,0.5010583721498181,0.6896147717800536,7.28905002315816,4.482009831441164,5.212516893060179,4.49066965113705
4.038156886148065,4.176958668635086,3.2135142483958057,3.316772057996783,3.7045886303253748,2.6549521891025716,3.5935423139658735,4.828200899468851,2.5804368098114474,4.822920352970749,4.5106902778987745,2.460316200135739,2.401028557136565,2.611748749462478,1.7477763537255173,2.542466897432934,3.8554483562540307,5.688429469454938,4.326896590587905,4.217543907507561,0.9779052357818706,0.5387918740213479
3.976578195634684,3.5686427207003697,3.324407957690136,3.265048502516242,3.2880974439070663,3.3088427781232173,2.844034422063155,1.7256853903853244,2.887778243919749,3.5166890879969204,5.573502130275786,2.99159002258157,2.167824513840399,4.009530144198692,2.988025486906244,3.3513820544961925,1.7536373777471344,1.7389602336564325,-0.21485035609580233,-1.7027200798799416,2.535294582864926,0.6266632263683909
4.1553592698416075,3.6805534890259826,3.792985692314263,3.032493934482569,3.9176449460574436,3.487658253628658,3.04112241685488,3.5205875254847836,4.3040157838617805,4.126790139189645,4.63513796560309,1.4906115351173235,1.3477534739263213,1.3176980395802733,3.526745833816785,3.160497325443377,1.5427022686880807,1.6964566446849645,1.3061035076582017,1.2812559194807092,1.7497754072012306,1.115361230632244
3.576982003322839,3.97236727030582,4.663563571068275,4.521724121373541,4.314027127421487,3.201433381059485,3.015805205155441,3.1028606202861195,4.078558949555733,4.695391895388188,2.665997228728589,2.500238998693453,2.6343787602172872,4.085086525600336,3.2288469961436195,1.0651223999659571,0.14348965711565792,1.0309860866596383,-2.25625568356309,1.6240453235271515,7.660981453790301,0.598647654052645
4.09932797936958,4.423583735106541,4.65567920649589,4.739292654240461,4.444979936593383,4.337497967719773,3.0039994864153354,1.2783242207847896,2.9676563982338546,2.326937065413336,1.5263837815420775,1.696063930539603,2.9225915147110237,2.0574037977275257,-1.6866532686598852,-1.3712036122665647,-0.6334839234321124,-1.5400753834897896,-5.87513401069721,0.1875180436369143,-3.200508011753971,-0.6573221215848236
3.6695247932925112,3.004728094007139,4.839273481498163,4.148791797331516,3.2781061528968367,4.897094906296408,1.9572533308060736,-0.9573036648768056,2.737535231090245,2.421788162663562,2.281507597620629,4.243677772985147,2.384885447015416,-0.6935641910708763,0.1824342429170765,1.0865415661942985,-0.06359902063161842,-4.252043726894828,-4.217803651805494,0.027679352411740507,-7.49354888524672,2.416624172232683
2.0845900024328787,4.1049819397961524,4.5011827949323076,3.937610443080606,4.3966154601544964,4.104995614772421,3.0779755579922226,4.531084233422841,2.1551627878815647,2.159399237404909,1.7171854049220072,1.3240385825335486,0.5344418857750906,1.068984004423649,0.7159348539072737,-0.08071586669674155,-1.6066308194264647,-5.635943506451222,-0.7003753628118656,-1.0121461744956555,1.8787729739115901,1.169657391566525
2.4346914751703532,2.3992207356351565,2.69048666583062,4.068273791688961,3.0667004751486022,4.775559221374547,3.1441416375216225,1.7994902952706853,1.8561620536731989,1.3101935196238497,1.4912193393179234,2.65514474861331,2.1761790994850987,1.1689710970666933,-0.7204782941958411,-1.3211923250691164,-2.8858939272378885,-5.863643741790605,-2.560645060691541,1.3558790657779853,1.673053914260771,0.9142754249344146
1.8467429057048002,-0.038686735103823,3.5313868919214486,-0.3719361270454196,1.2677621376497672,1.5047859456413366,0.026599934215310494,-1.6766346306538564,1.8340513495752682,1.7083387838185766,1.7066080793741056,1.218440820482457,0.9012502432910776,1.2210044743155195,-0.6245479967519767,-1.0931069707106482,-1.4314574014538533,-1.680076421714129,1.2314888145101275,1.1174854601952493,0.4454611286479431,-0.28611277898876025
1.416175374546869,3.5762120030238176,-3.111617761261659,3.208788982117568,1.6829646833657461,1.036907891960126,0.1848115586276819,1.300994871570127,1.140861979995104,0.9171887130186053,0.6094701410389356,0.9821380913879093,1.644853815566934,0.7088663937478001,-0.6924998807377354,-0.9202620435476268,-1.9844319769417005,-2.4169579032691115,1.5225040427608818,0.2883555846630673,-0.3542734548443811,-1.069186067121296
