script/wind50m.json
{"header": {"parameterCategory": 2, "parameterNumber": 2, "lo1": 3.000054539987559, "la1": 64.9999836372058, "dx": 0.5, "dy": 0.25, "nx": 34, "ny": 52, "refTime": "2026-04-14T01:00:00.000Z"}, "data":
[rows 0 to 23 of 52, columns 0 to 33 of 34]
-3.132070898640955,-2.5570258434558317,-2.9157757133859685,-2.146109152430084,-1.3920119335250916,-0.06182294997762132,0.7084983309761193,-0.7614827672568086,-1.1860118881990582,-2.2155138534008114,-1.6617204708497575,-1.9097147664807952,-2.9912751019834003,-3.8574510878611914,-4.208349239256207,-4.809215147432561,-2.942309103452236,-3.7277467497430012,-4.017835731125101,-7.179570810348123,-4.981785396768235,-0.6057637084069277,-7.1951760384423755,-5.308915532104092,-1.3730806021721738,-2.2698240354362653,-2.923784397546941,-0.5795033831437785,0.49936225773312276,-1.7290269222413226,-2.5071403567092534,-3.0186642247176154,-1.8485436970427838,0.7784998040715764
-3.8441435498477943,-2.818250053997736,-2.412295910152273,-2.0015040601357645,-1.246530001463444,-0.05796568637581102,1.7761247936318236,-0.0056501622835792836,-1.959779006655189,-2.6793233939186982,-1.9815192510323172,-1.979574326253606,-2.7471583303000213,-4.139428249072745,-3.4908561363879156,-5.542102778914291,-5.335529505306682,-3.4154415957057824,-5.581168205271779,-2.0319057505347997,-7.755036622945387,-4.0761641442237675,-2.1971768613698175,-5.23163830584196,-3.274258875228734,-3.464633455835369,-1.9333534042159122,-3.9560631370421597,-2.3018252728361155,1.9214989362362085,0.4574392832823404,-0.9002656319446005,-1.4217294489005443,1.1191938650854458
-4.013784479622365,-2.520353450597931,-2.5388108962590517,-2.0999443548314853,-1.1842264321872933,0.21318673765109172,2.333899189989086,0.9894089181231408,-2.2480000085014575,-2.771713035183262,-3.415095765241791,-3.089755272177172,-3.3595326991119867,-4.0063294430855,-6.122901590169554,-4.9715796956689795,-2.909739621052787,-2.5484786642328685,-4.081079690587178,-2.4985619305489957,-5.568903772345295,-2.7401982543081247,-8.256000234938295,-3.4267590028646846,-4.1390754714982565,-3.0615729154053515,-4.127192277190536,-1.3223965706439438,-3.148455873877269,-2.9305510482498884,-0.3671823139193618,-1.6365290910188777,-0.19190454199094656,-0.5916004148587922
-2.083839867842452,-2.8664128962573687,-3.3016201202997895,-3.0661456818427846,-2.02035039343911,-0.5979842051506368,1.3589858172633527,1.7025805583685685,0.34685279291009646,-2.360825453300309,-3.5191434257757086,-4.863531539454883,-4.584951330238929,-5.760909940540715,-5.875574342034,-4.672063634287208,-4.251853761393645,-3.716605594230518,-4.8666281240827995,-3.130005969819532,-7.299951914546349,-6.175126294351021,-5.309605709054592,-1.5486567975729302,-3.284000734651042,-4.411002516015296,-1.479669918049155,-2.7341639770161277,-3.7344323266426396,-3.666497185880544,-2.2926686201787367,0.23234945727026565,-0.2998897387819408,-2.1530930912862076
-2.2209343314060734,-4.429382061207985,-4.002074044426992,-3.2853992811124737,-4.327396519046866,-2.0440069195811876,-0.10950655142164104,3.3929659703427717,1.7114991846965877,-0.10866302301997775,-2.798429511333072,-4.3765761006952655,-5.839113965702216,-7.651987221523286,-5.8120378652882225,-6.574217933969422,-4.102979574965323,-3.8608686111830486,-3.903828431450034,-2.593492277793105,-5.902244209664416,-1.746667120126501,-3.2217853636506897,-4.575112437190006,-2.151282960510345,-4.844869118418481,-4.859056857063012,-4.7594343793905916,-3.0716459781854493,-1.895566701864455,-2.6122122749582712,-2.910148093702944,-1.2700948354869934,-1.4016851606859193
-2.551618641893593,-3.9024556690602217,-3.9796667502353915,-4.802077166090851,-4.581563819914776,-4.0696610333627845,-0.8728254751695381,2.5617987040972836,0.1112408488337643,-1.3411146499072288,-2.704694170609554,-4.2344291286417635,-4.561705328308958,-7.877625623931751,-4.306013933527748,-3.6136141468164715,-3.1491600386555425,-5.677515109198514,-9.016387024737103,-9.839159139581662,-5.0760477726268425,-5.275872314848585,-1.625088673489514,-3.481833053648598,-3.8445684757916694,-4.275681713384959,-4.070118902458859,-4.903929524380649,-2.98483700813098,-4.326148631049439,-3.730518874709108,-1.5563098383426062,-1.1098421047289067,-2.6971069423881264
-3.5998886755086414,-5.032127566712172,-3.7212318311106762,-6.658296418964481,-6.5941722919395165,-5.366309158899569,-2.512240969898078,-0.016698130838320203,-3.0669367224989346,-3.0198224042706774,-3.1115313449386863,-2.2776623319455807,-5.403540046111249,-3.9396592328443685,-5.574102433091529,-5.333024792105356,-4.908946568392829,-6.808737268504633,-6.056366848494177,-5.782032053704148,-3.918458809179229,-2.394473274749114,-4.8143626439557154,-4.530554070606594,-3.90987775966883,-3.638226175761951,-1.86663229042512,-3.239167678038195,-3.362658738086504,-4.006542511837478,-3.022472357590282,-1.460422107687255,-1.7111531142745582,-1.597314927626495
-4.746104416975376,-4.601407961461946,-7.101778243118856,-6.882394609750397,-6.820071048132693,-5.362830733299693,-3.208702912886475,-2.852854795858484,-3.705208849600419,-3.8392271563455527,-3.077807600310369,-1.9364350722204948,0.2016673747933666,-4.40242638112222,-1.4418309482027076,-2.1138225961174437,-1.833118835656855,-2.315460377915401,0.03616987581227338,-5.082409371033535,-4.037787045390677,-0.44014566222493273,-3.7864469238630556,-3.644152870557509,-3.6234719907316286,-4.594607199491954,-4.656742897862914,-3.120879613562904,-2.745250526181707,-0.8343662690048917,-3.355281999327612,-1.5703453357656574,-2.8317913881954566,-4.573511597858444
-4.94864389853622,-7.327989859780839,-7.081268419886369,-5.627373774582627,-5.119519914233591,-5.352195331516763,-4.541817124739282,-4.386501657437226,-2.625885503276484,-0.7820391857258425,-3.3797812685931987,-2.0482399755096554,-2.8385978775044363,-5.771359878550934,-3.6183303311442985,-5.035713930980286,-5.214789254195962,-1.2134751711306058,-6.2854086897892785,-4.126364323353617,-1.0556633734064438,-2.1611904564092472,0.8771028479904405,-3.7694530513302014,-4.148156749331355,-4.3605370432864285,-2.4044742612689576,-1.952133838162885,-1.898221245484998,-0.9781835126296162,-3.6281397016403933,-2.118281018371758,-1.1840470155422564,-5.942526533143455
-7.160457035961076,-3.5438429522587533,-3.1416150355970744,-5.105417786783377,-6.026886900837987,-5.268754868573353,-3.8223605568472814,-2.7539929495753475,-3.7326696866563,-1.4847297041008796,-1.8611612796097232,2.083802755686406,-4.646251533413392,1.5048130767617058,-1.083013808039247,-5.010124199352269,-3.159884848123819,-5.998155053021977,-6.6404789032726566,-4.266475037192594,-2.3007436656323867,-1.0040139133352106,-3.0514957135516396,-1.5363263484091905,-2.775348535010996,-4.699834501201712,-2.8587947554247446,-4.004232866274358,-4.267864856211958,-1.3800745524194546,-0.9403752829666203,-1.3183606911914278,1.909457320519147,-5.784377631117103
-4.240848010114627,-3.57350115271095,-1.4640991046854053,-4.190556980533338,-4.5626502477153865,-2.6795808580811205,-4.866595331463843,-3.795821598431453,-1.2193221404596497,0.20674181622531268,-3.0888526104991763,-4.472615931500644,-0.5769224032734956,-3.595677646562989,-3.7652614298031932,-4.9771810536955625,-1.629005620121647,-2.7489620684610467,-7.559626817695851,-1.510708016317341,-2.1453016643898724,-2.677065032988288,-0.14138250703749708,-5.049595001161115,-4.713067130484334,-2.9053322251701656,-3.7573378697387523,-5.012703005567432,-2.3288236680661614,-4.254916484631959,-2.7013083751332987,-0.7299799776745123,-1.7031304241727623,-5.73188080086709
-3.166036874121926,-3.6106427218963084,-1.2767368008958535,0.02864869239938945,-3.600928187168538,-4.355420370628433,-4.18271265795097,-4.571732737843055,-0.8876698774396544,-6.738341324970868,-4.893292043632196,-5.665700879054395,-4.794417464141378,-2.3167001207301254,-4.185156492175844,-3.4934767619823206,-2.6506369562329306,-3.34683881291071,-5.263007042463713,-1.8366796674271455,-0.05257730542534433,-3.822495311094554,-0.8564670823291773,-2.70275533949222,-3.0096633191001962,-4.786533977251792,-2.774909092292289,-2.211222094777927,-0.5835640252972885,-1.2174715783955465,-2.8830571874461484,-3.7334143333435255,-2.608908499511124,-4.593015442638965
-2.1790711516188552,-2.9227650149425166,-2.573841502717959,-0.594779844184622,-3.684743701992259,-4.149119992851989,1.4648979145106247,-2.0147139258533144,-4.925568176715667,-5.999802686221986,-7.171601002411078,-7.423782078076986,-3.9936150425914247,-3.833178903359605,-2.989397998906106,-2.7712831683165513,-3.376594279063621,-1.91826161243644,-3.830445150153297,-3.297017343651514,-1.3663946853572992,-4.054437692350769,-1.8169210177411361,-3.1398171490408893,-3.288852349154891,-5.446359576209963,-3.6823045827619323,-3.1389365419782242,-1.0647431479050118,-1.3550174505604358,-4.576936361307461,-3.823767954166588,-3.5665390902999854,-1.0456653497786774
-2.934068565605167,-2.2012619716962902,-3.5296346378304717,-4.349172731896452,-5.097288307766674,-5.088396072536567,-2.4974463807105582,1.701601923415385,-7.308401905363366,-4.505979099038797,-5.702799709340347,-7.749508135696755,-3.937329809632267,-2.8077855565703564,-1.4112694200862892,-2.556029448836244,-2.5861671321571773,-2.6543180308541907,-3.3801102201456934,-3.421625182342506,-1.6537147594456787,-3.241853819775408,-1.57216706873955,-2.1704051564759004,-3.124869395245563,-1.7455982400303964,-2.1455761377159783,-0.570327427967983,-3.0545275510738947,-2.0707544525782087,-4.648676888193379,-4.605726929635764,-2.860995667725094,-0.43433874212519175
-4.111472571329704,-2.778138763085713,-5.103289965035344,-5.79081735390002,-5.814726973796984,-5.398282994184126,-2.2700107051492733,-7.455859249961051,-3.287291183187888,-5.093693176790962,-2.8652436575882017,-5.764350661947102,-4.001247990101061,-4.767032264142015,-3.7895148189960013,-3.649609933888274,-0.26128705123914125,-2.962822365049887,-1.6650629971045658,-2.7897812658999457,-1.3517083857949574,-3.564442234377599,-3.4739694274838535,-2.0469062964983493,-2.308755027681778,-4.188326845766136,-3.5723387356789957,-2.142586054641717,-1.7522462913197299,-2.245216713114501,-4.6327183158150795,-4.260609950992539,-4.789953274779483,-1.8907559969693546
-3.74093362866921,-3.9303893302683557,-6.345796434149956,-7.567962232625411,-4.898392916626282,-5.196937792571599,-5.748111764784853,2.056193681483413,-0.562550492876354,-4.30017830872009,-7.148693090645487,-7.980214127016626,-4.551719710317926,-4.523526964251166,-4.011139882792117,-5.159238443036207,-3.6686876503454724,-4.9136319072390755,-4.009715030349936,-4.233762785771317,-1.9659138197224175,-4.082456511333068,-2.983530504561541,-1.8336315882249747,-1.87680531288616,-3.096322112009755,-1.8087215646563666,-3.999520857396199,-1.7675136548256005,-3.158771575339211,-4.845789805019524,-4.808484530771618,-6.007912025438705,-3.544213596280643
-4.893881367885311,-4.376484342025197,-8.189709482394097,-7.836973034554877,-3.3953372205711427,-3.8394002377369127,-7.327674823282691,-5.7520546943192254,2.65912257868387,-6.804651422522758,-9.986104300014201,-7.091588993866937,-3.1888288766734747,-3.447758483095335,-2.934166581434289,-1.8204522541164396,-3.695261083018324,-3.5519845452823,-4.3929065633743,-3.216272534971977,-3.413508770104202,-3.846308761496762,-4.089278876422529,-2.7112348207868853,-4.081650703380192,-2.9856180967233157,-3.0214053824356397,-1.682020811472299,-1.366838075165932,-4.740880832880781,-3.679996028711919,-3.643877386565314,-6.908750848687129,-7.155876840480293
-5.278490342246416,-4.72614611231549,-7.574158084040279,-8.347863681661728,-3.26182151069659,-4.026851725360803,-5.899916870864814,-1.1467945609932073,-9.325845038737311,-9.687392428267852,-7.0745671127255685,-7.316151873369098,-3.6379396659566465,-5.037340684883465,-3.961023249370214,-4.498593154493234,-6.822317645867488,-2.8479414308643305,-4.859144034829093,-4.581218953101428,-4.908580641078985,-4.186104705189247,-3.49185283530851,-3.409611262925307,-4.104404441134229,-4.193691009647251,-4.248663987606477,-1.160684914817108,-2.750680687489733,-5.037210655931803,-5.3718365278775915,-4.568214435227239,-5.37026675194788,-6.73799947414736
-4.08625548683596,-3.938676399313369,-7.278703928172565,-8.288256318939359,0.240569872586785,-1.1042385737168283,-4.543482030420244,-3.9631656788319614,-13.205539711552811,-10.213270177133017,-7.087753452867134,-5.906167851496614,-5.932679320413413,-6.030338873292016,-1.4122391157618615,-3.421079122130105,-5.292044789104735,-4.463268309392527,-2.0966810959093998,-4.440972542149259,-4.059924458456335,-4.7127675240245654,-4.44528735818148,-4.491451929208807,-4.088001473111859,-2.967121884647321,-4.773065521046783,-1.3753445364684491,-5.175972207184505,-5.79484131846327,-5.530016048143252,-6.450348650852572,-6.527507954815532,-5.365648433503683
-3.2080746798516366,-3.107180114481932,-6.838028837144256,-6.6443676862082155,-0.6406089776424726,-0.05976338117053918,-0.00914049082013334,-5.716888746287838,-9.881537991479922,-10.041059989128142,-8.322627212090014,-6.345286536321307,-4.252760918801796,-5.848818258263306,-5.505606355687425,-7.889808471925997,-5.01798411074083,-5.366295334182944,-3.9365750912489585,-4.638487044123939,-3.5356907708260437,-5.2065093448105895,-4.1178216110445955,-3.3022348568447777,-3.779845072134404,-4.021508379232796,-3.7014063935806605,-5.387626524682505,-6.559941834859391,-6.785028014974531,-4.929823349374759,-4.870523109749027,-7.047735486363448,-6.818353166875235
-4.139836474881053,-3.731827298432562,-7.126784523298333,-5.164321753982703,-4.238850887806022,-1.9256734120663486,-3.0447364227659417,0.7749233483701021,-9.102955261144814,-8.055458222876167,-8.376002602036923,-6.819548166840469,-5.589261637711373,-2.845912455980492,-1.311953138489343,-5.188516202365462,-4.876123907096084,-5.477901278406409,-5.076117308774124,-5.13731084503046,-4.1194704934850215,-4.000016733796902,-4.888108431778176,-4.05948008925879,-4.6166795843089705,-4.38358090292242,-4.304667687637355,-4.346561871829449,-5.963307880524105,-4.909584410103609,-5.680040214438076,-5.671494291756283,-7.951757696687533,-7.810678693295585
-4.022107800961195,-4.316898050326032,-6.685225657315729,-6.042967935368745,-4.683521090067232,-1.5422084068234756,-8.505996719208065,-8.73788174652268,-12.391826273735042,-5.117985425488872,-4.7570554605453745,-6.869993460015037,-2.689240522295348,-4.498043320180149,-6.169476852709424,-1.812227257462059,-6.049712453874284,-5.601705657343051,-4.782247971059038,-5.604381540750848,-4.831374996053176,-5.45261797433634,-5.055026362644984,-3.9269061434432317,-4.21570248075002,-5.149528795564109,-5.4393528004127925,-6.0368303338516025,-5.662167097606449,-5.983518856804129,-6.209429853792024,-6.003304253839435,-5.578252917784734,-8.820373446062197
-3.91624245382155,-4.299557787967844,-6.249193999483649,-6.948426770630091,-6.195608524274971,-2.837647918967024,-5.663845465415314,-4.9776917856436675,-11.358399115878415,-11.336233681190244,-4.974293994842857,-6.919388251828153,-2.998712593410334,-5.925393861431357,-4.309151178265932,-6.276823578552872,-6.582072694837499,-5.995406824235024,-5.222738629069127,-5.212759017015759,-5.2525296970252855,-4.992576541579544,-6.063688015769924,-5.7329936720186705,-3.5552736921063417,-5.278109447073385,-4.854620167440082,-5.536135639924166,-4.792758485648487,-6.799306705601802,-5.997643590386958,-5.019803584307414,-6.775476803220639,-8.881039434277236
-3.8167331565339726,-6.146333860152307,-7.550152872092026,-7.066614565144544,-6.239989285505725,-3.5556384900869085,-3.347761348039387,-12.777975413545592,-10.855576137912113,-9.737148301171946,-1.8856016039048116,-6.300640014915222,-4.648895866472222,-5.656943107518667,-5.018971978654809,-8.598562269387138,-6.2201057111688804,-6.987618437185321,-6.234329695085065,-6.494680505957082,-5.385606147266633,-8.137125835849565,-6.507558278450063,-5.687659987121123,-5.2515246545130925,-5.044972191937889,-5.357402233168462,-4.561234262326814,-5.254464473356593,-5.723852901580619,-5.564436286284146,-5.625479681169856,-6.582661048222924,-8.811615017799573
