script/wind10m.json
{"header": {"parameterCategory": 2, "parameterNumber": 3, "lo1": 3.000054539987559, "la1": 64.9999836372058, "dx": 0.5, "dy": 0.25, "nx": 34, "ny": 52, "refTime": "2026-07-11T15:00:00.000Z"}, "data":
[rows 24 to 47 of 52, columns 0 to 33 of 34]
-8.313571590826207,-9.30060046015462,-9.431717988745623,-10.06338283755396,-10.37979136373068,-7.444830817170353,-0.6437248389905329,-2.2344963742633683,-2.753140856731802,-2.062837134419898,-1.2709192918220347,1.0590981078464197,0.29999369737149667,-3.9154388610849935,2.736286230654925,2.4876707731732584,1.8839463722652972,1.1886856699731922,1.153627843845732,1.185942296074288,1.9683628004809244,-1.190569310198702,-1.054187858727916,-0.44650492568675026,-0.26374348971998834,-0.8027058700756421,-1.439057947853759,-0.7919352814968451,-1.7572286856397514,-2.31206547531027,-1.665453430226011,-3.5362905016498427,-6.998473813947711,-8.384034460995865
-8.216621868041313,-8.781121207713593,-9.59658676750365,-10.380825707067423,-10.9652184562882,-8.054784778525294,-3.780882659342306,-4.08579227533345,-2.0986559336903645,-1.5678200599337908,-1.7158270269505662,-0.3252742736100163,-3.199311885952943,5.876680488387391,5.313972940512798,4.308343862060478,3.919961891818111,1.407232528947202,1.443696419570832,1.2306956267608853,-0.6974966090476046,-1.2346460130544616,-2.0926195045382334,-1.497793140245625,-0.5058694322663739,-1.4983753101766903,-1.1780428834336234,-1.031609078232336,-2.753849605534329,-3.25324225676621,-0.40527136160168814,-5.202924744296263,-7.656776776562427,-7.966988079252538
-8.128428133808665,-8.898429517795398,-9.3401987143782,-9.552714593766208,-8.285929517572038,-8.762484089367362,-3.3856565136063392,-2.338458344955646,-1.715288517992364,-1.172938960344229,0.36673036684853855,-0.3915251792210413,-4.337331651903786,4.574151225525829,5.5657293359275295,4.241424498081322,2.825716679453217,1.374219671837278,1.0372289259397027,-0.1932431564878245,-2.087574878226905,-1.8763217245420927,-2.1490372156580935,-2.7850286062226117,-0.5424549924238503,1.100599689662577,0.3579002513154707,-2.420976149036953,-1.1315025807757522,-1.597446641075262,-2.8353667825070605,-5.767091557965725,-7.73202333737816,-7.216453744044308
-8.404950804511124,-8.714095355415672,-9.21999178676193,-9.56238961031495,-8.931511735055564,-10.270840290986486,-6.458199713797745,-3.4776772284444286,-2.5134850693352653,-1.9856429651245913,1.6917193887874156,2.9365916693574947,1.9360099127219264,0.1558458265445594,3.70668258916029,3.024827518739683,1.4884360735824775,0.23076433326599838,0.10714759132339939,-0.49788287621408184,-2.5414801316444944,-2.7560118741069375,-2.5486122030546916,-1.6620473385739232,-1.3388861841748618,-0.15733593363489637,-1.4006478794266468,-1.8379190289396536,-3.3926016542197877,-4.383310384629626,-3.6844867910375334,-6.0996930010561,-6.983739106768705,-7.917130501530666
-8.8864047264829,-9.649643392289434,-10.271471397442458,-10.63206818171806,-11.116202173075981,-10.707981780318745,-9.208965258802243,-6.680948725905611,-2.594141359855049,-2.190221649430085,4.149021211223021,2.951121471386411,2.4799684857252466,3.6637055533304976,2.6773061386764754,1.1306400242745436,0.1904628150661027,1.1525397474341543,-0.20639763605807165,-0.8780074108108525,-2.132876497166428,-2.6950019112299457,0.4325569454203936,-2.573186047367019,-1.669485390588524,-1.2682019548530719,-1.5741561150675512,-2.0233638842633375,-5.499008806213184,-5.584820035600064,-4.7900777598127755,-5.740471742206811,-6.751131346383276,-8.977394728697508
-8.234886352691998,-9.270513982774684,-8.44854255912054,-10.051096642838624,-11.842221983602283,-11.876608981094181,-10.74750342460744,-7.604921994388367,-6.921445155834682,-5.036771594051949,2.856064121244278,2.9276637806699863,2.3683140302903554,3.1469714576492827,1.593218940774602,-0.6272458774324816,-2.67014221038117,1.508114096887098,-0.9279610906511156,-1.5564905256236985,-1.9597410324928215,-1.9885518233643509,-0.6302288748345114,-2.1830623410101238,-1.909375739490377,-2.070117252807001,-2.086285665554709,-1.9354547031466824,-3.9818712329139947,-3.2351022729523153,-4.8479332675123565,-4.284246125469701,-5.877555352882558,-9.361934245828015
-8.826560088181944,-8.705136188963534,-9.183197007958345,-11.308906776038743,-11.47995006134596,-11.6932716967252,-10.905428762691772,-8.733788790111587,-7.668481689327622,-7.677928941746476,-0.8425948444759488,2.9835323567010925,3.0042290575349724,1.9585745882719332,0.45817416000556493,-1.7870590882485153,-1.4949734976648203,2.829349939540146,-0.23215054011142444,-1.745382530290082,-1.6265295386672525,-1.056121901943871,-1.5346935850442947,-1.5768355222274189,-1.9317581666719144,-2.0142007913275926,-2.3766113847560453,-1.0615124733188002,-3.1170417948748215,-3.615956764536442,-4.917162258708632,-2.7050865618615356,-6.689882635912265,-8.90175181337877
-8.823759896527365,-9.514499593346942,-10.42880390965402,-9.752251630044436,-10.198828765645066,-11.176174504827552,-10.450882962785887,-9.359544763322972,-8.283893941283099,-6.142670391170993,-0.461112728445063,3.991265954620619,1.5831091765341185,-0.6373676963590743,0.5771769605829005,3.5129960058211096,2.8969055632623975,2.4852108094124197,0.6453178563932899,-1.0648777020435702,-1.4691809149007642,-1.8336310017883164,-1.9589462609397503,-1.2495571336045015,-2.2121537531649187,-1.954042536318266,-2.070386468318657,-0.6205493865762189,-1.9172885151940795,-4.1366784985756,-5.812023632476505,-3.3934145603766614,-7.081040164844208,-8.402643227708504
-7.822841842521395,-9.457430891455681,-9.061151196479441,-10.058071883503295,-10.558272900438824,-10.18644661132787,-10.422263231614053,-8.917897973883106,-7.746476673864728,-7.329306579190492,0.36443836895913595,0.2739791563322165,2.6082451723508973,0.7264743626175777,-0.4068833914299369,3.237086008749457,2.6535180267604948,1.0442447011942844,-0.8327404676585904,-0.8531284594316997,-1.371059816379127,-2.0588761146350656,-2.744780123415343,-1.6893959290000584,-1.9957944643567411,-1.856531458156592,-2.5985091310304678,-2.269572415209779,-4.333133695381767,-4.323587385087069,-5.733869649305841,-5.075284112327302,-5.596076678332476,-8.879374736973919
-8.189279712834896,-8.611513627190199,-9.496326098774185,-9.824782448069435,-9.890525328466595,-10.035677453596918,-9.618319857753658,-8.835414222082248,-7.734914402843633,-2.4064481487767897,0.15606439402818562,1.0807272179430494,2.0720893515935312,0.32905964969933194,0.037221309363104756,2.471619849919668,1.88175929914184,-0.4344315517972322,-0.7527892041916382,-1.1300181089391033,0.0678513102680951,-1.6996210964010874,-1.9175238019852938,-1.8731045172358747,-2.200395548350484,-1.9140177121480144,-2.454086253051738,-3.3032684241678463,-2.7995659961036545,-4.378685135961816,-4.845565238967017,-2.3910393050685452,-4.9344252181280925,-8.439408145452566
-7.599426891210716,-8.299952622825211,-9.13399005799005,-8.77931080013443,-8.73374727045867,-9.122472729891543,-8.51568971758325,-7.718989281510256,-4.832636215236419,-2.461544101585702,0.524552633975339,0.9053141021066576,0.49446011032071957,-0.8015911034689751,-1.3017822243584793,-1.6228960374702066,2.027181693923456,0.43653458226822583,-0.168895016074672,-0.9057807387404393,-1.6826853631373178,-0.9655309287356223,-1.5600308651256958,-1.7228108593510207,-1.9597687431361444,-1.7839215200115004,-1.5725250500994399,-3.6936245446472125,-2.6353010497096894,-5.292704636737416,-6.4977686223912,-3.3675400918261538,-6.404868689840317,-7.363893257594133
-6.681061023819647,-6.959091765035679,-7.526872338676456,-8.075268793340339,-8.69223974619261,-8.490434362441778,-7.604132848738447,-6.792813482988572,-5.189006050565106,-3.771257952691068,0.7053709201553375,0.6478380392316936,-0.9187003155218846,-0.365568819498564,-1.0935097043673498,3.409997497228568,2.7897468073425062,0.5908833913289582,-0.3066826169561806,-1.8076313748595612,-1.6519059196871517,-1.6268131893987405,-2.0858850908300837,-1.5569905683004126,0.05364951131401188,1.9448161010367566,2.236597209932437,3.044903410670326,-2.599281390227465,-5.088074711669322,-6.615199944287533,-4.472260507674635,-5.61269349656639,-7.939473249780121
-6.1629147655009815,-6.793704680967995,-6.443262067045775,-7.4177997102383255,-7.5618244267167665,-7.605514090052318,-7.671029829009594,-6.94161053959878,-5.192258545456192,-3.3774248150611776,1.14215666687864,-0.08927997066794854,0.06318776855765436,-0.016352944659573796,-1.0355696360532387,2.042230347108112,0.34876546833071825,0.05447378851865274,-1.9812421735952226,-2.364074090177366,-2.9972463190832372,-1.7673737227488573,-1.6691488882849725,4.560293050271972,3.907345777110515,2.8154518182984365,1.3214784338221495,0.4943730773618559,-2.135251578527024,-4.543640389572236,-4.98454951957366,-5.47752585378717,-4.668569906693779,-5.546103650027161
-5.390664669075618,-5.724622391602481,-6.20363747446284,-7.151543486608986,-7.518146334926072,-7.947435240070766,-7.369165981736795,-6.745803078590783,-4.774153904149206,-1.5222167691037218,0.18604478004948136,-1.168220663600823,-0.8716007877374551,-1.2252904949684205,2.2755231255805786,2.3631603653140925,-1.386806303416939,-3.2641662673903973,-2.8807659727428043,-2.8388359125160965,-3.3138639222910293,-3.5651048943516046,1.3785511505277381,5.787792698343497,3.7428338514535264,2.2314886654909825,0.7118559885673376,-0.4530881370357224,-1.6409452529774655,-3.988655869830837,-4.740659968587691,-5.769765525964626,-5.954323170149014,-7.8062035091440025
-5.814476490433004,-6.604413922986389,-7.055221819228546,-7.61583772096148,-7.826868870740619,-7.70605592063065,-6.905831844558652,-4.805372060520607,-2.9436030065967365,-0.9663130388764287,-1.9289798995017087,-0.6839717428093276,-0.9179453780885409,-1.9791390110467473,-1.5105993347868834,-1.8270062044449398,-1.2038602414820134,-2.9125882880391805,-3.5891472240104605,1.503201588369768,-4.598428217744052,1.7522007820068437,3.178946602805383,4.212682972950259,2.005513630453884,1.6852553896872178,0.4206668247474467,-1.0220212183743642,-2.4217111711306747,-3.967896194559302,-4.116954532733107,-5.422811197521784,-5.7723071977994715,-5.904017339679068
-7.082184513359875,-7.542532695730814,-7.7523397015006825,-7.688200534205323,-6.994293631237261,-6.838065945793862,-4.700436255911341,-3.2597982321209265,-1.9841136102150227,-2.218467223260094,-2.6053016140355205,-2.724003266110817,-0.9651555019443159,-1.9615651602452295,-2.252994751087778,-2.6335853795610187,-3.483761730402469,-4.208404241322725,-3.9546422965228474,3.610306110145666,2.3432989808731457,4.1834947107268485,3.034049572248106,1.0419047090576392,-2.4223079609104134,2.3680388137559754,-0.09418811540475328,-2.349876934733016,-3.8224408850150455,-4.031238159271377,-4.850099083207405,-5.368307784472019,-5.713220051170815,-6.176200182166585
-7.597979117320952,-7.86240228035565,-7.8572418860679,-6.877374802260805,-5.621368704298313,-4.511038625573693,-3.598382349968936,-3.448686828492871,-3.1267176464739372,-2.6601344301642076,-3.0306635449067865,-3.9578431628680746,-1.988375494886031,-1.9737469365058202,-1.9932911620105396,1.3709106708850727,0.5398206559093963,-2.021232272558463,-1.2988608182887251,2.0596185766888166,1.3972465599135588,3.776839376576979,1.0160384365629513,-0.8620631918054784,1.130430961049784,0.7828322492216498,-1.0923406706983745,-2.5441163927383794,-4.07902691753925,-5.528486698727816,-6.129534696557941,-6.19638122966347,-6.3345352444873075,-6.776823762219965
-7.009586612243761,-6.578839597636711,-5.996298791664753,-5.52919224843046,-4.55302592783513,-3.784969571260626,-3.5356237909084394,-3.1208016637204183,-2.993773752141741,-3.0857062078445927,-3.647851711580851,-2.6215796021004483,-1.6409263082707768,-2.9156105739773293,3.394880704661785,2.6759606302171686,0.6137604961526593,-3.967104206266622,3.3270749721626207,1.100290194198644,1.7430381638665882,0.8473497520447446,0.32921127111072673,0.03413138988419516,-0.6933679567646023,-1.7519232418536357,-2.665684401486435,-3.735156622532959,-4.691703403346703,-3.6374812082802923,-3.284798238202762,-5.849082126457561,-6.465105224434767,-7.542875248476468
-6.006945766149706,-5.532342012566375,-4.647393456605163,-4.084332689227502,-3.5639766718012904,-3.4200061800213772,-3.31008024541695,-3.25480197823403,-3.3448521130761772,-3.967364085410965,-4.658829522890366,-4.362779733614374,-2.0519973894117842,-2.208988010415953,0.005343336142947538,1.0084450931160214,-0.13732717167616543,2.225641783611208,1.2977023416796964,-0.472291847028042,-0.6473510238399526,-0.2550623537247664,0.19159552046410885,-0.517675840733226,-0.9812253917368485,-2.732956825784396,-3.973162714462212,-2.6033377705128973,-2.6999173930330214,-4.193114952973576,-3.131107697557125,-4.361447649854205,-7.237680390928585,-7.324332716963195
-5.944861740574624,-4.561232137946588,-3.168044453493307,-3.0290235119554643,-3.553105771507769,-3.6017523605146593,-3.6588744032403957,-3.8902055186392435,-4.390625177286329,-4.704423704103987,-5.217513177335044,-5.703603752900681,-3.909490332101729,-1.6431816556896757,-1.828441046012623,-1.7602247453670545,-2.173432788009499,1.0597918273965616,-0.8704539949761834,-2.615534919261464,-1.9309275122652352,2.168066811104523,-0.4704230546660528,-1.2536450718659384,-2.316277734528022,-3.219010717036474,-3.9234927440295064,-2.682226645482936,-2.520294253212376,-2.6065839432481694,-3.7527354920842053,-5.065883136983392,-5.620431889977989,-3.231058625853555
-3.62631128824938,-3.3997252053672806,-3.607300216805693,-3.37420369726966,-3.650915904419442,-4.3431127072351075,-4.328600067090791,-4.035743592045635,-4.269324863012626,-5.0422972922716855,-5.7280878572163525,-6.246266742955231,-3.4826524558182728,-2.0154562941146663,-2.483033470816319,-2.6038934465165413,-0.4817345421709445,-2.546564336245288,-3.5726129080256754,-2.9327627262578146,-3.3043187815800077,-2.1619003525192397,-1.6967316105514516,-2.4698502303086496,-2.061302061369543,-3.5107826999950356,-3.597867807373596,-2.5214019878758136,-3.9612192944750837,-3.06911432138001,-3.0257367079144464,-4.316987849372053,-7.759934075811184,-5.367237254585158
-4.021504016637704,-4.003810832155209,-3.9454554208348704,-4.193962013913396,-4.975359495011364,-5.127866951784949,-5.224066931000089,-5.022389858614586,-5.378855573162876,-4.838308761380141,-5.567758191992817,-5.86438018008411,-3.549717114716141,-2.6137601847261784,-2.925644287232203,-3.3000515447951297,-2.5529613764888226,-3.3515457283323897,-4.147889824592315,-3.8750129851781248,-3.3560906846624996,-2.715551543515861,-2.0019548191460204,-3.7873390627204038,-2.8854676082755204,-2.7542881841623847,-3.8575169753213134,-2.924500317640483,-2.3726038766810236,-3.0823978160371217,-2.455797670215771,-2.530091883128657,-4.029897738072914,-4.037750652822434
-4.270960212622836,-4.238423073590588,-4.625949840990358,-5.260369983418271,-5.8914377017541835,-5.446862065627715,-5.408802233741883,-6.216364872126678,-7.986733141409427,-3.045965422307168,-3.2428551494460742,-4.198599386917736,-2.3514307997541106,-2.45554726571963,-4.1471538206777545,-2.840169208805207,-3.430983004879283,-3.008138275961125,-4.377337812846883,-3.0810711690012824,-3.5927261956823098,-3.6805048622030045,-2.8211029403460484,-2.3546816028093414,-3.7281590997002723,-3.138051559855663,-2.828957907400776,-2.451170568488766,-2.9276636762539994,-4.381641696245043,-4.093606750215752,-2.9756620316319644,-3.750887328458103,-4.597241202198396
-4.709349448126408,-5.0876040185675935,-5.754059721131805,-6.494861276463334,-6.485276384558737,-6.661269315999152,-3.6341438202980907,-4.358091870270691,-4.644617852040538,-2.0878589347604817,-2.639688399545603,-3.964409242475862,-3.1264592236206505,-3.4907479658361806,-2.271959468841982,-2.694233522771234,-1.9493926792274776,-2.7197978811227306,-3.4591888992091975,-1.761788816735365,-2.832654591083405,-3.660489650552129,-4.865609887527711,-2.9535603772612684,-4.853539545405701,-3.2111311544254337,-2.045960867018104,-3.784414664329906,-4.369876419039193,-1.879193643008612,-1.7798097638115906,-4.197157855595939,-3.5997511651717446,-3.5002186594855833
