script/wind100m.json
{"header": {"parameterCategory": 2, "parameterNumber": 2, "lo1": 3.000054539987559, "la1": 64.9999836372058, "dx": 0.5, "dy": 0.25, "nx": 34, "ny": 52, "refTime": "2026-02-09T03:00:00.000Z"}, "data":
[rows 0 to 23 of 52, columns 0 to 33 of 34]
4.761471707492499,4.503821965415634,4.603329684756301,5.29299479035483,6.470099356406495,7.538137761547055,8.81851062595103,9.228700294117724,8.591008674348162,7.818591807352411,3.488020872382742,5.783161214206558,5.713764660150152,7.0925071952009,6.256511232629297,2.9174098054516664,3.807494667442599,2.751424896278009,-1.0295892710369952,2.4559418910114825,3.3203919783915476,2.9212472067319744,2.9936735299711312,5.893492722984959,4.431296702498889,5.738639749675718,4.048267875872442,3.601505903674477,4.601699783317813,3.7071934040601735,2.975300356444991,2.721446116436652,0.4141990001141288,2.1440004787130555
3.026081721986274,3.364654942061611,4.149227655466554,4.848575072222837,5.97167946608222,6.82821935750503,7.381087718842929,9.153552228835403,10.077430782303278,7.716622139576205,7.53199491823644,5.401068128570285,6.258464138154658,6.994896207910335,7.261296692249996,7.2211288212116775,8.128812369143498,1.442879887072186,3.9616380717980597,9.657125192514007,1.926677018389268,7.588522215318243,0.7382997816877162,8.624921380797028,5.027179301927889,2.989416774674288,1.8204447348198027,2.0379767069996912,3.666840150753122,4.587767922282518,4.429149086985354,4.622980735568064,3.6921438804140267,0.44173873808714087
3.5837692936977934,3.4740522767448434,4.3142606842817,5.268878570941574,4.415253549340431,6.711858457449685,7.064243053343733,7.9313937666344065,8.677438967740226,8.9335459035644,6.466475150885909,4.707258135152376,3.120914683943946,5.33981301701051,6.487751801711001,7.069343304828862,6.932848564256403,-0.7741436495671508,1.3457583397599933,-1.1743631162784864,7.168610248434292,8.050309384511653,7.100615933623483,8.497135345913984,7.128655947981909,1.3350167374324993,2.362700776781398,3.8390442414318264,3.6071959020548743,3.960297327333859,2.5616908057179115,4.0279580219468,4.884293521770734,2.43580123588756
4.073474830528893,5.250723123714178,5.2842365193468925,4.114766097859156,4.7982970904166375,5.29901815960804,6.247997407421091,7.11175506137817,7.021247006435329,6.937929024838094,7.709115868964024,9.348544469930472,1.167559812558665,3.6184883979559204,4.549301390939413,7.861678418929712,1.6578553634298645,3.2655717028578986,4.245580629358962,-0.3489124089720346,3.60367707809057,9.701482632973939,7.760317437317381,4.576184061766863,3.7733019269609884,4.9230182108022476,5.474386699309876,3.5033005204663654,2.9914435734242435,2.5699078598494425,3.13840785986409,2.476319582182813,2.6005456104665767,2.5178179868392006
3.658727173849314,4.784528193781113,5.08384066622486,4.168720117674971,3.7397771360637404,5.071395251127238,3.872184319775382,5.337006415329448,6.152452672547067,6.25602691859616,5.059259213826434,5.990477242335485,4.927033116261102,2.1900613770675084,1.304781250107084,3.5357223208100725,6.247031592370484,1.669905833495761,1.2446661485601451,9.24192409240101,4.79131495631184,9.876304735182623,0.9704096185211953,6.502294312441726,3.476386961877832,3.951999134447157,3.6595540926994437,2.5286484046435933,3.6412634727199085,2.993316922722911,3.8831193136677937,2.880453476657918,3.594697592917045,3.4461399831777855
2.954862425735182,2.8340557803793196,2.5864823495743674,2.6580127000665983,3.2167458052272684,4.243263864194902,3.171912448541526,2.9471768432943355,3.9547729449350952,5.0077443600190765,4.693910149577816,4.435226089757873,4.215451593987907,-3.094956276740577,-0.7520539425449063,3.2235362858008068,3.3760490134335552,0.0923118223480086,5.040613935478167,0.008761585193843761,0.12015259366405977,6.417346183445737,4.863876496138756,3.786842237819267,3.4789140300712758,2.8199787060477224,4.5665204354734374,4.518192602895942,1.4597824088527533,3.1595012169596037,3.860926988031145,3.414656445451441,3.234240976392426,2.9952938786073116
0.8542056263122164,1.504291500948081,2.1047789367157437,2.41777377518165,2.4453729293292454,2.619687547564439,3.436504305302414,2.82563802895576,2.9184969388280417,2.7375445715551923,4.277220568056855,3.9853313074521397,0.8171195977903597,2.0046472338708496,-1.3209952070015087,1.3497901343154914,-0.44521107669849425,1.8485964789582898,4.138149973994035,2.4952088038939477,3.9773575380319857,7.626925133168224,4.587021805724172,5.321473598722318,4.492053963281288,3.436556815952636,4.006880120734466,4.775886090393431,2.8367524511382998,5.869989505747226,5.298917138260269,2.7088227918603054,2.173161453302197,2.900960151942021
-0.06167349593690789,0.7249687324495507,1.6806012238415204,2.0597963809173487,1.6945614795614143,2.1734335189796727,2.0713308192557425,2.3023298896444016,1.412922562007545,0.5752162968160806,2.5711463232495313,-1.7454063891156664,0.6866861308800799,2.367181352051649,-0.8194942266724492,1.963797934704174,-1.4288781878897472,2.3024676707623843,3.4127202831401435,0.6728808140083228,6.781623788447983,7.787513559263114,7.46007611358789,4.716112799089285,4.41401679990788,3.8653375084667125,4.747962648747601,3.6353904013750893,3.739448953163401,4.4583950917199004,4.147564799083639,3.312935376929115,2.9286903741180654,1.951871350465662
-1.367857781225205,0.24852439216802347,1.1603234449774908,0.5512110494686072,0.44425031855282476,0.8414292948251981,0.07857584448482202,0.6568529286793174,-0.37920144443325543,-0.847117635977175,-1.6836443191035468,-3.6808445763427287,-0.8932137711187778,1.4455926802034802,1.7894297678564606,-1.5602646489408822,-0.44650439942179393,1.7461131862659893,0.2244244761803599,1.7800209708561703,2.4465280214223064,2.979226348097554,2.745624154052574,2.133121932347917,6.058441261460012,5.023059036297453,6.168525580616388,5.00125652632806,3.1474265403936994,6.305819961611859,4.7865441452558795,2.891338996655091,4.490395932578552,5.517056550751015
-1.9127798598308103,0.2503014834342461,0.9748582708348283,1.7045297948452487,0.5933594830657362,-0.958551485619697,-0.9067822005586221,-0.19780572064980814,-2.1543772152169365,-2.8975379431605033,-1.9435122377867557,-0.4162832608993916,0.6707171834800264,0.19192183612610092,-0.7112107843291616,1.3655307313571279,1.895487233253103,0.743372792624298,1.9745259370813235,1.2796990572185036,0.8118212361651559,2.4486748905009588,5.053440098762264,2.9924390068949718,4.38648680678854,5.786523630079491,6.952471632395879,7.094726662259841,6.714538122298453,6.180373594237322,4.004107130280658,5.413310861921312,5.596928004958111,5.4024114756383375
-1.6724541604652887,-0.7880249902229727,1.7249052675695442,2.5562558514014326,3.192881630280672,3.7145388887590873,4.453309505963176,1.8946628657242794,-0.39026345810169705,0.5963665994253072,-0.07196320132378352,-0.9363906293483192,0.14369968846856682,0.23478175982136876,1.289172386599565,0.942316177665397,1.2058373114448897,0.2910168814285165,1.84691659249019,2.5376354119509945,1.0824496250375426,4.108856746677731,0.08875951926482697,1.6786808085269882,4.114241888513132,4.210161074951011,4.353703929148799,6.22309711422188,6.792841041685635,4.806190940021763,3.1883421294086993,4.139894723730748,5.668837696981558,6.838450601221137
-1.4168204848619128,-0.7682470785106446,1.1734243577869419,2.7289438366920895,3.2913427020844224,1.091191271704223,1.3084897406330287,0.12111857703194177,-0.5815808702317655,-0.6132351351318339,-0.5659126430739931,-0.24835223362218348,-0.9856850528836194,0.6316436537155317,0.34180303466019446,0.49957833054221984,0.9621238957068947,1.1174738522211098,1.2362982664393507,5.338676185812648,5.177965004830993,0.8522180000065114,0.5150595736614658,2.5194662285066514,2.7804698313081846,4.519293077022654,6.715777772907587,7.562395014467339,6.940412286382511,6.908696009282879,6.177237243107119,7.70386038313775,8.261322192488981,8.883302217459205
-1.838321243921657,-1.310196495072581,0.15997428853861007,2.060112504578687,2.005832143826898,1.8637865380984515,0.07878718992218628,0.21271890249456601,0.40177412467554824,-1.2019569869315798,-0.37303387830186663,1.6156419838675216,0.18039859540419412,0.9156629167154945,-0.4126550891090678,2.099661361826484,-0.25510707234190033,1.691038818456868,5.942329884322706,5.381979483794072,4.688628146958534,3.8810308700922747,4.199913932840594,6.402339949824073,10.645948602222608,4.686543389295906,2.841857729870915,7.758122394481764,8.828848951766684,6.033554603361434,8.514332475708864,9.693374272480158,10.929195601409749,12.030399184179277
-2.624799649669623,-2.242182171097777,-0.4721372177225541,1.0162272195769477,1.1028010758050009,-0.07834932036222302,0.743694184069308,-0.847872630343369,0.2016893981337518,0.11265960535361737,0.7722817438073145,1.1905484703839966,-0.2567062547370099,-0.7664733255396581,1.3762251876575493,0.8090131201478274,1.0344108674475023,1.214718505596967,2.621888448481102,5.259673296324642,1.629951505079115,9.07442011581744,13.398771975932041,12.84947745563558,7.217141085422788,11.11815917994599,9.440048581603806,8.93928940318177,9.836891568253874,7.139495848945195,9.475739385235041,11.908969704936393,12.903435341515497,13.885772345114212
-3.284914564164868,-2.2196199396869534,-0.9402410513418032,0.8389143216039778,0.26400024237638525,2.1269062461140718,0.016026135736886687,-0.08579564692639097,0.5896387297153881,0.05230545866902774,-0.09194735232238764,-0.2987951074587146,0.6595164640519435,-0.37287960585077273,0.21690504112120312,3.4866095588430293,-0.09661165873319426,1.0020593983518176,4.013294038619917,0.39549653335255713,0.30641477707326886,2.330088480604219,5.325035326765574,10.270739767755284,4.169639876576692,7.466828990594902,5.04973694771617,7.666773873730311,5.979863168807436,10.131856228304168,12.712995993568082,13.310179501527884,13.766425018249492,14.037258917729169
-4.278915223750584,-2.6461539725465975,-1.4700472982641957,1.4316116660450744,-1.0751372790831304,0.3762964906418978,-0.8612598486797433,0.11972236125141464,0.2663470814954946,-0.02402221339363634,-1.0292440770200155,2.1508729279151297,-0.8923230165209697,3.9756470205400882,-0.2431024860955937,1.7977666459901365,8.443061120616608,-0.9186445326763739,3.194558281958693,1.8772875117712435,12.739298155557183,1.3519089804008648,1.834748581653039,9.14110215841268,5.839884591848993,6.587952331907605,10.825234764376257,6.10205083953867,6.822348797334945,8.912862012734927,11.392816262234522,12.452291761405846,13.237021475401937,14.033480630699712
-5.275652498530206,-3.73004838969386,-2.764812615055898,-3.0831370507697993,-2.416384356564204,-0.48142836060692457,-1.975637300243799,-0.8165193949572302,-0.11478729257348011,0.42648903876558614,0.3485193249446088,2.226028892888221,0.27708800382347815,0.6613144441346819,-0.5752485124319382,-1.6200632141935323,1.7674476327121464,-0.2370622039028662,3.1711746850362506,0.5088832519534576,6.2639603877596,9.335396285678272,6.958766952163066,4.43880839043449,8.494296207632795,5.417008354435184,10.222329974161699,9.818328610448093,6.690615608442903,8.620027757925564,10.601202269622505,12.063053226807913,13.19981112036954,13.99201510379216
-6.5003578581548425,-4.97544394564814,-4.009086847016463,-3.3183677254468495,-1.946155539362859,-1.349134110200482,-1.7138599976556084,0.122329127883936,-1.41662459298383,0.10373347224738691,0.333198199504094,1.9476707100204507,-0.44941528664298475,3.1543477269659297,1.1736297014717598,4.161024648924629,-0.28695429619269397,1.311314363038123,4.97578605755789,4.786353516269377,7.072270701068912,5.187743781987879,8.355764532162931,9.791840965838343,4.501864499357697,6.881118931214365,7.9357538999673,7.054482981576616,7.28755109531939,9.253930595216879,10.076095773421619,11.357227301286128,12.705196495415365,13.331365609738938
-7.273635174138181,-6.472103425851579,-5.2689768159045665,-4.221104746349771,-2.730992822199039,-1.3975440276371138,-0.5523780962093633,-1.4247691611449256,-5.279104790978551,-1.7989181368774734,5.731376709623393,0.22767037500991877,1.559359445280501,0.5540420598148879,-1.4388400577385232,1.0999061499528413,0.9001269287649097,2.0713318112492587,-0.13610270121206225,3.014258962494829,2.8895496099509757,8.227128612402328,5.980859736341782,7.302823674137772,5.429516018571711,5.777825438277909,8.54873918805437,6.980756865667624,7.145066135678574,6.887531930869761,7.2694193925032655,8.402964986205397,9.52617017113807,10.33567979602882
-8.10332463655917,-7.364095351645351,-6.32912904835212,-5.548511271665983,-2.832331972654243,-2.492031951077308,0.33520041273209084,-0.8840328345494228,-0.20094609710063627,2.1423038095113305,2.0576884972192033,2.5417015182044365,0.24665654820127125,2.6622973454629446,1.0936850891824488,2.752397239350693,1.2551903877947617,-0.04963090019703936,-0.12396502961218459,1.5579928131367207,1.3035128170171342,2.274694828466601,8.123584174442398,5.412125155953984,4.5142884398330345,5.561325689001691,4.768660824067632,7.3367828070907795,6.364724796971136,7.651640927160684,7.593507293598697,7.0500444015931825,8.141181145828895,8.13974999147829
-8.826651748936275,-8.44123404830048,-7.6835894356822125,-6.463793084984365,-3.8564657645777247,-1.6579120130994711,-0.807035994042267,0.9699327593533349,0.08038300796857469,0.9299803827298136,0.7616318195202152,3.8910957866511877,3.67036446224143,0.19017819492490207,-0.24717764573126288,0.10404666438106924,-0.37779911208554046,-0.9518065574714722,0.05491277196113596,0.9277712681568842,2.520291649179365,1.293960973937095,4.306676427018288,5.033454596403041,6.537383173077451,6.950245186843734,7.000704369120292,7.375705235424674,7.98966159607713,8.21214630393726,8.435694564165635,8.82062426179891,9.048721748837332,8.992601031238129
-9.157547171615867,-9.070425175759638,-8.685018581721828,-7.976082101884266,-6.885874817480571,-2.192970726457529,-4.745989193927154,-6.248696732186738,-4.6842304585266445,0.016285340600331613,0.45159014152807114,2.9502752323535466,-0.5884255236766108,3.9606363486937877,-0.9594702286486076,-0.1744734850717958,-3.187497087641543,-2.108080522664904,-1.6162853282954097,-0.911086702290798,1.0870983766885816,1.9048991955167172,4.552373952987829,3.481651985214758,5.01785728792612,5.132446653551147,5.194876849255942,5.763237115530596,7.181736171240544,8.53687069515051,9.276279887220515,9.480592494596884,8.764331186690761,8.390162357471269
-9.592075410313786,-9.82603994766724,-9.658906193097511,-9.632774690032663,-8.655022054268711,-6.988065549749705,-9.292470835472672,-4.5088312887357125,-5.319255709272694,-0.10348806919406334,0.07014408080473439,1.2174365994665075,2.824311462949669,2.3551467613693906,-0.07564389061121549,-1.8957637467026438,-4.446493956192957,-3.6820722080313786,-3.070533686897059,-1.5126102304478433,-1.5941311101794045,-1.4797821385831282,2.0336136684738793,4.179123461389506,5.510365683460483,2.968898005958492,3.718139057076036,4.999787086076957,7.32623625047027,8.284764150163994,8.63497217641797,7.36032981165473,6.4766385974861755,8.029894442502478
-9.102329392324199,-10.500011720591418,-11.05080445896752,-11.083512333095992,-10.65798412806654,-7.276493161525103,-3.199473958157876,-11.498564996614682,-5.5369815770446476,-2.0474231909730474,0.052457472892352384,-0.33884679232266246,-0.051616645407922934,-0.4049090655365507,-2.8340178321269716,-0.9192222423080187,-2.7496862437380187,-4.421677012994954,-3.8228008670240246,-3.1597254909697536,-1.6534262271375082,-0.8614508164393214,-0.17779035214910754,3.573685242231996,2.7387331830274544,3.964377059260428,4.445144425281009,5.997934639194123,6.865481728797638,7.098923063702882,6.823251040216474,6.836128472630143,6.249384753163409,6.896778098786471
