script/wind100m.json
{"header": {"parameterCategory": 2, "parameterNumber": 2, "lo1": 3.000054539987559, "la1": 64.9999836372058, "dx": 0.5, "dy": 0.25, "nx": 34, "ny": 52, "refTime": "2026-05-18T09:00:00.000Z"}, "data":
[rows 0 to 23 of 52, columns 0 to 33 of 34]
-7.460863619525683,-7.4958527191441995,-7.025197019131331,-7.199702294769642,-6.928875529811191,-6.679313017277203,-6.792349947069162,-6.955868068365264,-7.024368782719051,-6.66306802094748,-6.245092298558257,-5.77608851430582,-5.380549560030019,-5.0070954010184945,-4.773810428734139,-5.119806846398041,-3.675637035268491,-2.238942930610379,-2.7622974355121084,-2.6698754224420456,-1.8078447495984626,-0.39005734448009594,-2.058295557263784,0.4622817631432266,3.299044086569552,1.7793439047925141,0.8961428224003031,2.285084573164154,1.183132940758276,1.1534235789335312,3.15698347986881,2.935821103236053,2.9177657535894834,3.543308375761773
-7.259189536149713,-7.881287754608849,-8.044515974888684,-7.823887577567562,-7.576265996345013,-7.462760978414844,-7.483016594931976,-7.533803999366442,-7.639621061782144,-7.657180198180569,-7.096745613126405,-6.923295836522631,-6.90429615128669,-7.635115549510254,-7.451898752584341,-5.845016698313033,-4.168316700628659,-3.1215749149203327,-5.2033148822598685,-4.337319234319752,-3.032468861842455,-2.1494484067771897,-0.7745072255571509,-0.6640160964327331,0.4417102148507237,1.1261979655688346,2.1106362497532687,1.1913004470197253,2.379075424811626,2.989308608759848,2.0884987667939003,2.5456951106142003,2.3670374828707805,3.201500595921868
-7.064133990636396,-7.405809617751375,-7.940368921210716,-8.049348286514581,-8.071867621730751,-8.326070899827851,-8.280187857019605,-8.486191206077208,-8.480843544218038,-8.142519207958458,-8.054840940892023,-7.899807675844156,-8.873848196782603,-8.1767388523488,-7.616968165735048,-6.042488236188503,-6.0480983891710896,-4.604422644967252,-3.020980742492149,-3.1437842948758234,-3.6850015369757543,-1.7613435511648705,-2.8202677523593875,-1.1131039980270057,-0.4633403841485943,-0.38407691647126224,1.0543399238498166,0.5953847873110831,1.027431045796033,2.130189855965837,2.2930021416917796,1.517565583382211,1.2791848405442436,2.0307987763344015
-6.548402504489661,-6.967907638171079,-7.730557303491023,-7.774681284270004,-8.00917124493961,-8.773407328560586,-9.118636857054957,-9.07014786136687,-8.83782369292138,-8.572793598035696,-9.083110469543563,-9.351404106252732,-9.005347674781463,-7.418647629996541,-4.155927069212889,-5.712939440761127,-4.0715534031011975,-3.0780909961892022,-3.657534937983605,-1.5577489129742388,-3.2845301570309897,-2.5297550990040194,-1.599999200820138,-0.613867511255681,-2.902573888892342,-1.071370501333699,-1.877177851193561,0.10095741100125595,0.9362003913973176,0.6248861215483561,1.6199141500609489,1.6702221577820107,0.4321483012413487,0.80823564949271
-7.251621043629343,-7.164267585897406,-6.847431861454787,-7.401481744547532,-8.037676689258255,-8.598608458407947,-9.202999536619984,-8.673023362643045,-8.749803415869385,-8.973463363914318,-8.77293084867738,-8.139420250386596,-6.709754071171294,-7.046210773646829,-4.949617761881507,-4.9229709468266565,-3.5103112935475074,-0.8274667381106414,-1.7619254078383586,-2.961968198116599,-3.970816743624694,-2.77269252459755,-3.019625108495553,-1.2910591209926061,-2.0227601680078755,-0.7484449569057676,-1.1716480863370335,0.25060107468140413,-0.9477239597645899,-0.49809065552247384,0.08590810533085275,1.113149719845846,0.4959939866302513,-0.4790166009665239
-6.99925557186979,-6.141928134996976,-6.027871136592589,-5.943611448810662,-5.8658500806494525,-6.487195368872067,-6.862290511425167,-7.346356365581885,-7.709983029480824,-7.315204013284327,-5.540510393288064,-3.4181699454921284,-6.350908071351923,-4.482559247717258,-3.6042167707618,-3.802044155083177,-1.2380644002590713,-0.9376561732440131,-1.8481672229847919,-3.8696350329501543,-2.7166931751529564,-2.930588538341895,-2.557858314256903,-1.874880135712856,-2.182481435681084,-2.220232688677105,-1.985462101336594,-1.7482057023002806,-0.2814669858894538,-0.6896431266896683,-0.37289255560702367,0.2315553576531656,0.17429292205458102,-0.5290185865195246
-5.2502204105773105,-5.339591623287856,-4.589706687170565,-3.92640198207448,-2.8041369598011543,-2.4956788650587947,-2.1492313780489445,-2.2506041768910134,-2.083618268009632,-1.0450164350429962,-1.0593895414567926,1.1016668086300436,-2.0738601448753005,-4.514353908348955,-6.019507182692458,-5.949189830954329,-1.8543475783956553,-1.9705947985678085,-2.4394469637573937,-1.623427698476584,-2.70025813025923,-2.4459627159517647,-1.9976069889243204,-0.9284820362123772,-1.4870023026183596,-1.2456401499674754,-2.4844592015138804,-1.687587882845786,-1.0829756013268803,-1.7344824743698033,-1.6902279062610521,-0.7014530769207562,-2.5721088962182255,-1.5102892868086166
-3.5150614870312586,-2.138585289949594,-2.118687380191599,-0.4646970281896891,0.6230010370556811,2.000617481982538,3.025532285186168,3.264475583966671,2.518772656474035,1.8959408518445733,2.941747965089001,-0.4565130545441397,-0.10721430750087729,-1.0094525946480268,-1.1809596488902765,0.018718949272342224,-0.8298140442957431,-1.155058206011993,0.5705107052782634,-0.124730651526467,-1.0221605174369746,0.45499520287091255,-3.3327174562097714,-1.2135083136246412,-1.730863680368222,-1.5739999311036803,-1.5761945596971758,-2.24747945567793,-0.9516535405001247,-1.4903713597939532,-1.5283245597780895,-1.2886260962964744,-2.1827108516533484,0.06136607850719116
-2.0895766627485295,-2.609409824235306,-0.8174047804491759,0.056869140577021415,1.545993844532577,2.2765264340649036,3.4518434106427813,4.563729163221378,3.5495559587832064,2.8341795748952436,0.8053810660740428,1.5498182766131274,-0.3695940180728909,-2.519705680040486,-0.7932676417588288,-0.7419805290931261,-2.568002667147069,0.6151848016030564,-3.326459795952754,-2.324773034282065,0.19476044765656575,0.8885286697450483,0.24416420503051672,-0.56854724129437,-1.2783513662949915,-0.07754559564621522,-1.212798232781231,-1.5286949333518587,-0.4058485774805852,-3.6126310699276796,-1.866795406643442,-2.255227980788837,-1.3200487810084753,-0.11155684740827007
-1.1563671688023234,-1.5400865996375952,-0.7174817291386603,1.1586700689721547,1.4678798331438498,1.4493451172863987,2.0364717448131144,1.8160793393281296,2.1141076277367308,1.8760796834081002,0.9350782309458892,-0.9532449755848769,1.032191725100365,1.6388655197960094,-0.6158786892888828,0.11873758188510163,0.9353607364840224,-1.6106437140309215,0.6887040143462936,0.365487725502119,1.5564898951400619,1.107396412478835,0.48460713036363445,-0.27801355401488353,-0.6537360045197378,0.20296508960389378,-0.4186873053761024,-0.7045136113044685,-1.0525510990290265,-1.740265384303814,-2.6766171714077633,-1.204314325043646,-0.8149612663358404,0.062057083633700647
-1.5854524077188916,-0.39637277199465526,-0.5390785363189476,1.5253763468760013,1.4933626125454447,-0.3507606800741309,0.7916695313426829,2.3680620668388945,1.3219517592655088,-0.14796630124877774,1.6130779008470906,-3.5844463473863923,1.6307845576151447,2.144635358712772,0.8826229234338706,-0.7985348987740506,1.7531249765256092,0.3226747080923792,-0.2181953670644366,1.4548043249501346,1.134060234278106,0.5041469563985107,1.7731286597850369,-1.1113313145665904,0.7568632871409259,1.399114053069367,-0.7832212330783601,0.5765859785334343,-1.1655476054363165,-1.096183512605834,0.2894088091451663,0.7611112565929992,1.9829960244366722,1.0255787097364513
-1.143220401863775,-0.7976144263334027,-0.14166926751172854,1.6507760472923756,2.8685435624202564,0.8530140502046435,0.7513988706017268,-0.9858844772040884,0.19571005533286398,-4.539111970873273,-2.9606174291545795,-1.37837129850253,-4.581339519277835,2.2113302907219166,0.8660171179565858,-0.7677960915167843,0.40145022319870527,2.0213957567901,3.1677001084799388,1.1658694747770546,2.522850638674634,0.4498931137006228,-0.47433117060978947,0.9417177368964849,-0.23987396827736807,0.0117837209069364,0.04787285883444897,0.4581099881692094,0.4485708879865352,-2.013326758767704,0.2482835703225365,1.3296788461850912,2.5955623269663444,2.420612658105029
-1.6560028336356158,-1.1616721793503997,-0.8246720296274843,1.5769143016324993,0.6422053371119545,-1.6616584525481697,-0.3231592277531238,-0.6124541629221824,-4.172837029129221,-3.4223086997894776,-2.2262750267697364,-6.83733130202279,0.9108339569052532,0.936182169350983,-0.6511217140330274,1.1048435745747964,0.01016256050260437,1.0402407588788403,1.8104364108289754,0.9062251572567185,1.1568811370864653,1.7708704523391519,0.43395768910540095,-0.0822339010249183,0.2993637403976636,-0.11514756591530165,0.9998613449664776,0.7332405907886363,0.593028847583983,-1.1120739687494707,0.6864268092563767,1.5549401032280865,2.528321448100208,3.263043553532314
-3.2062394103637235,-1.6794850657763252,-1.1915854408276738,0.3706856431127824,1.4274638366897285,-4.196033665657002,0.4073236505718703,-1.4865787534375265,-6.6718443394383105,-3.372150298522574,-1.2460814311090136,2.0718478782068654,-1.9105227482573217,-2.544243458121507,1.147794380806153,0.43378954557216715,0.550572616226919,2.4677158111417903,2.284795950168534,1.6390173971085704,-0.8697536667596427,1.969465934712151,1.439404573505955,1.1951525212868859,-0.46460658330528587,0.5647695108771006,0.13361676255166982,1.0358364690640314,0.43680382664012146,-0.8309869650865342,1.5287101182877993,2.528401855407156,3.0673142156907587,3.31930996086713
-3.562468487167658,-2.3913812245901434,-1.3745029599075909,-0.22864723875004078,-1.1274516765130111,-4.9428147862635194,0.30374035794017856,-5.178655344951277,-4.56658291003306,-3.077040019795176,0.29199975755620605,-1.8030357975133926,-1.0254758216845297,-0.18542414765180926,0.05193488491437734,2.187776398718012,0.05267749168251629,1.2165979186115068,1.5051768259557348,0.9368467520170759,1.4699447291356227,1.4023192808004308,1.5841239707520187,2.018498178489921,0.63946664339281,1.5197624661546736,1.3826724654701565,2.1381849361957688,1.918470385121397,0.8578210896900953,2.2991586318534263,2.3930824040156145,2.5622061709192083,1.9999731345344698
-4.259736072593997,-2.1921623747405072,-1.2824314308860254,-0.8459302197666088,-0.8277520707885198,-2.6381582369065537,-2.505355261198128,-0.7343557556611111,-2.0077510776773706,-3.925110417062165,-6.066102218051211,-4.38348898318112,-2.4770319562671053,-1.2660859504278799,-1.772193445533998,1.009167575432375,0.904717017336381,0.03920842646952429,1.4685624533776618,1.014893413537495,2.3987759363989514,0.996510463415119,0.7555623364802138,1.9895508978843777,2.318998085579108,2.5727782317743717,3.636359453965911,1.7007112913042264,1.7125133403294919,0.6786925646244153,1.7543071380862691,1.7729162356518215,1.3713052149695828,0.6929231768628508
-4.438387743139042,-3.4431080690131606,-1.4454662223167007,-1.4969771789894295,-0.7756921155980093,-1.7168065542942874,-2.3421365238053804,-1.5601913079556948,-4.727776547267964,-5.767063541192612,-7.458114093906467,-3.800697664779937,-2.647282982959962,-2.4881030651664817,-0.9854428023333904,-1.4662225613127753,-0.010913506237732563,-0.5529606968767111,-0.11074328493155375,0.8168743154808444,1.4234182510357685,1.0280817690545099,1.573265342917664,-0.38759811169942665,2.404731629288301,3.4921428215110297,3.0497851583563222,3.0156229213791663,2.4623923503359437,0.5967476462214809,2.1021263397245247,1.4479322735036229,0.9362146438721944,0.7096806168541823
-4.870594902691522,-3.656455451369404,-2.0286094346734638,-2.0061480981791315,-1.4109909465831432,-3.1500595283283217,-0.9069744923163479,0.5047756616124458,-3.850946821904871,-5.974339161751327,-5.160646863508159,-5.122414258837331,-1.3113975792908195,-2.527324338000798,-2.1205654929650812,-2.267541821321973,-0.4722376231611573,-2.4455051863123045,-0.548462521006923,0.00965701803861022,0.3561197320756557,0.7218039970320382,0.710916828065883,1.419685584149987,1.061616432890787,2.3266279864126367,2.4775285566441614,2.5489998808759693,2.8918459536606176,2.3660342712509954,1.0401408759669815,0.6293985102261264,0.004887722896905566,-0.3892889475605763
-4.5489528125045915,-4.082021721047793,-2.6133336210259572,-2.351047715767972,-1.1683926983649369,-2.083303716095548,-2.9624569768017794,-3.9367789928616723,-10.366020726730202,-5.642796123971595,-3.1978705719239247,-4.629084777784482,-4.960466166988305,-3.0721802545149166,-1.4344709839120247,0.5665613861391379,-1.1617401671004204,-1.8599517754295332,-0.39594654896134074,-1.6050642660843633,-0.5700142308166808,0.0869562068332757,0.0421379746260785,0.6774377737767858,0.9358694888861294,0.4810773406562564,1.8543164314923106,2.512775844794926,1.9349663064815308,1.559486925081567,-3.1745288456232434,-0.6226483842394916,-0.9283394650455256,-1.3011231319222512
-3.853718938587821,-4.620136590906495,-2.8727198465051034,-2.3572640845480284,-1.207398310840861,-2.378406352691994,0.534024312253228,-4.03744606076967,-6.722553402062743,-5.531742937961714,-5.979703002365411,-6.004317080898832,-2.468932585557436,-3.0250648099166115,-2.308643787282428,-3.3865651648403325,-1.3829840528798059,-2.4969210142087963,-1.141481222344547,-3.1179621314751897,-0.11409767781491671,-0.7457394047516346,-0.8837564367859749,0.25001034193376215,-0.4732766618133142,0.3796082567492845,0.33078730953085766,1.1399398130070855,1.7079536405421718,0.5944613011712339,1.3376152126227765,-2.067702425216314,-1.8361563177626312,2.031580477030122
-3.9444667655393046,-3.7534333527301564,-2.706848108092333,-1.9052258373506714,-2.5559117670345612,-1.677319970554403,-1.3655756155722487,-3.1891799100302483,-8.838662017794714,-3.108491716397337,-6.879490888349163,-5.145262045034552,-4.184126463583508,-1.1445162967211027,-2.1675865958257763,-2.7701047242737573,-2.07381098954655,-1.9322554466315245,-2.6615176093554176,-2.0789118913732585,-2.229290227414095,-1.9195119617078489,-2.027791566502131,-1.0901015781987853,-1.1109661632313854,-0.3776892983199549,0.41073450903084335,-0.35359185566590345,0.8798793452911002,-0.779381285862493,0.43195014909487206,-0.21663157414674208,-3.01533585647488,-2.366409417650084
-4.339167185996908,-3.6401434514807685,-2.1547939411939643,-2.721411523166326,-0.08945018613338235,-1.3286256904217575,-5.1751915090922305,-7.731674361859855,-7.5322473459229835,-3.843407808480126,-3.8488143437072133,-5.572275519767264,-1.1058868594886726,-3.424135416570822,-4.832788814488934,0.13460634760933002,-2.3319345302076933,-2.5323576350473522,-3.105244947921829,-2.3210769890013134,-3.247864839441395,-2.3078139086074922,-1.6832068721503883,-2.472044479635746,-1.5996292876234548,-1.2604073146950077,-1.3020683975479088,-1.1615850885095906,-1.5995792638113717,-0.9788446119055138,-0.5220078443396582,-1.3850200782708826,-2.1665359288812285,-1.9617907508248678
-4.718387861898464,-3.7143788436869807,-3.062063172492246,-3.051473188876296,-0.31946118435781684,-1.0513619891586454,-5.720890310983073,-3.9197470234035254,-5.529920015953881,-10.050667950742618,-4.767059247936652,-6.974679867774805,-3.570876572903538,-3.1778043663027824,-2.7311695842980765,-0.8715984056928899,-1.5009831900646304,-2.598957592950336,-2.0963592057536884,-2.1614251129694,-2.2335261298279954,-1.4027384126889448,-0.5047801917716345,-2.5297843250065672,-2.638583579194985,-2.5037168029118306,-3.6045596522711656,-2.9767211351610983,-2.594472499866653,-0.782552686763725,-1.5434074302609,-3.121598845156738,-4.259900431822308,-1.9909886325299901
-5.003455620039627,-3.5542991783351843,-3.4166082500242236,-3.1152849380930645,-0.4262706962210731,-1.128518566831685,-3.1676978295154776,-8.86397403180039,-7.102683273597755,-7.4348016198750475,-2.2417241881958434,-1.0170311960684186,-4.5443219656440865,-4.2099562902816166,-3.1292413038230045,-2.1114911358929853,-1.3769239311734383,-2.469063772463711,-2.1228786003258517,-2.6826625724081206,-3.0296808002912257,-2.7117173964394974,-0.511756081736979,-4.363427861096175,-3.7074359013612637,-4.138443559534642,-3.2322707508640858,-2.7591244506227457,-3.289895613648814,-2.3923772783291963,-3.195997946133887,-3.374202121249986,-4.24885205330592,-2.519694253719927
