script/wind100m.json
{"header": {"parameterCategory": 2, "parameterNumber": 3, "lo1": 3.000054539987559, "la1": 64.9999836372058, "dx": 0.5, "dy": 0.25, "nx": 34, "ny": 52, "refTime": "2025-12-01T11:00:00.000Z"}, "data":
[rows 25 to 49 of 52, columns 0 to 33 of 34]
16.906684613193597,16.883650750781346,16.406921857209298,15.36235958065596,13.358477222129789,8.279540061555757,10.045375232152377,6.087200840942474,7.038455125570482,2.1947858648606684,4.915507766721123,0.9559526799168759,3.6706376222718875,1.6376459761894695,2.9453512716693955,3.2435129883224016,4.409835110860772,3.511539447924579,4.680968636044222,4.0575823537512274,9.238330792860914,8.828418695397277,4.897703389726879,3.444827445252142,3.6397909907215875,2.905122614439024,2.574194603663112,2.613928439304119,3.120263433485177,4.543135655066574,8.76505803902304,9.108382056181313,8.311769071252872,9.215026383584874
17.61420685819673,16.823412187113096,16.463169421073466,16.03053941929583,15.677928937923372,14.287727324678709,5.8051012954892105,4.826431237921542,5.304017264954377,4.601063905142041,5.828958884218201,5.720306802031779,1.6969228990752403,4.116461740540459,7.233895890473369,6.550356961698261,6.400349717075604,4.877813464322518,5.11965949456936,8.10312607385837,6.408699501206272,6.256845571270327,4.1535113753731325,3.725762094266944,5.63772893207731,4.462271916550775,3.7863723193574166,3.400328950747406,3.6783945749568163,9.1566944745185,8.321410617433841,8.592597597915644,8.839199033520487,7.398523023708018
17.5762774619979,17.28476474773617,17.04115841880106,15.580258993296617,15.439610307235288,13.739822668032012,11.0129937617717,7.188919099998276,4.550816949079552,4.670278400095322,4.8173632178532655,8.373642019418735,8.546775518702333,8.200045888730907,8.250720866797348,9.664889782100264,9.881908271560548,8.116288065861415,5.639465682077519,5.849413082322843,6.950323031749064,5.468059423287084,4.628934233899595,6.354600182202146,3.77003188771977,3.2352015266186416,3.7205396174464345,3.626924994736941,5.869725041601166,8.249113161696066,8.930879486581102,9.224437053651416,8.390968342724339,8.475741092337596
17.81077476265325,17.376787089056517,17.137554963739458,15.980133454007118,15.004080568654137,13.897346752589137,12.129270916165908,10.773674882173989,10.348519882042321,8.14067911788312,11.262793393339331,10.196134689125605,11.195234511572895,10.341159668987553,11.422810083151116,10.86890960116559,9.667586921240767,9.730224421826634,6.17023880633062,5.733406770139403,5.560380490772308,5.448992031148152,3.8054471101789162,4.389013234450222,3.900853790173184,3.0778854382727103,3.6739876624854975,4.379847085455499,6.444315421585097,8.964615374837202,8.693007917474247,8.927929093527705,7.241796803910036,6.324644273801556
17.459828951255297,18.093457106352616,16.892457251450413,16.082918657022695,14.70432974800641,13.745432970530862,13.04869358825529,12.003482850202635,11.216181017820809,12.389484798111654,10.011833532972643,12.332901395855915,12.165502889048643,11.717561456443846,9.934208349222226,8.39493348260461,10.519272522292855,9.700073251984236,7.388689336228696,5.776084121032869,6.083060956141046,5.39054875639593,4.470432852421975,3.73785495594023,3.8475734829501267,3.705830003291301,5.03342945153806,4.588540757166121,6.804977120253127,6.812064682676228,7.0889979296055285,6.35683133322167,5.256435309820972,6.990229447478276
17.330535872587692,17.848719677567694,17.196204774272623,15.90313969074618,14.584796572500503,14.292120771464814,13.764158301010095,12.837443542838171,12.193745504895652,12.213718925466472,13.864057261504547,13.502542050898569,12.465207253781646,10.76619012926824,8.270900685515965,9.087332661198525,10.25734369931382,9.427006378350555,6.553680159407582,5.897137704830003,5.008994860786116,3.938244109406763,4.467628073542823,3.822525544924193,3.8339642243910332,4.242105275414151,3.599315360542242,3.1367416211262795,5.308193073423646,7.091006734352764,7.9596674985429825,4.546002626588041,4.951332404603607,7.0927514079360865
17.927126804104187,18.081491594052796,17.621540815646725,17.175851853063918,16.638820391315598,15.073350955054407,14.696225893811095,13.148462902538089,13.07150901377553,13.91854497348598,12.93942173742828,13.327153314444397,10.822558383329627,9.61084722590456,7.364431776140386,8.979125456559867,8.907467188137973,9.829551560240768,8.965006017574462,6.2796439189015,4.449157232659549,4.045177987795922,3.9642629175681163,3.8426791086793695,4.104709096013945,3.4395661642083004,2.5530073237334925,3.0516671861165525,4.153602704310767,4.7341981112546945,4.273250134561302,3.3648328016351097,3.9287722677851304,3.9281402559870746
18.282956750634337,18.578496181896206,17.700732318023466,17.72656480321427,17.03416228109866,17.485294447713688,15.417532420453169,14.180781540624771,14.341981448739892,14.478505407644507,13.554817772822279,9.306370350052617,12.427936164258456,9.273487620674931,8.074130331436532,11.733821847132925,11.173768670137056,9.910520535622473,9.641224099822532,7.011449730132029,5.276293102034733,4.4351161326204265,4.431470026727144,3.754199825158486,3.9127224051573073,2.8191184939857306,3.0136364856398785,4.230208884198596,4.654131797782914,4.0496089263246065,3.8696613406835305,2.7111692063791355,2.6822326861598706,4.345839541211895
18.92159752856025,19.15315915273833,18.850895222742732,18.55526185962252,18.276919165102953,16.571372194135026,16.578086144867736,15.396259316711403,15.09730424325132,15.53213303937497,14.8427883060215,10.998638694576954,10.612164237822912,9.566073692579206,8.386202389560957,11.390512101556764,11.694665241381747,10.53911959119564,10.0318221429356,9.153755041911886,5.466661701799866,4.220135029835597,3.722853131234622,2.8808753818774653,3.0210298386754824,1.7855458230362342,2.6900876389563737,5.7000743664249525,5.487414034623931,4.543608670886264,3.5598336559324535,2.571135957108474,3.069935982719449,4.48138654180982
19.72441940464829,19.924362985793433,19.770964169312006,19.435267366411384,18.206964238902618,16.940394442217407,16.989948134668968,16.113426552047308,15.755019297509387,16.031617483958378,15.416412463192305,9.88435733907237,10.060021575257219,9.70512313793307,8.646367618695864,8.700758333517463,10.476127324354104,11.196063886789482,10.224609094204748,9.472576928294204,5.191099034328013,3.1863726689498315,3.859053808243179,3.6124674992621437,2.649012190413955,2.0480979453775574,0.694434022888815,3.7854842421745607,4.904980445820104,3.219242816509802,2.1741721870789275,2.8874999134529253,4.068523610142119,5.322027636939755
19.97319582654246,20.40566514752549,20.24490684133896,19.738259867271747,18.270309137955802,17.085636143384708,17.997616722381366,18.320176971117647,18.08283867437931,16.902176358270818,15.742392258285042,8.50468048527129,10.282011547376046,9.637392790263963,9.134922543296767,9.607340454631089,10.723587429525002,10.548832200077499,10.070326601239673,8.386679577189295,6.416989456650121,4.240209506146113,4.432647963168516,3.038652497026337,2.302844682380111,2.3562701273466438,2.5326174155162513,2.8017041763432466,1.9457081929287536,2.6919295975665594,3.080645577640191,3.6831560340909455,3.858100487608356,4.644273745746557
20.30583368421971,20.55363522777464,20.698219853442456,19.743464530745786,18.163874609573774,17.2155752136964,18.039572288734284,18.709915195648225,17.94333600090381,16.518723288051824,15.8674454675978,10.865411004344631,10.39141545210299,9.368887213594403,9.419418848583069,11.346630800958506,11.399003161966263,10.395682463390903,7.685544445946129,5.648813481366463,6.556548650786456,4.992337815503195,4.16428394153842,3.671567543176974,5.641647210703509,4.501301223558997,2.888574971342446,1.779042433497007,2.0006160638007207,2.0606304191017575,2.2041524421905936,2.5917665805260137,3.3065644949439084,3.6349229933543348
20.712696321962547,20.989151290581148,20.76179909383957,19.585762000636507,17.930726111683555,19.27186201761854,19.509632890386786,18.421242202703503,17.690047697416393,16.782249436826095,16.059458854732338,12.506088918551697,10.721162625631829,9.21709335298004,10.14995211532047,10.94114559273728,9.98161863407526,7.261145609395662,6.819103647613461,5.552273198841858,5.406814872756347,4.735026241392231,3.3763547727297234,4.978427421365801,6.034393293043162,4.551926386683025,2.464832919422609,1.6322625407898987,1.3378384325595503,1.4968207066270434,1.8667469254025648,2.932025331647454,2.9316556182428473,3.6608318449477077
21.000395375237023,21.176550206704675,20.87921318835553,20.604578080579596,20.29917317833033,19.99665913499129,19.33711389181946,18.44731273268139,17.258823705460703,16.722071969281494,16.270273449920346,12.349419902585648,10.713991025837695,9.291590104016915,9.943037932623302,9.87588205513141,10.247889588747988,7.107292134791589,6.644973006286893,6.172570126761411,4.285346447206888,4.14799834622605,5.281604593928027,5.052397412084184,5.021464654227586,4.547058637044418,3.1985779398169285,2.4772475752616674,2.095328902404206,2.1379619965071037,2.6039101002084593,2.1356616567442166,2.639836463414491,4.855499468941373
22.24499715553281,21.627710256553012,21.506604238498987,20.64600810863208,20.85754687270185,19.963363358577617,19.034528620359872,18.025686890737294,17.60848800989998,17.203569944792587,15.90778526910234,13.61549180016833,10.85857471456411,9.306944669811076,9.327643048913224,9.053398743101965,9.962758547527145,7.091962847197631,5.901216063267065,6.067040175197244,5.811368992471806,6.60464177406543,6.614147897643902,5.272862316160566,4.37710252931363,3.6920349916685447,3.9684063412368387,3.255526912063724,3.8606341632346832,2.9257760893420137,2.5228722714655345,4.313260751471821,4.008531872906335,2.4670939081534278
21.553015242472235,22.002855493749305,21.859206165501806,21.425252571858714,20.598211940572195,19.856871184459187,18.627462305533353,17.449915722818606,17.777763518829335,17.301219771112876,15.918621280353909,14.70090455260279,10.49290876655063,9.363578567725277,9.42652951570033,10.588007918263376,10.151375357606536,7.909129234092677,5.228280722889165,7.206601948327147,7.1970392548561435,5.761917601857817,5.074428192311987,5.1587933952871445,3.162925961120768,4.2702905997948415,3.442168843061943,4.060169825975665,3.717224300869197,6.583300823683818,5.526323746634609,3.722105509494235,2.5055353754892242,1.951426295504642
22.094365893424655,22.61115348695735,21.79121378174203,21.20075642560771,20.11617917034954,19.32173051579445,18.253651053391877,17.731946274775005,18.20934776121393,17.90801696204049,16.89403531387231,13.310749205911009,9.237576728275272,9.450905434568595,9.716078918037836,10.91598091276289,10.252194668128784,6.532350992907152,6.608233348607739,7.338425386943256,6.1094941769923645,5.213746631514746,4.916607184528402,5.643674735037041,5.246164868637012,5.1345865496035605,4.542585440794562,3.6541206029276996,6.994259831552859,5.358778160636886,3.6838732354782118,3.1393007340253933,2.0781336266830457,2.804841075411263
21.99240751884327,21.968577314003678,21.957813040236893,21.193716907112414,20.38698212501755,18.795657954569506,18.061244715786152,17.762290754312026,18.291545294399636,17.49585122004123,16.42322232059912,14.87493228186211,10.318122190098357,9.279771319504501,9.979550252101042,9.76635510801149,8.345961060208925,9.092780959710113,8.24963372157202,6.741044989652955,6.3145175640285105,4.458609556153168,6.150818395732024,5.313097960363547,5.574425764277754,5.050414323154325,5.244071173660686,4.562265241197818,3.3333908002573898,3.1481679109425915,1.729686256633246,1.401071632981428,2.8332802130877153,3.7756135929760726
22.245064933051882,22.37214772949455,21.69080213067418,21.04502298136728,19.835141816458957,18.755296034321173,18.05958181101909,17.70950616527047,18.089554952551232,16.695934349727317,15.809812525465205,14.207877929771232,9.711422561659074,8.956345756752203,8.73103876339005,7.786095694993713,7.162589215075331,8.860861629228895,6.882231500642535,5.429416165254468,4.638393224025917,6.294169794819726,6.002365559358437,5.625368364608273,5.597966289962992,4.771842443367167,5.00595991404904,4.025199421436616,2.2249102279922504,1.1415971656441817,0.8495509168983546,-0.23248551945467585,2.5152423553266674,1.9043972520184662
22.231544482760135,22.78035104220726,21.71258816744997,20.732579364180282,19.397896029280215,18.753767503088444,17.63273901054007,17.74450903924599,17.634190511172186,15.498763167852452,14.699590870447238,13.464353660779567,8.948840052639898,7.7090390128723385,7.288374383605542,7.058260235967646,7.3646437880927555,7.054254927252339,5.9371810931979985,5.240429279388725,4.38547942470367,4.988086351480331,5.163981354763132,5.0167936110914795,3.8048394657466145,4.5123371376897845,3.9825391489980855,2.4352957189172355,1.5516684766763955,0.9547173746822043,0.6514481423704478,0.4013749811099797,2.1038942799770957,3.162915884576971
21.629818994206715,22.707789641126084,21.436949881801052,20.496265291867967,19.00624468230936,18.8841401002169,16.89725439453803,16.938371279132642,16.12718290491126,12.849176139798814,11.460838081233428,11.354479883809926,8.221029742042234,7.9282507472763255,6.342377335826185,6.727987755249068,6.57451257920469,5.833038995766201,6.068737031570191,4.619149387779169,5.0532446906537345,4.618652435849808,4.32217047255937,4.429929208689564,3.4454847138942903,3.6251136725802344,3.1580911528523004,1.418163460653704,1.4451159505722235,0.509115425669144,0.9795492736205867,1.0993334357707987,2.3191789510265157,2.4623141063599148
20.803887982279722,21.94239388253721,21.17873342744707,20.2496652671679,18.362984446641793,16.66916243410858,14.598984355352519,13.695535371326192,13.612742400158604,10.757177957434829,9.923518850320805,9.180824899053864,7.295858079932416,7.282137928584093,5.892788957485897,5.707913068255849,5.748488149046851,4.284429802956925,5.147183099484034,3.70892310220299,4.20113924444515,4.68035477151692,4.926975952065304,4.963943123661048,3.090188425873947,3.2708524219876978,2.2423322862863566,1.1902699867688011,0.9719497797208491,0.9890865225619253,0.7671583853912756,0.8478154525234959,2.0425488576663127,1.5445056913500312
21.7065765255101,21.337930829800438,20.94100339415821,20.145281399517838,16.89003390949088,15.037353163822035,11.439093161774851,11.694328701071981,11.823699357114918,10.351076387581205,8.967786070328968,8.278627449656147,7.887437289242834,7.4148834285895315,6.197722672838018,5.6889803990094245,4.438223308667342,4.53540112952938,4.172433694173491,3.750203432532971,3.7575177025480926,3.6608773662943332,3.9172060205711645,3.769171480967997,2.838470112770314,2.244988625960203,1.3631097365487155,0.9269457639176764,0.841932264401278,0.9252644508138277,0.9266929514833288,1.3121528804826403,2.5426054831068567,1.6862943134127555
21.83624891904261,21.07698070992506,20.786453648460963,20.081842846209693,14.993913228235856,15.017434548338901,10.634517721790905,11.447995090939886,11.351838473493782,9.78049897654387,9.229168808462864,8.202946419281401,7.591257909301724,7.202621869513515,5.518810716201412,4.990805929519531,4.839769059323736,4.460882578739013,3.8831969748096653,3.096782198702376,3.5886007622602136,3.476153266456555,3.7523469456273326,3.7825312596649527,3.95665286083408,1.659499409710648,1.1233248480049272,0.7255049774496998,0.5353206784976299,0.7444541564599001,0.49121863578545694,1.0562686254543658,2.23296469234541,0.49777261632589914
20.961017310555185,21.046085471107528,20.103091152845938,18.944433139609412,13.830053414176659,15.634395206568437,11.420961396048487,11.748297070718033,11.234252988287544,8.958862754224734,8.378603995315341,8.064091654229466,7.839573490196763,5.6269546395952394,4.887619113354653,4.796502613091031,4.815242336831789,5.116148353087801,5.12608900598065,3.8009202256212316,4.568042178437904,2.878614889521902,3.6093389690162763,3.0764017095072203,3.562068415445911,2.324375708493856,1.158440028305765,0.5826719756818819,0.28022784583304755,0.5324207732346655,0.380277099050622,1.6750680619580764,1.1374517955442889,0.8598855295218515
