script/wind350m.json
{"header": {"parameterCategory": 2, "parameterNumber": 2, "lo1": 3.000054539987559, "la1": 64.9999836372058, "dx": 0.5, "dy": 0.25, "nx": 34, "ny": 52, "refTime": "2026-04-19T23:00:00.000Z"}, "data":
[rows 0 to 23 of 52, columns 0 to 33 of 34]
-4.2436808901534375,-5.591180668270878,-5.492150647359161,-4.773391761454705,-5.248163590015932,-5.0563205763446915,-3.2924262464250846,-4.738372093681729,-4.354223096892687,-4.18458857492641,-5.39995514463338,-5.859927116563775,-5.222884520484906,-2.3514397406158167,0.32990158750733595,-1.5172817839651942,-1.575109952820977,-1.473523221642087,-2.6909074420059,0.35219807319636187,-0.9823885611095177,-0.8424159914997812,-0.494411183009879,1.0213977024455583,-0.141705001275513,3.6671216226637395,4.281769661445135,3.9636553480471615,3.284310775827583,2.499032864928115,2.8506358462950483,2.750883356471535,2.824998915471663,3.263586920925404
-4.770889091054805,-6.524364563759364,-5.3757046398510955,-5.862775756912805,-4.936781874543558,-1.7894374457251474,-2.56969316201037,-2.893374759932745,-1.2916608699769654,-0.23145236548682577,-2.9208565220226936,-4.9742037858639385,-5.6332230237931595,-3.8370859372379797,-0.7489156310861219,-1.9107007726810763,-2.3352519284168975,-2.3013983748658404,-2.6469766058950985,-1.7897596334232366,-1.6805104590991935,-0.7026215058866837,-1.0207575599973404,-1.330084858958248,0.18943204063330718,1.8496764890336201,3.929099073686216,5.339945639177714,4.225505555125699,3.285969837549266,2.0826933322310963,1.6331353762299692,3.4037232913642197,2.2753216120516
-5.080810580597074,-6.7910287073595885,-5.688953519240897,-6.079050051309502,-3.4642574439421256,-3.7966219620255237,-4.211821875860242,-2.9609621185284674,1.2814642765895545,1.8669451043216305,0.11402770416700528,-2.700050400353043,-3.1272889967728177,-2.6675783887150843,-2.181824271843005,-1.4093479926919572,-1.9597018465155696,-3.555496521695567,-3.0819078735735457,-2.3456491321535196,-1.2981060849960122,0.019890903984240087,0.12107348400378903,0.14340948775939683,0.5807941623553858,1.2098359713148426,1.8527984469513894,0.850862648187397,3.0824112211538663,2.576628026384276,0.3457656628399664,0.7785407678204325,1.0625817804757127,2.343874272806311
-5.764337148952621,-6.672521271607766,-5.592360336020993,-4.471017646742574,-4.9061357079161505,-5.542131734804814,-1.676729777109051,-0.2139715959201596,0.5411091926385566,0.8756483367451035,0.7199972955291827,-1.7808402811968842,-4.070786645181524,-3.170326062111148,-2.529086966291822,-2.792875975437168,-1.9908238643564593,-2.0984482571779584,-2.335161706973871,-2.0355450917564673,-0.7939740577356926,-1.5082199526502675,-0.41619620220725856,1.0851113346329504,0.885066854730656,1.128809520594091,-0.5692111138029742,1.6426231199054797,0.9668667507286403,0.9936916255379012,1.8983159182716696,-0.08445535678358024,0.421786769511398,0.9524332590344428
-5.607180004004257,-5.915186380408327,-3.8307125737681824,-3.1619086570832318,-3.292825569100859,-2.451389135225908,-0.9184759909886694,-1.318355102918733,0.3495797855320734,-0.2348493225016657,0.8863757234513828,-0.6063485576083598,-3.9521300358948457,-4.927663307576004,-3.5433235449234446,-2.8550830967539693,-1.801400783985829,-2.4673858207941577,-2.936730039727919,-2.067085505088303,-0.7955363921520962,-2.364441577640199,-0.898036408603287,-0.2841993319412797,1.0843926654895537,0.8399968312208291,0.6485288176914922,-0.16917424919801927,-1.7916054894036544,-0.41004023338054724,-0.9812672373558512,-0.49804957252530435,-0.05277990820398676,0.8574068030441787
-5.258980828561307,-4.686150855386908,-1.3906123468127607,-1.749357129871668,-2.9958634073859094,-1.7974230527761124,-0.7182096857754231,0.06650514449770178,1.5135948528942198,0.4987994713417075,-0.5329414046882167,1.6368772759199788,-0.7453293624440401,-5.6334310862731645,-4.460224567296613,-1.7983198010240984,-1.1354886058134626,-2.080453449764161,-2.1798561949661917,-2.354498011477977,-0.7139088067195453,-1.0794994159597227,0.29735925026669036,1.970080556671932,0.6638397901308957,0.8560292030023369,-0.8054893745508442,-1.4341237344947824,-0.6122926506703258,-2.25948009758653,-1.675710859101529,0.6613171808377248,1.8496648729450254,1.242553321243542
-4.3616658818642415,-2.6042255538353287,0.1869843073430944,1.63427977403953,-1.3093155641353014,-0.37236606164467123,0.9217900561795628,1.202565638740381,2.245308943543133,0.9183434193263449,-0.5831335972068467,1.4382553177562172,-0.811758956557167,-2.133717271035456,-3.8720211815430225,-0.22588846715730002,-1.2197056183432085,-3.116459902246648,-2.333828890382475,-1.8847734102531115,-1.2720693019250047,-0.3355296746712443,0.1302678150594146,1.5671384638820418,1.1132293208706843,1.6543871307958689,-1.584260879380159,-0.8183977954636216,-0.4659888438330531,-2.53378808111978,-0.986143056131074,-0.27504578180666533,0.37104866692457633,1.1685914895127998
-3.259769471698601,-1.1376256889359204,1.0339091332718913,3.0249484641132227,0.20834540793829287,1.6625648086265805,1.7417723881330356,2.186580982352922,2.7585047969577983,0.5171860196091418,0.3266576045186832,-1.6235486486397441,1.0133855485840628,-0.1039889900601162,-0.3934748955652345,0.4903272154678114,-1.5209880690593398,-1.406719313919872,-2.4454829981929147,-0.7281185595907543,-0.5741867599941727,-0.4274150989571549,0.10924187295882756,1.2091045856360703,1.6411079070072923,1.2664367078221381,0.34563259826375475,-1.2273933823809224,0.9495254564874467,0.9252873849152893,0.8117744144434714,0.5490432664081457,0.7623197879561429,-0.31670222159720557
-2.120152836625484,-0.2660609840488208,1.816544566676562,2.425381287395244,0.5142808859937776,1.9709089617408941,2.0619417415159553,2.2836834561538955,3.3072943946952904,1.4749782351351841,-2.344263299714696,0.5184859545805105,-1.046344772930318,0.7373592352716919,-0.21366745771771825,-0.7137754850186611,-3.189943607612548,-2.4579603515723187,-3.013130013514682,-2.177761898134173,-2.239079421633876,-0.15861360939187683,0.7599083297516024,1.162336211798875,0.07879009223706804,0.3836177286592244,0.5211501454766511,1.5677771462093215,1.8255610100983075,0.8995027418936001,0.708021095939813,-0.9463548041430675,-1.000228381941732,-2.0806347866346018
-1.7905683893938042,-0.35006464144370264,-0.37233276051030695,0.009782668999779292,0.9379935155181155,1.7372850475875659,3.0788877741985687,2.4904658030271936,-0.09599745225857245,-1.8306643352232945,-3.4458846772104885,-1.1469935517913907,-0.6999932585131936,2.181537203010228,1.4959126738605661,-1.153616765012115,-1.9520404130948352,-3.5188653387780553,-2.9441906537091533,-2.172303948968704,-1.1875207604717053,-1.2018884703002968,-0.2577039972552596,-0.41718339440692365,0.47408956299729804,-0.9056639896305498,-0.5412547068950162,1.2491806009799935,1.8337349312595115,1.140588609584276,-1.4164118709890414,-1.8448638264046266,-2.395779382818766,-2.1317141078288806
-1.0692412813348473,-1.8222778351908933,-2.359669771290743,-1.0123074474302933,1.6408638446799386,1.5527013830129193,-0.3555178324279679,-1.537397612793728,0.40605193327344147,-1.579129385262885,-0.9765515580459104,-6.816589640395187,-2.78672881661215,0.9977602733782591,1.4585747212471523,-0.5779222175017295,0.04000619425649964,-2.6677946932468903,-3.1239203677403498,-1.8277695855116731,-2.3710751437928104,-1.8783615581912139,-2.8615498609731396,-0.09409659684750428,0.014316661715241222,0.21784304347224642,-0.14124614005398045,0.27453692886384123,-0.6062997225679349,-0.8731886967985482,-2.04035814121525,-3.1473757586386775,-3.6199303817600685,-2.6278823819062795
-1.437375997585167,-4.511540201911227,-3.7630116866433228,-0.31993121694585475,0.060124417142689825,-1.6546470054399516,-2.5216326578176673,-2.6793480348626693,0.34504877578382653,-2.6994410716255057,-5.44363953114987,-4.700011619944022,-3.795670938351215,0.7547113793083081,-0.3443887774764092,0.08872284764858471,-2.4492277441013943,-3.5983027581570495,-1.9256957341290524,-1.8007489291710848,-1.512112558020457,-2.190424341773284,-0.4877194874107744,-2.4996240892118373,-2.0418851242872442,-2.06771028858064,-1.2424733396396597,-1.26658490511451,-1.673012756653564,-2.412283731084053,-3.1851040888429236,-4.178587697286274,-3.274211592233109,-3.8595496133282285
-3.966811195342633,-6.013337571984985,-2.8782100800543264,-1.3622265074805062,-1.617348253844036,-1.4754819911800956,-2.4291136435819594,-5.247077487855455,-4.665810988155194,-6.185060467473185,-7.1942055513265,-5.890056295906535,-1.90164382109522,-1.8528231477771557,-0.1765191209732355,-2.8514734485007183,-1.9245857886693851,-3.227743496156479,-4.0662946003896625,-3.09589298242627,-2.069970581366304,-3.5718237545046243,-3.531635171341205,-3.664694573567333,-3.8165745418208665,-3.7589021446030233,-2.562520951598073,-2.3599453109542106,-3.1564289572936595,-3.3582753415902156,-4.72641036638187,-4.2027970639497125,-4.438242075789435,-5.973490386857885
-5.319659884759372,-3.816689095883988,-2.1903024325225973,-3.062572691500363,-4.34282396421653,-4.432756105729137,-2.9051066070906706,-0.14104439410559577,-8.19477565968049,-3.6754067472257894,-5.314921023455705,-6.666491114596342,-1.0047429141363289,-2.99887489279476,-1.4494181783924478,-2.535229409175845,-2.5836508766381483,-3.708755377726742,-3.3308063808116724,-4.213787913390518,-3.262813306977665,-3.9897145476442573,-3.9549679373934,-4.925863427858049,-4.450672063712157,-3.5693317983417567,-3.456738611069747,-4.52118899852996,-4.0508035850907875,-4.159166026856011,-4.6442255773139784,-4.4477144403550835,-5.627933414528867,-5.078542288038516
-2.0984248464344257,-1.200431460089467,-2.37437840270064,-3.452304396408018,-5.848333615705987,-8.456678347536542,-4.4825091988700745,-9.50803239584382,-4.751625262848955,-4.098153885619547,-8.423385249500251,-4.441134343858072,-4.050272735265023,-1.509434451025359,-1.8189043567033931,-2.6410525208289397,-0.8557515675699962,-4.643920768650961,-5.1686749291727265,-4.228000797830525,-5.948135711761765,-5.275748361998847,-4.787959858094551,-6.127066377890224,-5.046055728177133,-5.046714156324112,-4.617390958159848,-4.245784414710425,-4.658927249994169,-5.306611519970172,-3.650338706971634,-5.018747085542397,-4.7016728314584535,-3.8631663036980166
-3.3591593745798742,-1.993773009412563,-2.5439209870645927,-3.3548609123510955,-4.5577813086167795,-8.9058774007118,-7.584499395457524,-1.1151895954928244,-5.527215928630281,-4.687758123121665,-9.245750635519578,-8.494020602640555,-2.9160487470491265,-2.6822876809921907,-1.6533767815894636,-2.246046610087087,-4.146400495878816,-2.053175240614938,-5.528822500568125,-7.368547860134098,-5.022439176105301,-6.801328907744671,-6.599853338324078,-5.659360569806695,-5.778168694963515,-6.942386330749995,-7.082905124274846,-6.492448426572387,-5.540729237895351,-5.875153856892125,-4.047100981838349,-5.24655306781903,-4.032658655056065,-4.119978602798351
-4.443505756702232,-3.789197227223601,-4.149933816702138,-3.996082528585208,-3.7995086692995486,-4.912278982710793,-6.7056402209357,-6.686404214144173,-3.3572183874648656,-8.85919946064568,-9.252404572824231,-5.974111917329826,-3.512938258207609,-3.41459340765474,-1.2458527619187012,-0.5629151812943801,-0.7416572874593507,-0.3152467941675886,-5.583363048902164,-7.764248629504042,-7.3531878756961495,-6.933778634670371,-6.76482808239102,-5.215755112038078,-5.530884922650925,-6.276318848106965,-7.098460366143393,-6.632445350383112,-5.858083368403151,-6.314636310635516,-4.787050273328565,-5.001459363804614,-5.3238614286054995,-4.508799501976654
-5.979941731107169,-5.525049406052712,-3.65457965739556,-3.4499899184095475,-4.233673746407085,-6.663424357284625,-8.629296219443773,-5.862955417421609,-9.840925095177093,-9.678808220446678,-7.175930010278443,-7.580198764127523,-4.48498585013491,-3.8835754841419963,-3.057905520162576,-2.168147219524099,-0.6992499851618731,-1.5918936127103476,-4.940791668356413,-7.747742364690398,-3.6303600454411202,-5.143205918748915,-3.8573510088969063,-3.7645393069676514,-5.893837587558125,-7.8493091644612525,-8.598380128970497,-7.302657956896713,-6.921033562667772,-6.346293658029523,-5.636764347702154,-5.3804659727759265,-6.616957950198965,-5.65317140315304
-5.962638410842452,-5.351298579590936,-4.074722935907001,-3.2514324428657875,-3.6191761623363203,-4.528416755728867,-5.212960570842577,-5.247809368032926,-10.717525702847661,-9.138197752699845,-7.603392909624253,-7.323578179481218,-8.472106936613786,-4.27067208930107,-0.4588787363535386,-2.0356845277194804,-2.2192029935095885,-2.1158227486566505,-1.1205092869855884,-5.61863345257743,-5.59736433315305,-7.248339475144458,-5.912163843925578,-5.282178512040219,-6.787460209373922,-8.472863696842795,-8.016845788643652,-8.25464305960733,-7.377221677841111,-6.84272221982426,-6.987385340542563,-6.855158674024736,-8.015188848532647,-5.62963691964317
-5.046421904416827,-4.052121323840473,-2.314675734592794,-2.812620637249361,-3.231537266510059,-4.920752516760781,-2.3801349190432344,-4.581103167921879,-10.517700717179798,-8.994819104769004,-8.082942352973523,-7.839360557524666,-6.648860297478271,-8.869337091864516,-1.309474173584537,-3.7492612627286728,-3.089509971442895,-3.4449930103497115,-3.7489355613724467,-5.606817119238784,-6.343264327053891,-7.000289848829074,-9.081949269177754,-9.18522312699446,-7.960979209710359,-7.429424810980178,-7.992072220207904,-8.748727475048229,-8.056088175401118,-8.090123431129584,-8.195445257655676,-7.7680828405359,-7.559144014267769,-6.887947555161608
-6.1032828813757956,-4.727267989444586,-3.209876731384076,-3.533048059399717,-2.909403628926284,-5.647927132495911,-5.813471188921716,-4.2413474942379015,-9.858709544978336,-9.419412067260977,-9.07329125197224,-7.264571946153486,-7.842437006311616,-4.045377571623702,-0.550497393979113,-2.9204516857415235,-5.263557087245748,-3.863762329077551,-9.603412215079002,-9.396577017311104,-8.62572618474435,-8.601556737534752,-11.031065319229628,-9.997799287062664,-10.466560319451368,-10.675183803180225,-9.516144574703617,-8.563359208077346,-8.958325414701699,-8.066894499118877,-7.317040307131554,-8.126525213678411,-7.640792380706865,-6.481822781021695
-4.794435824809047,-4.301108488603421,-2.585751758346655,-4.208535869939637,-4.147561808663098,-5.872361058314491,-10.248250003529252,-12.342206890259869,-11.50338606770682,-8.124365750097793,-7.762083990927026,-9.196897544197888,-8.050506000230278,-6.027165936902263,-1.2005954187780146,-1.417781376672995,-7.521996188320306,-8.636627860555421,-10.991394501135938,-9.499240648041527,-11.920986898778061,-11.141944278066008,-11.396866901227066,-9.731230934943218,-8.41429646759829,-9.321557774246445,-9.690654170786773,-8.666041608025624,-8.144719979806863,-8.2906398587432,-6.773600390491139,-4.9640300139071165,-4.328935547728839,-2.816181683299111
-4.051079599423504,-2.8353078689700264,-3.7348611341117604,-3.1719974157922244,-4.7749204874580595,-6.712015427293732,-10.990683677843252,-6.884644695369908,-11.762731757248833,-15.086999808562961,-9.43359387065101,-12.21636938254779,-6.794246260028074,-11.685842878109453,-5.903723842536501,-5.386110353529471,-11.522936780804944,-11.681799989183073,-10.205080751564507,-11.499189620428568,-13.59404611858691,-14.520438650701227,-15.36860688947337,-15.349113391551493,-13.303638938208529,-12.34700471519641,-12.154890830391839,-9.86228749972698,-8.284060701908935,-7.163290329835589,-5.6541508182015185,-3.9014977756613427,-1.970901371912383,-0.22033721135654652
-3.501691954193052,-2.8014651112909386,-2.1629281410539147,-3.743146897969949,-4.843471765095435,-3.3512266422591064,-7.765393495783177,-15.58107777715693,-13.940948062151993,-12.307499536912857,-5.228483821986277,-7.567259361685055,-8.785824040156564,-8.671229372884802,-9.744825085536993,-7.479725934892554,-9.205196421292662,-13.24263348326501,-16.00920470853639,-12.716789261120416,-10.46955938033573,-13.339128555443553,-12.326006376591288,-13.562967020077076,-11.884405620972622,-13.806698337206381,-14.926485176812294,-14.14816283089006,-12.562842664159884,-10.594711011918077,-9.497919833394949,-7.882612945025403,-6.238736242932225,-4.85655983785554
