script/wind150m.json
{"header": {"parameterCategory": 2, "parameterNumber": 2, "lo1": 3.000054539987559, "la1": 64.9999836372058, "dx": 0.5, "dy": 0.25, "nx": 34, "ny": 52, "refTime": "2026-01-12T06:00:00.000Z"}, "data":
[rows 0 to 23 of 52, columns 0 to 33 of 34]
-10.656164401760485,-10.81766640037309,-10.932724006594565,-12.26456716446425,-10.579725138768213,-7.138857191857002,-7.46975862646387,-7.836384996653126,-10.361742664051182,-11.709698730430741,-12.457103535456097,-12.798278905452028,-15.032953819519062,-15.293834754998164,-17.299641314365036,-16.522684191747068,-10.754676359516239,-10.933294572450945,-13.063886958240092,-20.227252103206393,-12.500037810805452,-7.002201786138192,-12.569579010415318,-9.600926027768844,-5.891804231283331,-3.9177006961736627,-3.6702594338031567,-4.2090582080740235,-3.2949843742670204,-4.349313265234298,-3.3673129627584526,-3.837178128317879,-7.354088607486523,-4.738234236362953
-10.05169266887908,-10.985924292003741,-11.308244868788455,-11.859574144714742,-10.656240883292108,-6.589891951439601,-7.691783731245284,-7.617274913323781,-11.321412474633837,-12.136127736160411,-12.443374062682501,-12.651651908610505,-14.554488739013735,-14.612770705610226,-16.43165464053994,-17.87136827275407,-13.09707956171933,-12.608546578835304,-17.942621797564595,-14.7555662135282,-18.381096809237572,-12.176320143084318,-8.079846367418776,-9.844468412348942,-4.04748278210553,-4.025665745535606,-4.478168308659646,-4.2144136076546985,-6.361368280747557,-6.77489441156005,-2.798928430449403,-2.6356034153910506,-3.7416600975069376,-10.855253856663737
-10.500238872253595,-10.359260744652847,-10.93713468647619,-11.92885017904257,-11.980180950941852,-7.3543035891432975,-6.8861590529190915,-8.347011275372644,-10.739278796010794,-12.907040688700235,-13.471440757673282,-12.346973259229912,-13.593588346793213,-13.484379312186011,-16.322490563563225,-15.327990691249251,-13.273789693554003,-12.642690895890262,-10.131062592599923,-11.383405049316565,-15.152978198553589,-8.365353002823621,-10.950228377080162,-8.417700173837439,-7.693397890325906,-5.043384014555968,-5.3013399379949835,-4.977804289843248,-8.283413779751195,-8.7694945113337,-8.650555846360092,-5.568299620481879,-3.9903411975636223,-10.818707382977601
-10.206278864668697,-10.087454752949592,-10.428054882811253,-12.218441506200646,-10.65563136198743,-9.387825817691926,-7.691254809877431,-8.269189923318343,-10.14351468733653,-13.088843860931977,-14.096146704505536,-14.093268498099548,-13.881416272083626,-13.949203226499346,-15.977475734162033,-15.94834107512578,-13.090204081031708,-12.046182017120264,-14.956588837322931,-5.5174152360136075,-16.947789507106414,-11.085900915994584,-10.415068708186451,-5.474225225890072,-5.606335081368063,-6.05675008237057,-4.404297913696853,-7.329867614024376,-9.999978546070128,-7.231100733612965,-5.147576375664279,-7.175307955344738,-7.761368917423394,-8.603511581644753
-10.40262471194303,-10.034278243513668,-10.615473186087518,-11.323260676192705,-9.961416017286819,-8.917799947349822,-7.086844286312077,-8.774407293772011,-8.986128664926541,-13.291469391539044,-14.295626554653715,-14.857984759573204,-15.013511847059082,-14.370327839803767,-17.502399249389903,-15.58454152803445,-10.725717155145686,-6.839999845390043,-10.533651761475841,-11.332771412781984,-16.54968996215372,-11.019563340548286,-7.313650157138764,-8.284430492634488,-6.132397011776248,-7.9074978361998856,-6.945185070914901,-6.756760629620711,-9.709503454266137,-7.094197195228049,-8.760326113771487,-12.660496854336314,-7.725382659048396,-11.192674234130923
-10.440976601267817,-9.261741318208449,-9.885001342150948,-11.90708469962549,-10.393023826327184,-8.118846258306924,-5.972798695499546,-5.907795715696424,-8.07651067446901,-11.103848811744212,-13.006025700388093,-12.988363008624608,-13.93926902261737,-17.70625620725016,-15.142131198047139,-9.021096229693494,-6.190579526861619,-8.465948344442856,-17.04516391028193,-17.698496965080974,-10.240740294386976,-10.008963886090886,-6.797362413518444,-5.8483181310066366,-6.871458880552427,-6.474606771265425,-6.6196845925579595,-8.070446254283558,-7.022887220277521,-12.819127117392016,-11.745684791103738,-7.438370664183036,-6.8322407937398815,-8.814334620173208
-9.655163093489525,-9.161079243754394,-8.492640982719957,-11.471635088125938,-9.3749410205376,-8.02471332082707,-5.170147099319972,-4.666880791486826,-7.677251688901368,-8.357744396619117,-8.677256516757087,-10.100549543172065,-11.668267426406059,-13.119483023384308,-8.208472222205762,-6.867974921016989,-9.478356788421051,-16.848432399267494,-14.477787729514818,-10.001323243045961,-7.2264812939573995,-6.293340129826729,-7.357755347331332,-9.357974925153803,-9.600639058066953,-5.720623077345741,-7.8419444667896,-5.962982850446789,-5.958695529490934,-12.290360046944622,-6.42821578403273,-7.172995130508297,-9.060707834926733,-4.665083637713852
-9.063248107179707,-8.325973090820174,-7.372553365464674,-11.004570023503323,-8.855880926766236,-8.253962975184209,-4.548054654411443,-5.100518327874665,-5.777283441912169,-8.762719008264536,-4.985589089717228,-9.04697845321762,-6.856843691881688,-11.823295565036654,-9.624592533552947,-9.28690603900523,-6.111268141917106,-8.576150919212566,-6.403629705647747,-3.361328798410704,-5.733995587721879,-4.851663916131575,-6.052567717252769,-7.944006429600148,-8.814216345449328,-7.848881313858024,-8.74552532795695,-9.175222028211454,-5.3354414707333415,-4.812922698652275,-10.122497964914384,-3.561913562754846,-6.044742268808203,-8.698759687183815
-8.857158577488107,-8.487323168385016,-7.689907837899805,-9.35923090908708,-9.101938900488634,-7.198789694359393,-4.169420259160952,-3.3837210641368336,-4.069687829205577,-2.9079991690544804,-12.192472911984629,-6.441975137068187,-5.164985726716182,-12.166352595757578,-10.429103414678307,-8.369734870568825,-10.385117584888492,-8.019547526397162,-15.1558643362543,-10.506684272754807,-9.656928045845214,-4.977836113890671,-2.3798409659926865,-6.2795453000644255,-9.281379688196925,-10.385714411572238,-7.828468996795511,-5.804389554518324,-3.6642870152974587,-1.7861985459732639,-9.134596050072949,-2.369845218013621,-9.959317900397124,-9.458980683756014
-8.966670775700921,-8.805366015255784,-8.541111845156852,-8.106332757641905,-10.67765237612223,-6.9309317613218475,-3.4077856755172102,-2.5451122195754303,-8.182801329002427,-1.8556587360032266,-5.216290944599056,-0.1717480071344311,-7.845272962624701,2.4106581121471202,-2.794984886520767,-8.91807409504824,-6.657767997496853,-10.692130610557328,-11.221199103899238,-5.617798006289843,-4.123253843250978,-3.806127116642497,-3.9788734089942284,-7.012846363694657,-7.5080664696184085,-10.665228823503655,-6.790623257176327,-11.321055484755785,-13.635915552448484,-10.017312417386073,1.145984472066673,-9.944746526108203,-9.840971699890577,-9.252266859491133
-9.6392941876058,-8.826838709463868,-8.719079034264183,-7.80444889037273,-7.9557273393584795,-9.868111305860817,-2.5918539547441464,-7.020008297766871,-5.121185298816747,-4.568405000703431,0.7655177102836006,-9.628194451614425,-3.6776910042329978,-0.7404363631799205,-1.5237879083529262,-8.759470578831275,1.3186582832193792,-7.15770171280672,-11.225002032436306,-4.747894385225946,-4.156695643846366,-1.9770019483684451,-7.175803776761184,-3.8120969361137336,-11.872681694874949,-6.04000137208327,-2.1069527085170625,-13.179888011098658,-5.391766955915688,-10.370644000217546,-2.504426942629045,-9.07719626598909,-8.790752459690543,-8.344340692932825
-10.30883791116051,-9.714794532425312,-8.841466626530906,-8.25067092559176,-6.775679593839108,-9.81779060902734,-6.920350059441684,-9.892659928902802,-6.059807944228429,-17.204823931563265,-12.383114341483576,-6.736894394650876,-11.98537148480487,0.6741772078628285,-4.244026632592534,-3.6173023336816454,-6.040450669697164,-6.570386150008209,-9.15401716679125,-6.573468550822847,-6.353354324712558,-5.807543600433067,-2.785733554749977,-7.843095988305843,-3.8016503332278044,-8.047182587798437,-8.060457083042131,-5.405428294261514,-3.057856642040426,-6.530528886057621,-8.753454421369103,-7.973658880202276,-7.278044146639577,-7.855039882213685
-11.735118774262766,-10.73079446821078,-9.400749476073031,-9.382698134475845,-8.029753123348689,-12.09933953704126,-2.558180984308058,-4.585328115050056,-14.11533030874395,-4.169823932011051,-10.739666753735241,-9.025430327419127,-3.0845356825396673,0.960117180212486,-3.162535257626265,-4.17019400829821,-4.58695076197711,-4.420167196209047,-8.913675994786676,-5.689777547445163,-4.497696880472397,-4.504867140481189,-6.857672342344242,-4.34218769684593,-5.750128661759678,-6.272844811643527,-4.149883729866506,-5.099351725236502,-4.539836803512861,-8.226194718008026,-6.993710093219063,-6.844634864985361,-7.555204110293749,-7.999292606538106
-12.465410055726554,-12.385394685497877,-11.039635062203066,-11.036168414129952,-12.740664516648744,-15.984055820310356,-10.8833125528835,-8.793062869260574,-21.3768159661765,-5.398637632313859,-3.397759543376679,1.2432527830323843,-3.0275535059751992,-4.726501918293931,-2.5175951314251965,-3.323329672930558,-4.221237287718339,-4.0077015121643145,-4.751255045513728,-7.144143513581151,-2.6360637967377736,-5.611876490497671,-6.310754063760705,-8.667113220089487,-5.061213142829128,-5.0034963151386265,-3.692280981727487,-1.6425589859514906,-3.131043037430908,-7.597544145233714,-7.123908682121018,-7.441740600032357,-7.985874923648709,-8.326594928526012
-12.918993197247715,-13.140111372311406,-12.93222686564725,-11.851477334686482,-10.93930567294321,-15.530419691463361,-9.733430914905165,-17.941117488221963,-12.969353645718577,-5.897379283720059,1.1938191489127448,-0.37236987918350306,0.8513801318488136,-1.289674776534834,-3.9461561388657294,-3.931505004946247,-1.0457567836527528,-7.095111106778803,-5.755181370986185,-4.526607126690451,-0.9792502720229679,-4.881575092913306,-7.354204305282724,-6.117426491531152,-4.099173902512193,-6.999223133493359,-7.273748708222841,-2.141977257110064,-2.0528034386808796,-7.575484082264999,-7.458589493747931,-7.963226552243568,-8.398056918417137,-8.81981042746819
-13.41420458806587,-13.796238290386574,-13.75723073168543,-11.466622025748862,-10.973668139913187,-14.64549283409389,-15.923018084585797,-7.9880670850829505,-9.633755781163936,-9.311117987959337,-13.986399694741436,-7.531901309421111,-2.7929046904406496,-2.029944652394847,-4.1798209927555865,-5.301843883256759,-3.886223203584939,-6.3907658960976965,-8.581479732645276,-5.545562679710176,-7.10873721184119,-5.380599677395152,1.06523638688839,-4.152372412812173,-2.245583005292798,-5.3402713327922475,-5.52366457095885,0.796983797152461,-2.0128627068787215,-7.595118005911225,-7.643595812398547,-7.915809453788105,-8.658886913678623,-8.897758291995542
-14.365043062394943,-14.683017199866805,-14.582315513497896,-13.221157388081268,-9.429721474759154,-16.694876321511458,-17.40520896304031,-15.13016578579997,-13.983896632997206,-13.828666585225564,-12.298646078597717,-2.8414736183493323,-2.5268664455085204,-4.141896271246039,-1.8334843399886975,-2.2711715330354636,-5.034497007869032,-2.925425461148728,-7.463897685031602,-5.934129730535222,-6.934645961166101,-5.1878799194967575,-5.525818968917241,-0.6729612374082334,-6.897404243342008,-4.707771305316749,-6.8835401948087105,-5.599202397145634,-2.6944656555052235,-7.672762149919951,-7.351810179104883,-7.563002453083162,-8.879242615937025,-8.29769928613905
-15.361243873694036,-15.188181362101188,-15.432690231862455,-14.435964191117286,-8.798000893447474,-11.54847514060248,-15.387160519322329,-2.49193808267332,-16.179467756291857,-12.418649529511358,-7.327488459658878,-5.04125281341352,-3.425780123600993,-4.895468795366903,-4.1310575206986515,-4.4779873941339,-3.462253322542087,-4.44237732500848,-7.170367421941487,-8.85271655825196,-9.272162720784099,-0.3788961826296741,-4.174089607725136,-6.640369828911868,-3.619439423875826,-7.0364116888724855,-4.617455435112059,-2.4929667681704966,-3.554782392948016,-7.50299691665976,-6.906064923018544,-7.477986467859873,-8.39246759248939,-8.007980290270583
-15.767261753446993,-16.285396067866838,-16.574939354278218,-14.969766636050332,-10.4469834265196,-7.618488714237068,-10.23908984622471,-15.96553422719473,-24.399119329467524,-7.714197425692699,-5.664642926897937,-7.552994080489297,-6.781009955578991,-4.448013537243117,-1.5743715293412175,-1.846830852983045,-2.0780177713489176,-5.235119166178987,0.42700060864580375,-7.130105527226825,-7.18637685054414,-7.061269033746449,-4.8674185243511925,-5.227033778185233,-2.8261628462818997,-1.6392920686233554,-5.3367030784609115,-2.0742183601221953,-4.332946577303102,-6.452789444797333,-6.829550573839932,-6.933264275618128,-8.036706053750923,-8.164543202037553
-16.057399567966762,-16.74394742931825,-17.699995889028266,-16.569973353227528,-12.135980062282767,-9.562866927643428,-10.189462359251365,-8.134660664506137,-14.754840828164635,-8.948840092642392,-9.787850362490131,-8.17925949684344,-4.474847554110971,-3.3607752519201806,-2.088613911003306,-5.675911226385636,-1.740540484927608,-5.808927871103564,-4.242962523868354,-6.287034056813694,-5.608221444488483,-7.244495966214843,-8.485462658147757,-5.122576306603121,-1.2851099002840298,-2.9076871969732663,-0.2975122746843454,-2.5079161909057017,-2.986014508816644,-6.185732716810544,-6.380571700878526,-5.497842219354665,-7.21669266249253,-7.170307148043144
-16.571214948708313,-16.942341538210364,-18.397139273748323,-18.6453768042046,-13.70631156914325,-13.41985266354777,-31.335861579095624,-3.131077122352345,-21.032868037380812,-8.152891619921897,-8.430638665574408,-6.631446773611169,-3.898951086718528,-2.06137419204068,-0.9741165226827434,-3.899045850721632,-4.841432742410081,-6.384588616492631,-6.508217768572915,-8.834597410779166,-5.863052024686236,-5.185516781327893,-7.430910026824601,-7.423222565379987,-5.20029297977858,-3.6640605009948115,-1.2273907800547883,-0.9403821090891736,-2.527477151643573,-3.544379126077144,-5.373082152788202,-4.6667686591433535,-6.126854852601055,-6.570418593147132
-17.0917251898125,-17.33516987234426,-18.711510871441728,-19.81206342422138,-15.868077021075182,-12.928977572905755,-15.156830734290972,-20.104613954953344,-20.81286305284792,-6.602316261315125,-5.3092809288254905,-7.299436586168902,-2.397705431713838,-3.646420039834687,-5.584090378335326,-0.5041430098829766,-7.024292859095944,-7.768855555934351,-6.52953920256191,-4.520103887977738,-7.493573526488397,-7.59191761082768,-7.029568756655961,-6.7279715971547835,-4.877411122798459,-3.549721141492325,-2.245549586368407,-1.0844963303939068,-1.561008205761045,-2.6319022901121634,-3.3195286984594956,-4.841924215571965,-4.855796860369045,-6.216463176009042
-17.08890936766519,-18.071345688121443,-18.74009601987212,-21.122547398319426,-19.023787604135805,-13.58695816168099,-17.031216326750904,-16.62019152609439,-17.438869859912483,-20.225773430104912,-6.478992419334572,-10.58759334355666,-3.7812020863706186,-6.766879870295171,-4.104662136976552,-3.366467135445214,-9.007517659702787,-8.726150524779953,-6.852245989396518,-7.411513685659482,-8.619367036275218,-8.13395028832069,-6.939233457557502,-8.593865317443862,-3.1419115650271845,-2.4988067612288027,-2.020859087295378,-1.7095330362266288,-2.8688478339355714,-0.9640936887577322,-2.5517800575848115,-3.004391996275244,-6.046738097863642,-5.4867918373526585
-17.084957439670895,-18.103925470927113,-19.778492153781077,-20.31765011836414,-20.081949166583623,-16.649948978781826,-10.104918146369656,-24.80038841229321,-20.166370914764226,-15.84088344930104,-3.371910303061957,-4.942709575554054,-5.785132429636641,-7.9595067355450375,-6.190943578124853,-2.9985592708877253,-5.945620831272822,-9.242575667812245,-7.768142961032158,-7.06582513640276,-5.33126297365442,-7.0411917784080655,-6.778713384917937,-7.447887859836453,-2.7101425755730397,-2.5721258571434515,-1.2230230823803825,0.38092350217112797,-2.056455026560437,-1.7549198338137704,-1.2935351493830325,-1.7270571010748663,-5.901296594541695,-5.877768080730889
