script/wind10m.json
{"header": {"parameterCategory": 2, "parameterNumber": 3, "lo1": 3.000054539987559, "la1": 64.9999836372058, "dx": 0.5, "dy": 0.25, "nx": 34, "ny": 52, "refTime": "2025-02-03T07:00:00.000Z"}, "data":
[rows 0 to 23 of 52, columns 0 to 33 of 34]
9.439979018973203,8.534091352201985,8.015968224521536,7.743776099538264,7.431146606209357,6.777788635640891,5.241879926666014,3.6206994198598665,11.328531184438503,10.165696844764044,11.896323348319589,12.76983267885894,13.182719564806096,11.50757353849691,11.562497781695873,11.467054234512021,8.135904662749223,8.093634688655477,5.244831426295362,12.771810403266034,4.676111868521723,2.016530215229905,2.4330168490525184,3.1125160808479486,2.645253961863963,0.876548610448204,0.6918008787004667,0.08571031711944072,-0.37241872568608747,0.029931091381543443,-0.43813837484234053,-0.5399614525706012,-1.2720134301870412,-1.4769184048646424
8.715443878129234,7.898367801865196,8.033805111407249,7.796744171052374,7.159112610997126,5.840556169687905,4.453509356105884,11.412771348100277,10.371123683979436,10.73016051257666,11.149420970134686,12.100464754477919,12.582812390883879,10.817350434364487,9.582359840777704,8.966783218250898,8.685004272109094,5.142804091070248,8.090371406119724,0.8943996824438915,3.770845402027252,2.937683027901205,1.334745433377357,4.4361000856801,0.49455124800739353,0.45787696807787354,0.6993776949679004,0.7412911432574589,0.6064526010014065,0.2544072703178559,-0.5298991111948629,-0.9653760641456132,-1.5371592089447874,-1.0679449712688236
10.642972817649941,9.261070401832965,7.794745723617882,7.118987629844748,6.718469403539326,12.722254690002492,11.896593937297709,11.063686460401494,10.372776173795474,10.456443020937371,9.574372490717998,11.706900157830235,11.945844007466395,10.715963731535313,8.881313845642836,8.054772282167454,4.407504566238227,2.64813153312786,-0.43603793513821126,4.191306589388555,0.9244142434597437,1.1073253794145812,1.5898000943714081,2.9288763389016315,1.2731110534158463,1.2465762117624388,0.8211095442788572,0.9717770216175698,0.4240858382323131,-0.3308931796787272,-0.8387902519009259,-1.111065915163597,-1.2573638499743347,-1.3350690255782411
10.209656421578735,9.436798727186932,9.022730587921366,11.631016154764295,12.5594451493445,12.404195917259889,11.646739843811757,10.457351943817818,11.058482720305385,10.055180855280875,9.466713772826237,10.78873719904351,11.317729089505814,9.674286824582687,6.581989807316453,6.523488535023858,1.793768395486474,2.959184021666125,3.872773304341879,1.9801898349345244,9.357951826932288,4.706831282768212,5.29391160522915,0.9095391460808213,1.10113226009748,0.8546810691697313,0.20000696551759528,-0.1769990290394674,-0.06061717733741218,-0.7687302149595632,-0.8309898527761932,-1.2135169361328497,-1.4366568544161804,-1.170123541614602
11.32728382329429,11.747050789804343,12.713854042379266,16.295314892222528,12.795403117788839,12.709415633205888,12.335792451918556,10.88600410724095,10.523833471281177,8.623196797606123,8.706632826367276,8.329935068132704,8.968261251383247,8.138892163799909,3.8026634051049215,6.13929863480213,1.350590816629014,0.9781260777795603,-0.9182747238318321,4.117174630281407,10.32319714561147,5.576019607579944,1.6354582662234616,1.1476275412851766,0.8748627627686576,0.26728383708715875,0.3019778650718324,-0.03928198744161026,-0.34719319532847026,-0.17834328333046143,-0.7084048126893229,-1.3253692681094547,-1.579519457658789,-1.5969328723825065
12.568971364122511,12.797705810371323,15.831318513091862,14.46575392867957,13.588114053137089,14.56381948500596,13.169769982541375,11.986855198463848,9.221555513340832,7.813175283384632,7.967046821471851,4.7834741275542,6.647639331287455,7.708564823861121,0.010679491315826857,0.14075288496297472,-1.320433001053236,-0.9590671598770898,3.1710606097081873,4.040048454952869,2.128221819674402,2.394350438929486,1.826469848020081,0.48520467844979465,0.2420412486154789,0.21569520828926533,0.06650226829229232,0.3414755369736333,-0.8253215177180345,-0.859795830253013,-1.2813387469326563,-1.1918938583767047,-1.3952197199369762,-2.246706860883912
13.508720853034063,13.629357731511057,17.03164557120612,15.543839477103273,13.798199777426701,12.738931631440819,11.51579777168348,8.314129776483036,6.4983255914845,7.841019866755035,5.8576675971450625,1.8694944870637622,3.428096368308803,2.396485842098017,0.7511995881056687,0.2664428766710947,0.21408599955256882,3.751213085909045,1.445741127583019,1.7945568156299732,1.054854988854476,1.2636283859195656,1.9936915573475509,1.2760412240360184,1.1162295776174898,0.28078468506460663,0.844447194500844,0.8446058172700891,-0.3811295805286273,-0.5637947439989728,-0.662873295083244,-1.4212258001584137,-2.1027693241891936,-5.1714541697540115
13.814377365900539,15.198625996707218,17.17481001503086,15.807593941246964,14.314162942614939,13.033195917108628,8.792449573415471,6.328623421802727,4.828840596162359,5.356487469889411,4.1645256493301535,2.0007267704333747,-0.3945242710844946,-0.8564505520780056,1.2689375199666986,1.012918618531087,0.34309839730824065,2.0670010206417873,7.149405496130244,-1.8713193630098444,2.036235145541542,1.2627306429451612,2.0156275725297057,2.261072603570931,0.38112382059436367,1.1643897897024875,0.559832261433424,0.3271127187098436,-0.5260373118225938,-1.0742581608922863,-1.4861716750401512,-1.2633915067748585,-2.576762335500577,-7.872183025573518
13.760030239461626,15.834313871652077,17.262422674551377,16.55100780058392,14.771244562359058,12.43094189170116,7.2710364027916885,5.312621614493499,2.3275098071222176,1.2092876215106398,2.974996326672031,-0.003274431932823383,-0.21518887564458497,1.9074365359064056,3.6109192818575258,0.23291786464630132,5.739343863113949,8.860998907949075,4.822656715391072,6.000140868137033,10.274334631382988,7.0115198409215,2.90037097311816,1.7561254592677042,1.6710068916523535,1.3295464247178317,0.15232224103825293,-0.11557433958864002,-0.66368973677638,-0.7455041119597259,-1.4699847688590333,-4.287558901628153,-8.251717432112386,-8.51137179628722
14.046039650305607,16.01390225549276,17.88525817871858,16.680534399235857,15.152137258455298,10.453708205967647,5.298611134522533,3.28418845492527,1.7106500098295399,-2.0336981334151756,-2.6726512481649674,2.7560915872076794,3.471794719604887,3.7038075668600423,4.802991080177191,8.268044831297667,-0.6788025015271402,2.7512173105716,0.4523920486338664,1.4239114087563531,4.503710645432407,1.356251279782654,0.7998858556645696,2.4600061392067967,1.275991234231222,1.4903931589467543,1.1786796711711502,1.125683730890253,0.09101423944290045,-1.022892556968129,-2.003512451727867,-6.789326213964769,-8.949068566109759,-7.117428835949294
13.821142600864265,15.54526353285909,18.214691800587087,17.256975636914646,15.151745845659624,6.303877484328868,2.472096199538529,-0.24731137638973108,5.017497061729803,1.2377154112367599,9.500632069213593,5.273692522541905,-0.05988084589331523,0.1465523035317628,2.4600044262561465,2.6642404988957145,2.263694231451192,1.308450522657066,2.5548503853989084,1.416459228954761,1.232664069153717,1.1960331992399877,4.336520029340371,0.09989307595552323,1.9456287016861866,-0.40692399203546475,-0.6368399515023694,0.4286763669220004,-0.5661189032123763,-1.8361382270607218,-5.993765346591428,-7.664816386840093,-7.968986969232516,-5.772556709815244
13.61372556791125,12.88888178206287,18.226751022508974,17.80965529717338,13.160371525479485,2.9732610573391587,6.159124482687996,1.8946486739761201,1.7256268468324527,7.139264915516029,-2.2815122047275995,1.3960172831277435,3.241139976278759,-0.5932806381576018,0.6843460885612043,1.8497559791862421,4.1589651572374065,5.200920865643198,5.932135881291114,4.767587320140943,4.279797431328301,1.0624915222851432,1.1337467464130526,2.264577693059953,1.3732655822722835,1.0572439882056257,1.422778791295915,0.6045905769351324,-0.9401188320592371,-2.5814514424394224,-6.010128103174058,-7.553253557764143,-6.884727952418074,-6.055016977934376
13.618346247656865,13.774814808994813,17.46679292694913,16.862964888189882,8.677957558396239,4.226777135254147,2.9224613969873627,-2.062359220845613,4.337828656065924,3.9158519046482803,-0.605571819116819,3.1642508941819747,2.8064805340784402,6.2502541810760235,3.93975387734462,8.057347671087731,4.729097321162188,2.4073069575543857,-0.37347174014934137,1.3900059969598912,3.3182476375694527,2.7245361484790074,2.2044750570644793,2.0502849667204472,1.0574293385143523,0.9625678975191171,0.19882969533462405,0.22297463403423678,-0.3006600146820426,-5.516568416702714,-6.062549485272237,-8.219271381825134,-6.209057919343489,-6.389328559449858
13.752318425789003,13.427939378520128,17.300748333027933,15.72852059693641,5.510986702141996,12.200559143442074,10.75517415401344,1.2374545139586086,10.51730020426816,8.059025802103054,7.298362846680925,4.23066713837621,-0.4287563747835009,0.8380752230622656,1.6584183182799153,-0.9756509255895834,4.511233912937741,-0.31145213134582805,4.507164946623925,1.9084250092378583,0.48300880912083977,5.466601972398206,1.8098077493984976,2.400919924812801,-0.336514274947295,1.0668317422050473,0.5182771430190418,-0.3709166424511771,-0.9456622130667096,-5.09212807564611,-6.553105986164962,-9.273156890368233,-6.210460051506839,-6.470124606579167
12.966499049885025,13.25757113711646,17.28341228242315,15.258422711976687,7.564591427326272,1.7975870383730244,-1.2918164944421362,11.420562092451808,1.8025172773894276,1.6600410191833737,-1.3502703624166514,-2.404244530096512,-0.645289031479973,1.8371042186000308,1.176820102023082,1.3314238737721766,3.0662186476306155,1.3759156224065923,1.712620271234785,1.5771288405327826,1.523915485288213,0.9681278911105928,1.2872863879913792,0.969118523563551,-0.2270081082418531,0.9363275607536927,-0.6605649464650719,0.4451173514974672,-0.9793936097362439,-4.909416427503758,-6.710052559253173,-9.748319226126068,-6.432642055825505,-6.481870889726422
12.9312211893877,12.845632427413532,17.144320066409257,14.891597192180486,5.524291564190711,0.40868256217629684,1.073638137149129,1.1040085183092534,-0.9144602069339133,-1.1393685714122357,1.7740296252582684,3.109023308061546,-1.1392029318848584,0.34687586018683775,0.4375544078156197,1.2095646302349328,3.9409844327203736,0.48138681884304707,0.7833593300676169,0.5781372012031553,3.2990338210653265,1.672947769892935,-0.43115213152118226,0.86293387879265,0.06326762255442898,-0.1553250190345088,0.6029585265385303,-0.33574140796055796,-0.46274468330853247,-5.0765437021898006,-6.885567730727929,-6.936830370663697,-7.052885402042097,-6.753951887962321
12.707655515128772,12.942691486242493,16.717820224206353,14.471992037077376,6.139281644199419,5.495590634934138,8.358633069563043,5.995100434739579,2.3063691035351432,3.4865418346942247,4.384963431586622,-1.1032178460028703,0.17999443634764561,0.045653392084961025,0.08018956638865152,-0.07913696607275718,-0.28907018056044287,-0.02717053515663792,0.648198027341111,-0.6720524027915542,1.1377055334564563,1.6672731162109544,0.19660811179398432,-0.09323988079852481,-0.015973404174754183,-0.3073049446698932,-0.11230846314047878,-0.30796642492780396,-0.9674056538181178,-5.488183550707351,-7.009316837956644,-7.434688758767994,-6.946441293465813,-6.903808185697295
12.89001612228645,12.259778574095268,15.783412838776137,14.99373247899639,5.2429422365699505,0.44641874460818826,6.1241925233158065,2.0205964222969985,6.045609068095842,4.310439424014506,-0.7201086459989225,-1.0022356060094375,2.187944979507113,1.42779728827475,1.698330120343262,-0.3064639956176305,-0.8980844103162278,-0.515124692929748,2.5837261843618013,0.22433194363058154,1.6230166840034086,0.041730302270663294,0.4221069715697287,1.953667531744134,0.4152590703120846,-0.19376582727875874,0.052594207451500105,-1.0890457003772398,-0.9904587994825798,-5.927575724492038,-7.189690000252042,-7.405293323078708,-7.173379272562816,-6.6848350274580834
12.345660671364541,11.179355667035345,14.311866430612366,15.241132811028205,6.877105846057731,3.1822910556595216,7.5669826270202325,1.0720920351736247,0.2983076263702684,1.1026860119993234,1.1491969079818338,-0.7007155127121757,1.499930736970817,2.240492521908071,1.5754254507876577,1.2413469043880307,0.798923068384761,1.3418191448570882,1.3897856567802196,-0.43073172885208466,0.6442193356582229,1.910903390829759,0.2165833430684794,0.005412249419304072,0.22997556321631904,-0.018398864592728725,-0.47887679875000216,0.4001931574508406,-0.8856620452556979,-1.0247820933723941,-4.128317421094679,-7.094130459664085,-7.281720823647435,-7.374597086078848
11.762275730865111,11.658246740828469,12.615686593267869,14.945750858320437,5.297577372737121,2.025124734662355,-1.1024764775519724,1.433228533044827,6.946056998301043,2.6274977962395156,6.480898281815806,5.6518493456421,-0.4818033382576379,2.8528276849169925,-0.3004378751347433,2.414651814016771,0.15983310562392644,0.24064433046593645,-0.008858766089160182,0.46168762516836187,0.23363159139147582,-0.33136876446074925,1.6068973255273253,1.3921322075830913,-0.05071838623245218,-0.0761220880410056,0.046862495708616475,-1.1912425633581532,-0.5326546621140867,-0.6220263628007774,-1.2792715060600517,-1.9034460623471243,-6.995577549613056,-3.5084675447682225
11.214307253990604,10.329103980005002,11.855638276598343,14.576797733745918,9.286768823245177,4.173043054361835,4.39199847935298,3.552184274340387,4.295271920904498,5.564363227004536,5.593071120132491,1.8653616614165565,1.4360403348631872,-0.11837896813116813,0.02529907373556977,0.91959205980926,-0.06937381099527018,1.6718162969745514,0.6863969639513262,1.073214546291468,0.8931041626206697,-0.20288194651811903,0.07944586288419975,-0.09092940329158751,0.240207318656194,0.10539808141967542,0.15162377371949037,-0.47369772409315164,-0.7172822610917094,-1.1886668656748756,-1.3176596566350223,-1.326487485301505,-6.934334580055881,-5.5711064922282985
11.188466447340955,10.36301000085778,10.199883610101544,14.621868482252486,11.285341695973305,8.008136976052551,-0.3124595715832091,-0.3750260906634546,2.5676780195573627,-0.35462450121075545,3.8418223932727433,4.314452219473456,1.4617837780466187,2.1514758080015843,-1.33943027462757,-0.3957818358748252,0.8260214137028886,1.7460489022908692,0.44978982682393037,1.1193417847357283,0.6152218356562691,1.250722805656141,0.430258018688905,0.08780793936423066,-0.31888357916488735,-0.14679510234348012,-0.6449658933041553,-1.2083516013482498,-1.4556011520941514,-1.8809219276108833,-1.1570074389655665,-0.937986782039033,-1.5520133341213207,-6.6281318232737805
10.409053871070284,10.473301556139244,9.124889195403476,13.948896766476873,10.44963925662718,4.523866974373214,3.2421401477572735,-0.23541208597494304,6.759395820574805,4.33780731069966,0.4813017664623802,0.5696680247575044,2.8787735288775003,2.002447076616737,0.4647227828303615,0.6196792917409173,1.0918829631425406,1.4048262204746458,1.198103810438136,0.37344597437886623,0.39383648437456914,0.49652287474977325,0.29550543010954977,-0.45712375238211556,0.2424324432705358,-0.18790383109189693,-0.759488926199701,-1.2376155948286711,-1.4133676074329704,-1.971368198748163,-1.301030342054335,-1.6226476939099193,-5.888165251554165,-7.387115047312103
9.953332720515924,9.959199213858735,9.222536315767444,12.03999392556385,12.342828879348772,7.28771079105189,1.5589994003239172,4.764202561514285,4.2516899864491275,0.859554055872822,0.40609101550454163,0.6724000379370235,0.6079502813606458,-0.10094676438821185,-0.7033827609933331,1.0473126747180654,0.5843238164536987,1.1053453595992564,1.1633009471382514,0.7402695107993782,-0.16583469685667013,3.056628165553796,0.9713377506512506,0.3221914970552557,0.7582407480145288,-0.3201077286462515,-0.4651358157895627,-0.22389538957437816,-0.7135067874399669,-0.8338590529243491,-2.099660704599635,-1.3308622112697601,-5.287129663706522,-6.939608791223446
