script/wind10m.json
{"header": {"parameterCategory": 2, "parameterNumber": 3, "lo1": 3.000054539987559, "la1": 64.9999836372058, "dx": 0.5, "dy": 0.25, "nx": 34, "ny": 52, "refTime": "2025-03-04T14:00:00.000Z"}, "data":
[rows 0 to 23 of 52, columns 0 to 33 of 34]
12.240373912634015,11.95674375632106,12.5856292648112,13.24288784253813,12.017685983384684,12.857366154945394,12.417370302499139,11.340644320890233,10.789595159831205,10.613103102395153,10.422924267377146,9.741469751713876,8.796003343372291,8.8268638083112,8.096130553313769,8.122855059028081,6.223677761141401,5.827939527787057,2.3413949604537296,4.42054910573402,1.02251516033781,1.1231227676770157,-0.9041819577112159,1.5775568309759216,0.42832211276120125,0.7153221040262268,-0.38835719226588555,-0.4924751173651008,-0.373085939888102,-0.5344072638653704,-0.9940117493435274,-0.624684001705476,-0.8294743490123455,-0.8288825622233209
9.921177356780609,11.514177749337446,11.082660460517474,12.97586530220978,11.1065453310043,9.09916223481179,10.982740912255489,11.705686493163785,11.789732927822472,9.60471989175897,10.232229561262129,9.674563711694487,9.236082882230757,8.858856931701073,8.500444400298514,8.24188324024277,8.075859369040101,3.5462823471887193,3.013665116564415,2.6680895409415757,1.4774784793630964,1.2025025637590105,0.8723920426026655,-0.7481941535911638,-0.5538391400229956,-0.3514090597204028,-0.6228867142858359,-0.5066511538346925,0.20166031081711672,-0.6809022468795829,-0.7862364072278721,-0.8929420756538597,-1.2228801461649788,-0.7589600431420136
9.067913811461583,13.210872625656153,12.525290035169721,10.178388672769628,8.617582207293085,12.816321053311464,12.234343008362476,11.39342191489178,11.526758515520502,10.77477732037864,9.721578599391416,10.09747865268962,9.616311139458187,9.49621102330915,8.856547908728688,7.572124199745267,2.1885012303860063,2.713332089673979,2.580583944660585,2.423471111582452,2.6919371067547613,1.4527738281391216,0.21379665684842605,-0.9865521402989876,-0.6619331975339992,-0.7016314980661535,-0.6287592346136336,-0.6571022905984654,-0.8466166681560083,-0.5256837960782166,-0.7133061618658606,-0.8674041711143168,-1.289674705511472,-1.4906717925398683
11.5042836429573,11.182610997078706,11.42397597364325,12.72233878820877,13.857849947171802,13.00320252001424,10.544737257112283,10.102003244733297,8.995542695551793,9.565086521283671,9.29453504329215,8.044907814666493,8.879611229746796,8.863639992840648,7.28678981914779,6.029460915251238,0.7737831337638859,2.9545742827767425,3.7898120777111877,-0.17055622402550702,3.9883528210423744,1.4795531963048063,0.04105975416825051,-0.33316350541766926,-0.7973915474917047,-0.6837635615037729,-0.5909068335408889,-1.0534139603646726,-1.1104519754387607,-0.5736232030351714,-0.9469525337907634,-0.9920548054225358,-1.2630590793101126,-1.7703613919330161
13.565676530346657,13.011330374089038,13.094101788649667,15.101797624300945,12.477298821741469,12.376459758682664,12.98328137421399,11.818245656229172,12.17094658873004,11.675388554891157,9.663937151156835,8.139832913693077,6.90604499440782,7.788477080386194,2.853116710984206,4.353252828581625,3.2089139181914277,2.654529750252759,2.548495175080008,3.140129722757955,4.3203557210908,3.2828776378966773,1.0266184181305902,0.23746117552822296,-0.014226577282978046,0.21108916416494455,-0.7600317019631073,-0.411111403019706,-0.8584593620552542,-1.1525603704564726,-1.2575266615132787,-1.5888704708761432,-1.2525876995356184,-1.9197003152049592
12.248259949012935,12.766550047151497,13.41962859270039,12.107311101994902,13.978342822588347,14.100762515424107,14.166892163490205,13.96291816710409,10.489347415472748,9.582580529418504,8.42638455385221,4.96675192567992,5.716150135240553,6.2087718853126015,0.8434581660618834,2.481434606945338,1.720752937725153,-0.7200512405749011,3.86408130594945,3.3629453704847543,1.8647112094963316,1.6033282992362838,1.742782667750618,1.0595114302204023,0.9512214642808482,0.40353191545247585,0.07043565277768978,-0.863487305512732,-1.1416921184343698,-1.263488391660565,-1.6043490099383388,-1.518863671592569,-1.4797116130063894,-1.5817916496049955
12.763270031097603,13.51253082558971,12.740612008004302,13.929374449302154,15.054588733954365,16.199995970911754,15.84016012150816,14.326063713270807,12.988818983426121,9.193082547432011,6.686344733904428,5.447582696217481,2.105252267630105,1.4623399623821511,1.12256517928523,2.6187769150980476,1.0376759511547509,3.5834590621605753,4.330931894050155,2.8508874552265406,1.935259267526394,1.9850012978268265,1.5158421956822228,1.3028991741354725,1.2969153200843875,0.8057968983658821,0.17340550491917564,-0.9340018737235078,-0.5454047696536566,-1.4152346255104702,-1.2231553706123934,-1.096386655809814,-1.1277585252915725,-1.79243750299724
14.785477973375254,14.27407665903758,14.182254300776243,15.231762914109884,15.846233527536612,16.437682047317217,16.69341417789516,15.662168183269028,12.782618112874307,9.12952914469655,5.642211350273346,1.2949210501320385,2.185833536710392,0.10833631375391814,2.297962272802848,3.245067869396252,0.07186891903031618,5.17554505895958,6.566012569010263,1.8905002823112862,1.755065659018039,1.3930466386126878,0.6651300886705649,1.0988821497538441,0.8914722393814055,0.6453228163047063,0.17565718043383707,-0.3740760797364366,-0.425075531925312,-0.5535157741539682,-0.7800852601411217,-0.7435834748500104,-0.9720906942879841,-1.2029313675684672
15.424199772476832,15.215952806702894,16.34485829037411,17.147285843305077,16.505967684786683,16.418396543592596,16.15297108885733,14.09988711639251,11.081613565614415,3.241387104898655,4.328412196598467,-0.216822706033235,0.6172800697055323,1.433902412835699,4.034501690161937,-0.0700763008639244,5.062842892726894,8.271036103800894,3.4646097217097886,3.6787861333360565,6.148546694270142,4.142658124780688,1.9722223166516006,0.9102505241474939,0.41283742209583285,0.13553709692029195,0.12238369783368765,0.10191858179841158,-0.35536924863126523,-0.9319322547449403,-1.0835574349027037,-1.3696420080861937,-3.4002848644950414,-2.901021450958748
14.626232582730715,17.062083962050227,16.756637290404385,16.332374764068245,16.89155005012191,16.906964597351454,15.965097562417622,9.52916664259266,4.7180538255038424,0.33268313454426146,0.2753255763375106,1.001316050106308,1.5068505962917529,3.093515422080811,3.925653007817401,7.627305789915637,1.6986883059459728,3.1570594634562177,1.7154195202066163,1.974891625670591,4.460473070382638,1.5733499484709788,1.0537228903159095,1.498527907827951,0.20694113512872547,0.06415147349465203,0.04419482973506122,-0.49971998416197144,-0.6226075697931523,-0.5469832241393916,-1.301202625828191,-1.239331476450904,1.4378726971749165,-0.3976595249802687
15.515015470222805,16.370008524406785,16.508764304258627,17.17220138766648,17.685267699780482,16.592591457704607,10.221775567898083,4.1512671129268535,10.157548032654141,3.2725943480999584,5.703352892273103,3.8960142229696464,0.11029985821503813,-0.06320598661503919,0.33522261013098037,1.6113478276565016,1.6012472783215956,1.1664849820120782,2.1396098091910516,1.5716293409528392,2.327758021633197,1.300828060185959,1.9223876582993127,0.6386453341480579,0.945930523261431,0.5289734361364017,0.08984745156483712,-0.5232300436352103,-0.5499718060319122,-0.43937635557712684,-0.39306750768441745,-0.32575804551891946,-0.8937061173627238,-0.5338722386183108
15.583982535749017,16.126336452428937,16.416149432561145,16.861994087051674,17.45429108975077,10.117732198328726,8.98099312101929,5.27478587159006,6.830881808450627,9.218922795746536,1.4100775288410057,4.0252646761452855,-0.9019055107006739,5.179423337780902,4.05183064788223,1.9022141544871973,4.673319798747061,5.425785185211086,5.538369789518222,3.6170834682579236,2.5223608939307987,0.4318614329177165,0.8841075963914496,0.8564901345866432,0.6157133294912532,0.21287766012656764,-0.5350056826567566,-0.9431330972142464,-0.7655204271161485,-1.0398640642410726,-1.4386482844518167,-1.2890092097562902,-1.085223489340044,-0.7546347727428742
15.21148310161906,15.488015598631465,15.676481518788489,16.25088053053823,12.375020311108587,5.670022720726338,6.625200875041075,3.6946545836147084,5.724834132049045,2.9819442555192612,5.046231463521039,6.773285296014405,3.970865057436985,6.122268682709792,3.1342507551881607,6.096267560320179,3.9291005873722837,3.5875962330675897,1.013150497142762,1.6051693573758896,2.1438808575962254,1.3790896611811203,0.8720004654941365,0.06285407742844924,0.08089738932562386,0.2136587451229316,-0.03527939466996436,-0.4445479703838952,-1.1927093800117672,-2.8934203059635815,-2.243408105128054,-1.6033771631994238,-1.480432471412675,-2.21815214701738
15.283639499142144,15.609915151686193,15.625318665450182,15.378901784411779,11.081371482019964,15.53278870354759,9.918004033446852,4.9002716449539445,6.885209707732989,10.236638048100373,10.717937862688506,2.9968437010132973,2.366265145428922,-1.707736271708736,3.5822097407032656,2.5141585002619347,4.8290431361178605,-1.056465023615735,3.6577485063430784,2.4332949993564066,0.922235099496173,1.9636420720927739,0.5266217201009064,0.19377403239041507,0.09919852675764104,0.21885125123645902,-0.524800197365016,-0.1549689597406289,-0.7753065602717664,-0.9978866285100909,-1.6741404462958938,-1.2758545404388653,-1.6384566138809586,-2.140385716622725
15.284508296497076,15.661210847075692,14.996221047940494,13.981226897575642,12.16895591108983,4.3403954173143,3.0619510643331194,5.599064188885495,3.454089188515568,3.394192482067452,2.354993625093645,-3.2931514299126445,5.689265235483034,3.2166314677921615,3.14207388680075,4.658443275303201,2.2543070181568945,2.69993779793053,2.4369651806064194,1.2511000491999038,1.8204071078852984,0.5917957048767565,0.2118235978999422,0.4783525432080691,-0.1325834187193842,-0.11458362157022332,-0.1682100447307048,-0.25639041643469634,-0.5178373385122151,-1.6593951346725568,-2.171653400146573,-1.359399010415027,-1.3763794221707017,-1.807928938081619
15.551285057077147,15.195796209398495,13.840125997064698,13.020673470080025,6.939149287052646,3.588388251649203,4.255347720584084,2.5510106160681802,1.4760474181027805,2.3881482467441955,-0.532229293092568,2.6276066170355197,4.388981722957279,2.7516125413057164,1.8549627643152806,3.871721074815489,5.295717490761009,2.3557490535853476,2.4368505263535383,1.6613980293845265,2.3743273357623425,0.7756483067217368,0.5554245685443069,1.0000068708755279,0.8477170244188283,-0.7261896909710379,-0.609598537252015,-0.696405643637282,-0.5573533056871998,-0.1477005770107402,-0.31497190171851525,-0.4087784148351722,-1.3053921081622382,-2.0964621595525794
15.491675529475874,13.886050706278931,12.922698589380062,11.467039896102918,6.8645313228861955,5.37262596071078,7.564901426927802,5.841475625554202,3.1968161631675325,3.499131306565702,0.025226743743424485,5.255978816026768,1.069994108152278,0.8734890883531594,1.4196525983688015,0.6048414177374472,3.0630751573180226,2.511475402937047,3.0909650520696497,2.5651331153557817,2.117368075556847,0.8984978983569851,1.0381257802961168,1.282206474107884,0.7598651037806903,0.7522290707763882,0.3461175207723651,0.19095986377974666,-0.5994525204219368,-0.2431950120313222,0.34513727993869686,0.18774768490739455,-1.0130212675314887,-1.4864772654377092
13.813600452826751,12.839210159537512,11.444393704487243,10.489752988233427,5.301787234846842,2.97196223050435,5.873332309684304,3.002164441918558,8.544447228429245,5.042912542043845,-2.571280439662211,2.713850557507961,3.5487605604936596,2.922476183729573,2.0976897008945787,2.7572451900373,4.626680323033599,3.6560879635736985,3.10905509429646,2.02600779321709,1.9431528504993212,1.3491716251244896,0.49484419615661757,0.5018206524355502,0.5360569406728023,0.33579668442581245,0.6582521406187072,0.0523529733130021,-0.17127357257743986,0.14351020122079733,-0.18654045233443736,0.9003131036062587,-0.5704517808704566,-0.9357990367296832
13.074822114902371,11.636566621930813,10.570867555667068,9.390734544833519,6.733749139113662,2.7430895741942654,6.732331005356677,1.7793222104302209,-2.3253460034137614,1.8022108029374848,4.16032337648158,2.3295759332452093,2.059374890280267,3.81707916879098,3.0472793334791235,3.261039993116239,2.153559386482947,2.782570424855134,4.102048969749133,1.9238073909710884,1.93493777691692,1.7060243938403796,1.474908345451499,0.058089942895270086,0.47462912879366753,0.33651282063723587,-0.04113897913002725,0.6818494291736096,-0.19383519325802903,0.019224932862016108,1.1613932840684844,1.3453092454350204,1.945348833614713,0.5411734817031635
12.08780152513829,11.179125524171278,9.391023166659611,8.796332893715137,4.2548216624248525,1.7017165925459867,3.577087725126065,2.9026666601074824,6.548000012474799,3.970791847590492,4.959169451556461,4.263270719070766,1.301938180512194,4.7323318488579265,2.4241004994910917,2.523774742992579,3.394765000249186,2.179202771444058,2.155904790442977,1.630360842423195,1.5101848928349002,1.1605713507826088,1.3661425764294055,1.3625661618999996,1.0442056259240284,-0.6293328168400754,-1.1950385930758904,-0.74224624465627,-0.5998593653393051,0.5092037065888113,0.31369393170183957,0.858691271385276,1.7285196034183574,0.03281822141989144
10.95085144811868,9.667619956973219,8.758773153359975,8.11710522224219,7.175658609820175,2.345849765510248,3.772622315161963,3.7734206489332793,4.606786170878615,7.365308968182236,3.7687806574689127,4.070356059954527,2.6585191769155827,3.188992043936451,4.446526630673689,3.045916382897436,4.092034284465182,2.3728717906201524,1.62646478130919,1.3948262422454374,0.9927120064740633,1.273264574777712,0.80296821378857,0.7427228785714944,1.3128650083465512,0.3871158931480243,-0.7420291733857358,-1.0988139240373578,-0.6090978975422054,0.30944320686006105,0.236650763830534,0.7913732834541461,1.6495092001469285,0.31020153502525516
10.310583479180547,9.417264141251188,8.301409968557087,7.3756754953358765,7.663676892841614,6.375920740485635,0.5175766705047082,3.262114275693455,4.0202225549252715,2.070294352884169,3.609919361855104,2.8989252111116888,1.952499355409381,2.8031835786818156,2.472088884543464,4.5558131120003535,3.3768962556593345,2.6937159952140908,1.795741063553022,0.9721384950044705,1.0804604794691013,1.1367505274718113,1.169607943427467,1.1153040657367181,0.8506592775558033,1.0547023212949902,1.3716223235159146,0.2804284418251051,0.9524491105190663,-0.1594168708429501,0.015961300832740874,-1.2981909269772107,-0.8068558832615622,-0.27048796029794814
9.914154613357741,9.405380527306958,8.246824043582736,7.579390761659264,7.423468153262646,4.505354466159194,3.006570942918784,3.590258012564289,3.141849628232228,1.4866819910279536,2.4792035279595677,2.0298579254991123,3.980286252587472,3.1845181733464774,2.5050460310108598,7.6730300552543325,2.326355222082857,2.5055972322890776,1.962715764978175,1.2339068166159068,0.5022741108892479,0.9550612127712008,1.6284033232607211,2.3888877348437614,1.8025154098278457,1.0638149516611635,0.7849421344797883,0.9341817515423463,0.1441848851613029,-1.776487392469511,-1.1477248086691743,-1.290931936088673,-2.628217081424803,-4.625023387450198
9.639915671450744,9.018782099026875,7.781923734277559,7.700630438248368,8.156368144992012,6.361498861447112,3.3727181090287037,3.2003547484474,3.5404541650327435,0.48559026399560545,2.2730379187139143,4.592140569787524,3.5216721210010435,3.3326343480251643,3.3452505318415318,7.40577341086675,3.139435377659691,1.0511889542503565,0.7529304133827748,0.6466236207695923,1.4619167662034833,1.5400792661634939,3.895682011123106,1.9731010718752882,2.9877475449658224,1.5158507504576781,1.855606930282533,0.34123130820723385,0.19006077048925188,0.2346500123327736,-1.2023307522963125,-1.9504439652496857,-5.094535826697285,-5.094777139898512
