script/wind10m.json
{"header": {"parameterCategory": 2, "parameterNumber": 2, "lo1": 3.000054539987559, "la1": 64.9999836372058, "dx": 0.5, "dy": 0.25, "nx": 34, "ny": 52, "refTime": "2024-12-28T21:00:00.000Z"}, "data":
[rows 0 to 24 of 52, columns 0 to 33 of 34]
10.387805268483463,8.600105626633296,10.126210127514689,9.230087228093232,13.18192913131538,12.52149018119818,11.411070371491297,11.019002310421806,16.955653725895466,11.017792094972478,11.040318220977289,10.884046791184565,9.751732831420984,9.296005194356317,8.589355542336703,8.976344970079959,6.636214285727001,0.29408456237611746,0.7350255983830852,2.313281178414221,2.546247956370697,0.9245069821182159,2.496928995873556,5.9363756472071,7.390504984566752,2.5662257036649345,0.45687838514928203,0.31226842429545415,2.296700792620479,3.154704250598981,-0.3656143214109031,-0.19115343428402698,1.4642999110407384,2.0475853944224345
12.812347181822398,9.327954009657626,9.653748248855665,9.202153579540331,13.99291992723657,10.390395106815143,13.886445197050676,9.65112434418868,12.373872401334191,12.005736183337389,12.23989733299349,11.201986426328958,10.168077505440035,9.866740020763537,9.18672877887532,7.641178636707841,6.327348837284167,1.4633881843901941,3.4506434473997487,7.673713992957959,3.1966594202538032,4.025189117771471,1.7882556188233438,7.270685381727844,2.5759021033870573,-0.8892380158154976,2.4261032938272242,-0.45193481650065176,0.49758391970929616,4.2055841853468126,-0.9511043125958247,0.8521469792753184,0.875201567699774,1.7065630683753321
11.960151141280786,11.14164012987639,10.962449298318099,11.25905750299711,12.330077635832364,13.28899142146611,9.556179551721995,12.909639087503601,9.324797725013038,10.725529375378184,11.330895504878916,11.091784806830992,11.278791539864763,8.48174930021539,7.2712045088319455,6.990429335390031,3.0559799154683485,0.5078866340883238,2.843533305482221,1.458306972844158,4.7823370967438255,0.7601143964602657,3.879706496567437,3.0462135311580143,1.6686826116969493,-0.7415837762057186,-1.0196280780342177,-0.9255997322829921,1.2743790017915413,0.5415272383493844,1.1195665380229305,0.23405725581192874,1.694505622699486,0.325635493094075
11.674208079193967,10.884580961008236,9.711217696779974,11.552074252145816,11.48724873003713,12.667498428532392,13.238328822861337,12.108946151323932,11.471552180439199,11.990272264479856,11.161116288746662,9.972152186170046,11.235278962752124,7.561873281202659,7.733545168989767,2.8123743927430827,-0.9142896990409306,2.1097135431559764,4.347484683717944,0.6497476903184913,3.018695125190981,6.236962804626505,-0.1073637649231705,3.760574777181733,1.0207783761439182,-1.7932938680388015,0.8828793235304757,0.10004752679120675,-0.03620434803868697,1.1986923304866068,0.08270345303089933,1.6162251713402276,1.6547023839208328,-0.23350518086540029
11.985781829419526,12.151471466069902,10.210403759229715,10.748728711183276,11.30322748969845,12.470852625515448,12.964819856533461,10.058880106833593,10.37493051807021,11.771527027573349,11.369124994294545,11.266998124540216,10.106316863679186,9.219222572223295,4.366187847765637,3.5191044943762875,3.411500393258794,-0.44260185536800856,3.207816908054595,7.556033692321558,4.307539862514174,6.278339673644183,-2.1624741645195638,2.898835703088796,-1.1922753325115467,0.9221370204089976,-0.36663883371852296,-1.3032987606661477,0.364487238865319,0.9925102016358592,-0.26160479439573,0.3316201979185892,1.2879385611543552,0.6258836792210702
11.574114961668041,11.375888188110018,10.229706510571585,10.951629798242815,11.682016128069517,11.939326722587332,12.411348765444577,11.499123896474934,10.096232325674839,10.627091694681486,11.680069982686112,12.217217195984432,8.673426339801408,6.946438923702438,1.879944550739252,2.458627716318411,2.6384609262004544,2.5987086343212704,3.5248300181367593,-1.522115015416619,-2.1194971730975265,1.835539378808442,2.7563825827948527,1.5074007299376453,-0.6595658549526672,-0.257205249596666,0.280639042112921,-0.7198319277982324,0.08028673268093157,0.8452232018668091,0.10829348662740194,-1.5396639492842377,-1.2222646967075927,-0.6732529307469227
10.515790080959343,12.198229028052676,9.808663295643221,11.6436062466677,11.78781957867032,11.740975459248588,12.050708765514011,11.053190070874779,11.440559577627656,10.629950459953049,9.086084581006935,4.485419387342601,3.976763764634807,2.630389213139621,-1.4040512214768444,1.4488565728557554,0.01454565025520741,2.3868685886994077,3.766264117165501,3.053964786684746,3.6145874010715033,1.4110462717534462,-1.7544270287671924,-0.9725148913298874,1.2632069154839012,0.8601082369633909,2.0162987697452532,-1.6975464068333437,-0.1798366559881488,-0.022577589736306504,0.8960853770319008,0.6744935586544349,0.21728908145999776,-0.021774787050775256
11.656448857517844,11.689095097661644,12.036516007557324,13.494289290317024,13.512191211073066,11.23490575540361,14.902260656071395,11.79133105585649,12.730416629112975,15.364640853365305,8.649137550793295,0.3879401817704569,2.051567985983497,3.722427238807467,-1.6056207392074275,0.6944209375438406,0.3410462907757178,2.582530088412021,3.0019169051402033,3.9229835989546364,2.763235585448192,1.7132297265472822,-0.8696469292929974,0.5238104410273181,0.5378925349346582,-0.8270947083788255,0.6934890132042527,2.018176431719664,0.447134815329802,0.9361244237289646,0.9301961993136012,-0.0031666961415961546,1.2166632077760962,4.092259186168675
12.015726232069333,12.040973020585932,13.463636941829385,15.471884024386233,10.477946475232532,10.715480212599907,11.013664476006815,11.304086082939197,9.159152810776757,3.1063384745264453,4.288652157487267,-0.689775079665218,2.145863508593001,2.2912962772518535,1.0381928223045205,-0.941794466111391,-4.038451376893048,3.6018005429952544,2.9396413373686876,3.590781008539554,9.018143405288109,3.7225538278348584,3.2312162450487296,0.8721061440485974,1.2419272568155715,0.1821597325660679,0.8442511775382243,0.4419922208696549,0.8501197457854598,0.08889722996667015,-0.971673046904103,0.9764069462766248,4.398611847891528,3.774988993509433
11.529392688357287,11.1322575410043,14.610595575805242,9.846598731755495,9.224009774657453,9.196593252297326,10.426634235137778,8.36148009167163,2.211245510388683,4.015302921611003,2.7809434130896142,-0.659748755506698,7.343470663492589,4.8238760910681755,-1.5901752818924926,0.9221375522635219,3.0237480316426857,-2.1149381685455717,1.68520366399426,-0.12763344859641979,5.260008941347195,-1.3272867165101723,3.388330236955512,1.8431060320323385,0.7790688449370884,0.4515100181984087,2.1430542441852047,1.8496924276473017,0.6405786141859974,0.3533016781993522,0.6752942478420607,4.343565615054204,5.260927383348785,4.991937358464487
13.016346663811845,13.012896690505617,11.736606578529695,10.524855160618127,8.712593879473145,8.316259413768208,6.936421329091192,5.62310492262568,5.377153902078509,-0.7565339617663313,9.165648046315239,6.002556604168707,5.642313784298382,8.022784002311516,4.902701583432263,-4.387615650531086,2.8890650707574306,0.42572519616007326,-1.8884561504645772,2.4944062498297734,4.052570702435403,-0.4166254092326332,4.615794670926988,1.0843529026261114,-0.42694983510113366,0.7448593138093147,-0.34330275101662483,1.1657092975337224,-0.4951050679705028,-1.344538216804989,3.741902840953192,5.428318279369229,5.788317004933004,5.556895436740406
12.680251004213972,12.043009339240152,10.695246260259525,10.115945501073634,9.43781585930019,3.9025878408504906,4.922159956730956,0.43297832662937974,-0.7330789575168258,5.704211342899829,5.791297677512821,9.105984965614683,-3.6020217678033917,6.690368085358613,6.405228561639077,-0.4723479285918567,-1.854161702843711,-0.5550555199290865,-0.6111608946996095,1.8677032032168086,2.413291497478646,3.8367761835993814,0.37424974042454434,2.152535093416807,1.9502646234216001,-1.5345005172794906,-0.6664904050608237,2.0388632939041975,1.9296580747116256,0.02931685345985546,4.0551919653995325,6.794302649934504,7.501641986359267,6.6270853728499235
11.840787954650693,10.576773390047483,11.814366408094058,10.2526018967745,8.48426828778536,3.443561305118963,1.8774587139894028,2.2691594259351464,3.12969977992982,7.346208618621651,4.867609165053528,9.5589601619681,-2.974049557194678,5.145262231819104,-2.06437205480319,1.3941167193406543,-0.058440383302102154,4.299062580889282,0.5198451552977653,-0.12982916186400884,-1.3975947150024206,3.4468467678421866,2.671844716976365,0.09407873825122402,0.669620345581199,-0.9835220953311509,-0.1995669888866652,0.37453989958676454,1.7901719158033742,3.292135983995885,4.955594868177287,7.30127778413337,7.968264283887327,7.212975136851594
10.697449777384545,11.434196072592865,9.847850120917132,9.089130152720841,5.398722476192987,6.612839836836083,12.893921517400733,-0.15286309275194498,5.537666886604249,7.746068628228643,12.210006782956736,12.205879115010378,-0.2114602143110969,-0.3248450963666891,1.398413532474469,1.1352565286552194,0.3245813542876745,-1.2314374469322749,-2.4146708972438056,2.1216518269675646,-0.5706844889358891,2.8998193650199102,3.8584966124645192,3.7324031443227335,-0.05571652060587426,2.0849050626884345,1.5339715804116625,2.2642231720904005,-0.4587574997823383,1.8661765154779013,5.622436962266662,7.3870152491124434,7.815973502914575,7.566363352452844
11.394798051057615,10.568747803156594,9.47415151882154,7.756828832433732,3.8803480256557505,2.741953297866809,2.702981809161421,6.754206506063679,4.673680228031173,6.887846060292022,6.849192848637398,12.61171410449296,5.3634052549396065,3.6992389231668064,1.8229021627283728,2.931654004517434,1.9121320599073104,0.5654810996476294,0.43161308804092163,-1.6628870981877677,-1.0942633191928721,0.651087866181298,-0.1672873760770998,3.4417912768917915,0.5817419526731453,2.0320465282311115,0.7282098416782208,3.566578447246852,0.1016985447652832,3.2775649848984574,5.622380664009429,6.645523876656796,7.8057867331606134,6.9565944316332775
11.763429580385967,10.759311438280967,9.258631646967405,6.419944520307301,2.371865295602708,2.5872352215098267,2.7768277697871215,-1.311885978484258,1.3049962392732926,4.532351196561114,9.586384916680545,11.91470423640701,1.7325066140725216,1.616717626213362,-0.28812273039234726,1.5982998637097445,5.085715048547325,-1.0385679492871807,-0.09552614518518775,0.5090911174250136,4.302293048572725,1.311392670652245,0.2829603685527648,1.7641711555086703,0.41321309281914137,1.2220179198342611,3.9267035209228927,1.072667222983556,0.4112736928893674,2.978006187180431,5.163120040053971,6.503729802366356,6.275494568710684,6.047632290502284
10.660674779132627,13.461366999193464,9.780563980644471,5.668376328784276,0.9471402496695458,2.739638220165575,4.909636448123995,1.5422493448226247,-3.106458421565879,7.646407414522878,12.204697026656364,14.453455377465787,3.795387970839976,0.5375137022329646,0.9749793240897467,0.17739848029561878,-0.6193116266832264,0.06444872044788323,-1.1316736784387795,1.1560636788406953,2.517846842606573,1.1119476501963441,1.9729755430969047,-0.3268458969514599,0.9398517276290058,1.0623102735160197,2.4698560621583954,2.925541146558415,1.4885253702743522,2.238907750593729,4.118328875912049,5.480828487793679,4.860547845420902,4.336745644594354
12.152336928146484,11.001234318213575,9.334813563380852,7.28039944908986,1.7001378792413144,2.269292917090001,5.332396119779472,-1.291785561687831,12.868620523827781,13.78409507738992,9.492595514213505,6.932422713611808,-0.7594393103238098,0.7972024847668165,0.6646885434375559,1.461916533769525,-0.832422997126186,-0.07732010635277486,0.8297989164224955,1.4252506765470143,2.1438187039913745,0.8260943091403015,2.0354954490987898,3.2043402530782306,-0.7461482423556438,-0.34054523913840046,1.7165793117001076,1.8521195195034192,1.9463007354035318,3.6720123775424898,4.382144734943199,4.346780751053192,3.0721981727839527,3.549761272428155
11.477571993576975,10.89161509550547,10.157919430390805,7.0594759443435,2.2928662001159554,0.508459334756902,6.971661737891219,4.407215190860425,6.147708175675752,18.178485416434462,6.869429344874775,-0.2985046165779522,3.386070738046269,-0.02365729123133518,-0.7353942495772946,0.46634972819328235,-1.27020296483791,0.9284658838309648,0.1257913198946853,0.45605359326095374,1.2092102796815147,2.4501482444234144,2.6546857168782725,2.6360265967346423,1.8375368108746013,1.1973948658116829,1.0267646868596045,1.9238035965403668,1.3948140426588582,1.5908109304237223,2.596496102084935,3.9969711039528253,2.134682923498846,2.5400213426880858
10.85504462200606,10.395151134253632,10.48049230484455,6.907561485447327,1.931173498561462,2.141422457822132,0.09753515576166975,11.487161952949876,12.712985085789146,8.335176914530273,6.460722104397451,9.388221557415086,-1.517226641930668,6.765541065377327,-1.9707471153620095,0.3227539129745089,-0.61959372256761,0.7163787301252745,-0.5810381695925464,1.6355804900170907,1.2306831038425852,1.784284132576901,2.7711877881709035,2.882137577795291,2.0814070954956487,1.7202415178501846,1.5223956603827218,1.3694937917100607,1.2566710096392524,1.4326976045557296,1.7441345474461238,2.0183749485261107,1.7206823243706881,1.2579655985938534
11.051637438621679,10.867594948485456,9.510164395022628,7.24578260836319,3.427787826363322,0.15086729947052557,-0.7312193151018213,6.863125444021132,9.89515916582276,3.133682982173445,5.063030206209163,4.508031116015619,3.1132672176682497,-1.9689683143264343,3.3752857664026603,-0.25918696509065264,1.4078969419423422,0.924456581986563,1.9429657055004625,1.6523521466717523,2.343932170286486,1.691618929674717,2.4424106803932983,2.2669428964962575,2.5488612598698563,3.0476309864883446,1.755021712505057,1.5328261374728727,1.7675233939969675,1.3826071151060166,2.031505582665745,1.9514880076541046,3.1280149577447327,2.2905421669909165
11.063335302984271,10.961714081165512,9.602341586160673,6.904623927936752,3.3239094928097757,2.560100904505995,2.8165059799033783,3.0596264788085157,8.423591439584415,0.8988222548865619,5.215772565100004,6.987576203796257,-0.40414549422060175,0.8026598798181067,-0.638570487126412,0.4391614473533638,1.455840294553083,1.4727198977989717,1.9414504178159409,1.7208380425464918,2.4641530882697893,1.497778965360586,2.4984093333686457,1.9391043919284665,3.068668139671726,2.7993815296195774,2.6793747631988882,2.6009424243485526,3.1831160142767345,3.001404359278424,1.9108405084419342,2.746655763486801,1.6554219822075453,3.3420545264980057
11.28591794021374,10.21952641923053,8.94667834991849,6.4271505098559905,4.256108925201083,1.7021064081788246,2.3944406583733593,4.10608476085641,11.168753623763871,6.496112577617501,2.151405872162327,1.290607772867927,1.1948687582141002,0.4076060065928033,3.7853843418327977,1.2627805480704102,2.0696948008769143,2.383438515998431,2.4826163473776637,2.663641343329222,1.708719607809407,1.1073683731237085,2.225186414626001,3.272883940004807,3.372743441772508,3.3673164656147905,3.977910579367061,4.315812564754644,2.650757122139006,1.5706372072023922,2.203086724688084,2.799595051731751,3.8207632094317305,4.942821044502268
11.084246017874941,9.49723796723705,8.644070070453306,5.907360628723954,4.803802087772586,3.887034014103122,2.73073914990022,5.384362439771041,8.888697174953416,-1.7994372392566784,1.7963957310679692,-1.4205229967242237,0.40358156975285364,1.2124909293031287,1.8750163405257727,4.796862121186318,3.266333542126048,3.106775950743358,1.9312023580572955,2.407554435892618,2.1688167515436643,4.6314863148169305,5.950565872157438,2.8943086391845556,4.047911005447591,2.8884633741936825,3.6106760890874976,2.7715376536121608,2.187747052801271,2.4943096022301217,2.760726303501205,1.4586142112061815,5.122016818223802,6.901872121458462
10.338944191922856,9.227160416464107,8.312294611498777,6.383466274392638,6.8163832027146025,6.363450275008586,2.512687810014089,5.963366413033351,8.215586636759049,0.9489070542325895,1.2551384915899633,-1.5490653695458687,2.128660347779124,1.7228534919109932,3.8074126101319075,7.735999692505056,6.307420927162385,2.6340943209731025,2.46828160637996,2.16569428698331,6.551654839427944,8.005117339340513,2.939860280648826,3.2770075654145496,2.8457249669149234,2.261238436010817,3.0504234347048613,2.2942097478065504,1.807779575413736,2.7988104470098767,2.75251808945206,5.569212018768298,7.26684081559946,6.992442365059825
