script/wind10m.json
{"header": {"parameterCategory": 2, "parameterNumber": 3, "lo1": 3.000054539987559, "la1": 64.9999836372058, "dx": 0.5, "dy": 0.25, "nx": 34, "ny": 52, "refTime": "2025-03-23T18:00:00.000Z"}, "data":
[rows 0 to 23 of 52, columns 0 to 33 of 34]
11.072512927348827,10.91660448444221,11.11360283985916,10.903117038925144,10.626343077286947,10.653859027018607,9.78940340328583,9.299436442405266,8.457426567939454,7.644566993248154,7.176239093731428,6.7611955314344065,8.00281615450564,6.422422728971988,7.012169012537499,5.824105126501295,5.124134754124888,5.163325332243504,2.8833906245121788,11.397713616302784,3.1399355857106066,1.791233110742095,1.3910893722888318,5.428137969620028,4.313863962707396,2.0095673728543764,1.8731126256569184,2.9680434081672624,2.844585615147222,3.3044777837119192,2.1369080629894177,0.7241053116535643,1.8907893537368885,1.8088977012568301
11.45707158821049,10.9485498653499,10.534049498544787,10.739109839232643,10.401525449116676,9.17765312438332,8.803314202513103,7.579786979129091,7.046045111914506,5.880790558087479,5.9833543031853615,5.855305444603362,8.64510789785485,6.805857542208217,5.389687328087874,4.2693099111245445,6.024004607394819,3.1450111748654885,7.33414092276736,8.266026055100788,2.5404438221040593,5.053483122589734,2.3295240913776594,0.6579039405524488,-1.6001117539287166,-0.3303978064005081,2.683946553029588,1.166413675439858,3.119943055138451,3.856480756047279,2.225358609130673,2.48575554478462,1.7727034091535276,2.8334054477611446
10.801780591618106,10.33561300918453,10.777817998194578,10.28428236232087,9.314546715729609,8.4897900339838,8.233322518643432,6.662316608183251,4.62470008151679,4.228807655134821,4.639699614049986,7.008350478634518,8.307057122534069,6.302535106848847,5.879987334313331,6.699958867518313,5.888097996517424,1.8246269025754482,-1.5415417204233879,2.782849384985367,2.4472784056472223,1.7812231430628211,2.867695730092119,5.748282107075077,2.9629462486011025,1.9520321117994315,0.8619342214247565,2.428974251247619,2.4691017018704793,2.7789795767387604,3.7145236865958777,3.023013414698471,2.575896038438562,3.2488454139374787
11.187470624614772,10.284825385236092,10.83401490297726,9.98271241039176,8.592235245384646,8.383614675484205,6.889334267338377,4.824340500061375,3.4426529606026066,3.448254563194819,3.6077275561811843,5.775455192181085,8.513583756319386,7.127327527931371,8.165586337702722,10.246580058667947,2.7742397450678187,5.463771867932791,6.223327709097418,0.8796658546325815,7.924331984672096,6.320145062335865,5.255119692379309,2.00674594074541,1.3038578564087824,0.3754920810285671,2.7736369215488015,2.1113233547897194,2.278582952344321,2.364170837462661,0.980086975702902,3.201779147098267,2.8350117364264618,2.1222013100853023
10.014567801524372,10.986905372180457,11.160760533484263,9.29463975963715,7.775605194519223,7.2246180935820785,4.681655131212452,4.042547630976604,3.206374088397868,3.0362258654986047,1.8647143505873849,3.9700781995781473,7.2898280574938035,8.122694370746842,3.840204303581498,7.846931713954365,5.207405556705424,4.075766541672289,4.941731130381339,5.572641965399737,8.59799162388105,2.7453099005977952,0.9814395714210746,3.0656790496347632,1.393271370488854,1.4740297549705146,2.0620818301646917,2.084116385218269,2.5297043801225914,2.7709318750496603,1.3409142337958497,2.7541619869261695,1.8871542835792876,1.8085418024556474
10.777571696737867,11.425325872781457,9.74536405238026,8.077077872886164,6.505372769411191,5.509934843486069,2.8957130471016357,5.282518363825648,3.7604424174974693,2.086996956223316,1.9988043155933766,3.6106751977716347,3.2800424525503837,7.764450674261502,3.931880935910722,4.30671212587013,4.013461052827937,1.769274757536778,3.802157671573761,3.8425126926379813,1.699818637167639,2.3885553017721124,3.21826638013485,1.2342520182486996,1.496017358039353,1.5920482266101448,2.2522221069405997,1.79446256245523,1.682179010782389,2.037019262253475,2.330046893677856,1.8197852455816874,2.0510185411306368,1.6481958128484688
10.641048946674788,10.861385373153947,8.537978314655708,6.886717612577312,5.082687525221666,4.40349032761628,6.154968666518794,5.020156591917993,3.027969935330022,3.426374560223345,1.4129880848376175,5.28921107082685,1.4861097347371264,0.6586023312627167,3.162176608730472,4.977832183404389,1.3599198513853137,4.492955936407113,2.2854157262663035,1.288131533858146,-0.8178402401322327,1.2344154824903266,1.9765524703361366,1.9097520907630214,2.8443997106197334,1.608856802124212,2.3416526101427904,2.12300928656283,2.430184822992342,2.4558743314701514,1.7502103177804766,2.3456766458718397,1.454940163630645,3.637231679376037
10.31562272374574,9.592522420856643,7.1959264846072335,5.7339725404808695,4.997247948272825,3.108036974217628,6.798729517650291,5.813425331722916,7.7412034126925535,5.103698816161619,7.025660855810085,2.629162689002203,1.4260534989686615,-0.7008925311335596,3.737119446853633,2.9397257440382623,-0.202783404289083,6.472255437831925,5.191133562404461,1.8740920728453072,0.7359364526306356,0.781542251334102,1.5755662260721048,2.0436738193439994,2.141815628996333,1.2467587691386148,1.4808488230973218,2.6472166485567774,1.0485913376547196,1.8188636626413646,2.9797012543471117,1.5140848141650685,1.7588260079385294,4.030028854348241
10.149940021513839,7.979168410430882,6.681817202195501,4.468899013518252,3.3224787135796947,3.051377310217956,7.179239726675823,5.353661763032111,4.297468071018159,3.498251308326106,3.8694861662665008,1.6974424706078195,3.223842525949363,5.604559909732681,8.065739921148488,1.3071325927536077,3.9642809452846732,10.46016015236561,5.889541743655748,4.485780586110739,14.032627004655607,7.865022880980234,3.362256688163084,1.9216533183066076,2.6642049978131657,2.133709511501481,2.408613747316685,2.1451891943376924,2.0515789040349746,1.1141709642825115,1.5138002884821617,2.5508934607573996,3.9763146977589523,6.615167688423448
9.741707487453688,6.324858711865177,6.015870784683805,4.512605469889042,2.5228555591063397,7.16945809938577,6.440617151021812,5.952381585065571,2.8188160200077803,-0.8307784114414161,0.535428513093383,5.020414338429324,5.448170048906543,5.959673471726738,4.669126849568141,13.965720545435598,5.95836261705785,4.660681741507836,1.3841409121058348,2.0449815680913277,4.23329276851633,2.7741443458449293,2.1932861355374533,2.9019591795579824,1.8928750314862341,2.3968671650563547,2.5536623121937247,0.944002910282514,1.8142435836835318,0.5574896902775812,1.9572790955644017,2.8651849456315666,6.1789069465390005,5.40059059041613
7.7740755513858435,4.719712513543331,3.5686398871065528,4.239146253139187,3.637835915889692,4.849887937585873,5.738048165485896,0.8116416306426205,4.011048248511103,1.1646902882918793,12.298819177503532,9.674958260809767,8.4909578996503,4.985348764917553,8.945033233305518,5.9006864729940665,3.2179353356236344,1.703860881171536,4.3374522384059935,1.915747140260628,3.3262052800018904,2.838395158328346,3.3901782797684983,1.3726058724525467,2.401770379493692,0.2934728945014739,-0.5403900779683672,2.187508566148554,0.5974643769562521,0.3789451795869279,0.6924871559674081,6.2629921430583675,6.1224435115624605,5.650721419898564
6.028651344880531,4.211209865772255,4.045465743106115,3.7482834619939402,5.698615759689401,3.119365332007973,5.303750490055838,1.4021239462347748,1.0161000961901983,7.640791124914666,-0.3597587085258254,6.801653425535327,4.0175522238035075,5.0632040115896935,4.102150167854883,1.7485806650925535,4.248428824058069,7.416160322526572,5.615567029988205,3.770840118626046,3.1661932781205797,2.324781709292011,1.8771444924360923,2.5792110650511497,1.391959418521592,1.1219465836989775,2.2457012916310144,1.7855702913517288,1.293161054019113,0.8769364404854322,5.781782358085918,6.68422169767313,6.474903287787202,6.463338456884793
4.258430078811793,4.2120469582663285,3.7686034666555854,4.1841884659092665,3.7881562850478656,2.4108601841677095,1.8825631733023271,-1.7906291480309606,4.753101392759321,-2.260551353959663,-0.1983043952637552,6.860956791546358,5.612566451656684,9.758496040830561,6.988284124624306,9.948626190601424,3.9441920092693357,3.317234127805436,2.209732055953315,2.018266101310899,2.77565079239182,2.021098147723576,2.5236176797338765,2.1357480726507623,1.9175874358870948,1.3539983924771686,0.9543726263360657,1.5424425887405873,0.0410549337318839,-0.29138445403454155,6.2806328240944325,6.769389849615592,6.628846860873767,7.3466925273586074
3.9963170673967032,3.0185568582114186,3.926774919885159,3.2190160159024463,2.754907447872212,4.77767102276605,7.3961980248520325,3.8534255555166848,11.437703859223653,8.325494552086376,11.334283437475813,8.08585777211296,2.741368260327649,0.35758704418072423,3.2033765827092897,1.8893808271923014,3.7053363858123674,-0.4088195667194111,3.2235816383765608,1.7934718331061998,1.5287509246914883,3.7031556415987814,2.1843537011387384,2.294548748247485,1.4477740873398555,1.6071053440948049,1.05851957417527,-0.6014214720299659,0.36791786736582266,4.049137864215606,7.006386957853424,6.25048968964821,6.380785510630139,6.835985427887151
4.033698004725522,2.828622561367271,2.753796979797665,4.343198381679,2.6998809846973053,1.548347658059954,-0.36943078403637564,11.291177664122738,2.805899095055148,0.9691941520733977,0.36800634460593584,2.8299782316510447,5.414578680364708,3.5332724705905916,3.321575223944031,2.0925494415988966,2.2093071145989516,2.3193094510480914,1.8026530695102567,1.0641322295672015,1.8716695454507715,1.2679719702436498,1.1685171239080074,1.9405586871664267,1.7106505770212357,0.9559116664485675,0.5789804432943398,1.6473535849873202,-0.22465432704915536,6.861630444018838,7.735856315461292,6.050926011251231,6.599914484092245,5.5815311521380115
4.166045595531218,2.4936399026758163,2.3154361608135843,1.0936107984549397,1.153912139356536,0.4094869528663283,-1.577794936699839,0.7845338836072459,-0.46704572333096717,-2.3332183852610746,5.487139181274208,5.115193061317129,0.6839129703913215,2.337966871515534,1.4060099981863112,1.1458504879700937,4.1461656562588445,0.5523651696813414,1.2779154059590123,0.3589725175320623,2.4073582748882747,1.0882198762242201,-0.5190934887017942,1.1260556843001563,0.5370928588892672,-0.0037169374508720507,0.0670059726177604,0.07577292392029412,0.1881563619920615,8.625138342066274,7.012345860126638,5.51594809473266,6.507843219096776,5.501654155295808
3.8741950142824666,2.085422713866285,1.926814028205142,0.48779406393298125,1.29348255589793,3.6859310657616597,2.7463328688926856,5.319709445289696,3.268057333709869,7.406752442080128,5.609402087862616,2.834491619652145,1.182699463899418,0.8166839954179012,0.4658396741220453,0.8862322499556637,0.6016280042859488,0.5078962521208343,0.4863828771038329,-0.7991876685713898,0.7403450181828933,0.39396581638397077,0.6173569176775897,-0.14104710413392796,0.5185034942884126,-0.6627997834285502,0.980086076590645,0.41682997083026074,0.657351788078418,7.573409490614859,7.020079066541307,4.35979870306609,5.714896659933218,5.448240879003971
3.9081225593044926,0.6204122712158203,1.567943222523837,0.5782635291223086,0.6704206370152257,0.10551269093014562,4.15152824217721,1.3555770598249488,7.923872450946953,4.635641509723918,2.5317875180404315,0.8306062508703399,0.8909177585040843,1.5304946502916654,1.1752946304010168,0.9778596981306374,1.494958279343881,0.6173556643790472,0.3321779484508803,-0.10250166445780352,0.7530219761459589,-0.1517659593010492,-0.13703411099078422,0.8006656140582831,0.7974530776119932,0.07310126383449436,0.747856013418744,0.34372128076286534,0.8545721172323144,4.609660718694361,5.354222740823522,3.2229966795323075,4.284595342021608,4.334378992242088
4.762464080620428,1.0738590880129533,0.2760668666576622,-0.1914292643765389,2.651750953112483,1.2343150665511053,3.083112994814319,-0.2050415026856796,-0.060692732237547606,0.7049264684751761,-0.7915029296931693,0.9997356908509748,2.290850915721671,1.3298198775291037,1.1436125239432162,-0.8478110166201416,-0.9846708072926031,-0.012638989017588644,-0.9392306821642904,-0.4785905357673068,-0.550853694260731,-0.5012157788022026,-0.42714724299856033,0.6199330285514627,0.9284712052996912,1.4699060324857165,1.6628809796623296,1.8586825101475635,1.6432203204956892,1.4284318096182627,2.213320542430417,5.218186047157114,2.920937663495544,1.8565673337645134
5.240976948815055,2.566909664239014,-0.8919061194115294,-1.7762866256760568,0.7394443809120664,0.43241918758773945,-2.5933463768386473,5.612461377589479,5.163561033009992,2.3378655774759443,2.1173095172658654,2.299713833631408,0.8789038987588538,0.06723795273090741,-1.0407618904493139,1.771722787004407,-1.9262949143897863,-1.1246583972644093,0.9544398430532192,0.40903308471067557,0.028699089761003188,-0.568018043942676,0.3271457204495051,0.5114130669328993,1.6644538654379943,1.1173668971651847,1.6221990919997962,0.8149913729464981,1.1373162306462192,1.2338261208336654,0.9151710717696564,1.5877413182908144,4.274400423296598,0.8472239946662401
6.15284008281036,0.9353289249826423,-2.8779611585669755,-2.162259966711706,-2.9447607762600443,1.3249855518700535,2.1835696507380415,0.419053853058313,6.038282316064582,2.8029169552917628,1.146758851754485,-0.13462818247409142,-0.3913447954873037,-0.5500717799665474,0.4358406796039448,-0.4582430192347508,-0.7460331273765695,0.6639046723792945,0.23651728180342735,0.3609743977831953,0.3006304137576676,-0.601852189733356,0.5954109741033133,0.7380606322274661,1.01244908266065,1.047786753175189,0.8429544712841335,0.8965580504649261,0.770585054436504,1.1053935534716177,0.9547938409578609,1.0219883966275198,3.1163611388478025,2.4925617141380254
9.155779384980704,2.7089614116380596,-1.6382349154468696,-2.059248668491931,4.346406661914545,1.587770277019532,-1.6239469205960586,-0.8871966279706159,1.7781336269281933,0.8894871949060039,0.5550357225845298,0.8441789839803073,0.9064834898747632,-0.791564833959127,-0.44288633599618465,-1.8906040735812903,-0.3625517269385573,-0.17741902343961805,0.015633923536775247,-0.5066560899981217,-0.1015243371318995,0.7073920737760495,0.3488022153796672,0.46312998671229827,0.3124019839119404,-0.2566888220695919,0.6718029187479416,0.8800449378041275,0.36918458391961945,0.483969261373199,0.4732486518186918,0.4471524460741245,1.068789809726857,2.3277815623802347
7.451730422638882,2.9016577968149795,-1.758994891325695,-2.2964065474834667,0.632419429610018,2.234563678732168,1.5069555091166638,-2.689365037421003,-0.33617430682242544,1.6862710654862345,0.48243755393223636,-0.6008998356859829,-2.2318882343808997,-0.6673716237606695,-1.726676293060284,-2.773946701267761,-0.3888118649231726,0.07528982928029473,-0.43159638802153427,-0.4575113327909369,0.04339656052820379,0.6289481329115805,0.4070174990600294,0.6841949503714034,0.5291034126159186,0.5640368719598547,0.18225086590954778,0.9612162910698308,0.6295466935236191,0.8967954412714408,0.520427750697123,-0.7593913457282684,2.188302887302647,3.34231317992144
6.550525906052689,6.212775483876508,-2.8347076415777503,-3.579664842984214,-1.7684981302137484,2.486194361351734,0.09770737165125519,3.8745611182781787,-1.1198466328476975,-0.07782871602849259,-1.070615512393652,-0.9562073888065592,0.11016325946320471,-1.3986786544409748,-1.579095679954485,-3.8687281450584576,-1.018343303754736,-0.16234385653806693,-0.11700415657050835,0.495433108852225,0.8808726036405706,0.028391333039777512,0.4762695095466459,0.6582312689577842,0.27197483460799854,0.9033081227973312,0.182111330482819,0.5572354707116606,0.3352565086804025,0.6399869978365021,1.0239593619430014,0.36788098551688686,1.4636126539046959,2.959806308589434
